"","ROI1","ROI2","ROI3","ROI4","ROI5","ROI6","ROI7","ROI8","ROI9","ROI10","ROI11","ROI12","ROI13","ROI14","ROI15","ROI16","ROI17","ROI18","ROI19","ROI20","ROI21","ROI22","ROI23","ROI24","ROI25","ROI26","ROI27","ROI28","ROI29","ROI30","ROI31","ROI32","ROI33","ROI34","ROI35","ROI36","ROI37","ROI38","ROI39","ROI40","ROI41","ROI42","ROI43","ROI44","ROI45","ROI46","ROI47","ROI48","ROI49","ROI50","ROI51","ROI52","ROI53","ROI54","ROI55","ROI56","ROI57","ROI58","ROI59","ROI60","ROI61","ROI62","ROI63","ROI64","ROI65","ROI66","ROI67","ROI68","ROI69","ROI70","ROI71","ROI72","ROI73","ROI74","ROI75","ROI76","ROI77","ROI78","ROI79","ROI80","ROI81","ROI82","ROI83","ROI84","ROI85","ROI86","ROI87","ROI88","ROI89","ROI90","ROI91","ROI92","ROI93","ROI94","ROI95","ROI96","ROI97","ROI98","ROI99","ROI100","ROI101","ROI102","ROI103","ROI104","ROI105","ROI106","ROI107","ROI108","ROI109","ROI110","ROI111","ROI112","ROI113","ROI114","ROI115","ROI116","ROI117","ROI118","ROI119","ROI120","ROI121","ROI122","ROI123","ROI124","ROI125","ROI126","ROI127","ROI128","ROI129","ROI130","ROI131","ROI132","ROI133","ROI134","ROI135","ROI136","ROI137","ROI138","ROI139","ROI140","ROI141","ROI142","ROI143","ROI144","ROI145","ROI146","ROI147","ROI148","ROI149","ROI150","ROI151","ROI152","ROI153","ROI154","ROI155","ROI156","ROI157","ROI158","ROI159","ROI160","ROI161","ROI162","ROI163","ROI164","ROI165","ROI166","ROI167","ROI168","ROI169","ROI170","ROI171","ROI172","ROI173","ROI174","ROI175","ROI176","ROI177","ROI178","ROI179","ROI180","ROI181","ROI182","ROI183","ROI184","ROI185","ROI186","ROI187","ROI188","ROI189","ROI190","ROI191","ROI192","ROI193","ROI194","ROI195","ROI196","ROI197","ROI198","ROI199","ROI200","ROI201","ROI202","ROI203","ROI204","ROI205","ROI206","ROI207","ROI208","ROI209","ROI210","ROI211","ROI212","ROI213","ROI214","ROI215","ROI216","ROI217","ROI218","ROI219","ROI220","ROI221","ROI222","ROI223","ROI224","ROI225","ROI226","ROI227","ROI228","ROI229","ROI230","ROI231","ROI232","ROI233","ROI234","ROI235","ROI236","ROI237","ROI238","ROI239","ROI240","ROI241","ROI242","ROI243","ROI244","ROI245","ROI246","ROI247","ROI248","ROI249","ROI250","ROI251","ROI252","ROI253","ROI254","ROI255","ROI256","ROI257","ROI258","ROI259","ROI260","ROI261","ROI262","ROI263","ROI264","ROI265","ROI266","ROI267","ROI268","ROI269","ROI270","ROI271","ROI272","ROI273","ROI274","ROI275","ROI276","ROI277","ROI278"
"ROI1",1,-0.151206641818124,0.0603352663320404,0.301480671250794,0.630654918591793,-0.0888329375492225,0.242847832869712,0.436157964147745,0.355962025902968,-0.0288516591716162,0.177274257694071,0.187315280389411,0.100190569910495,0.167341073960587,0.230659617355851,-0.00215458686772784,0.449965475054222,0.146554400835849,-0.0857863082973048,0.53289351133837,-0.248252877541037,-0.0504395461070689,0.208846502321184,-0.265609113443625,0.0750926575939152,0.0194823515650725,0.426462964486472,0.398994569099047,0.32617515123011,-0.0487340982611872,-0.0394821375240952,0.244433017369913,-0.187097647482753,0.295353709456842,0.0566025423020557,0.261201493772507,-0.129616058649309,-0.0102694375364497,0.282021642847682,-0.0406475586091428,0.330752273282474,0.121456008704542,0.223044394977504,0.0604649200122575,0.311177872016258,-0.178245189705482,-0.19523078552258,0.00519909611367862,0.194787545827946,0.491350622644236,-0.00312451233145898,0.26473311336935,0.19357231443811,-0.0828313009841228,0.22805552844071,0.293144715385399,0.477259364666472,0.135464788812658,0.466188041099433,0.20051099710739,-0.0352883499324264,-0.157037404063135,0.358172693127839,0.504688921783609,-0.137006166149088,-0.201063418462523,0.207590887022683,0.0806373853064821,-0.141899055475988,0.219893429915822,0.336684026994526,-0.211647787104055,0.0560940620365042,-0.0585207882474807,0.00815166313371252,0.0555906120162572,-0.0822160951570939,-0.146305827832197,-0.0278656508378706,0.343345889921804,-0.261864360395995,0.475190674197047,0.579049349564264,-0.0518669191805067,0.616586098471447,0.0777580668015171,0.184860449450843,0.388541011847289,0.0801180022897428,0.245512308055345,0.160082421738489,-0.022569927650895,0.469536062068437,-0.216036584563858,0.281054189550709,0.201657455984537,0.0405289848910968,0.35508194826619,0.235570946199732,0.219272633500316,0.169602860006445,0.19373363893577,-0.0365406351572252,0.111201913621356,0.267292983384176,0.165401286977955,-0.0191681521139708,0.138491727571372,0.0563386867988761,0.06301828811987,0.22010345260129,0.172290278546074,0.0862273791312272,-0.0973427501666118,0.126136511070975,0.586985187780264,0.162428721229248,0.165372098765565,-0.129097286980736,0.170602219635552,0.0711397879395202,-0.123617933499667,-0.069837864037379,0.165168823061693,-0.140021590364121,0.0955438913788865,0.0354104983442457,0.335200986035166,0.043269323721864,0.0522633222837039,-0.181835561411638,0.0784968415380685,0.207110938271436,0.237961835613994,-0.18635268793943,0.0822606088603388,0.0385816394283464,0.0343402962497463,0.443591632488603,0.359727434868052,-0.0309563212313082,-0.0352105988306064,0.294315524276974,0.0718775063491372,-0.149904717229057,0.2574987792424,0.0920075458832262,0.357736189667338,0.409076368535963,-0.00801530446605135,-0.032638022649451,-0.144211732414178,0.183785705347619,0.254063724671814,0.0839725723991079,0.104428890889835,0.356524975988631,0.244501475442727,-0.0414506674016528,0.058153000288376,0.163603715956809,-0.0440575096400107,0.000176578862420089,0.164117304835773,0.105597037623991,0.377282622414078,0.186933485156607,0.179310536664938,0.203853668223821,-0.0283663346299837,-0.248631378786779,0.417217873259037,0.371060337115926,-0.0281712001289346,0.043693293382597,-0.022206185245778,0.139285671405079,-0.0599445834005066,0.097825242143766,0.0900911197249656,0.0461213413141198,0.0131460317596377,0.234407428944652,0.213127091968445,0.173436814498907,-0.282449419362171,0.00401782082916032,-0.0988954823250261,-0.140648300089849,-0.0380282546775305,0.148118707952802,-0.2412494894799,0.0104172732003982,-0.233437794899995,0.489823326978762,-0.23620326895324,0.0986362703690551,-0.0135154689836437,0.146244231172864,-0.0106393637195401,0.0323625070222753,0.078357609592867,0.40475493215658,-0.135117639090756,0.211483209783752,0.611233354025396,0.387737285250697,0.00643415152469825,0.286660186269039,-0.0115938733063733,0.0783109824905713,-0.0954257340480116,0.144931607403152,0.153536658829551,-0.139936335898858,0.172325917510496,0.0243498881910348,0.366597957842992,-0.0719448615513432,0.0144182957017767,0.0323716499294929,0.318124416782796,0.061976639320919,0.191838553015045,-0.0872144263915668,-0.0493251183207022,0.106995883234034,-0.031562231240084,0.072942889038714,0.150214589077564,0.099460093607185,0.27241442660973,0.0919335513230774,-0.0414812081692172,0.169825622681745,0.16155853811633,0.365714574615699,-0.0879859855926706,0.226974945634001,0.302491547573346,0.0810448268693997,0.45999503085772,0.184894093508136,-0.105625805668606,0.376334669404851,0.302375160165118,0.235313427930908,-0.131687243766506,-0.177253891672208,0.00527356986913776,0.00546407485182335,0.0291992499048801,0.258123662576744,0.439950243447106,0.354857002415613,0.158580314863869,0.146785944459241,-0.314373604921629,0.0844244056251149,0.183371858483802,-0.0194848421705625,0.295866170101093,0.0196736029974871,0.360888197392806,0.00598575576553399,0.0222548826631092,-0.0455557089843196,0.368146865982435,0.420930591986707,-0.00438083268649327,-0.0879106714852389,NA,0.165401305291309,0.0851105775346883,0.104012422299783,0.267367232459406,0.530167212482087,0.297547865248173
"ROI2",-0.151206641818124,1,0.200511911540235,0.0129973630184485,-0.120599165737813,0.502814946720761,0.00362018379317386,-0.0729089126410417,0.344977372921355,0.365679312682998,0.167663336182925,0.17264632406571,-0.0716061032014602,0.0273235070045491,0.0697675218579449,0.472296618493071,-0.0718007490401884,0.0440439598535092,0.177485641094924,-0.0318894410573595,0.552237966318764,0.363247181079179,-0.0466712851195334,0.649591358623241,-0.108972473504055,0.0629888964098268,-0.0910369130621466,0.043360323830553,-0.13567261643441,0.100524174693483,-0.179252730568919,0.156773124602465,0.61613250646268,0.0835176260637038,0.470379672282708,0.190094735627755,0.3506550809556,0.198366163240587,0.0433620791227253,0.547659476553244,0.0265557735528588,-0.00112363012271184,-0.033042599000756,0.346355714446054,0.114303986609513,0.774328048075783,0.489697614100434,0.17978638520701,0.224105692626184,0.0998818032640829,0.412221220312495,0.0851565853956752,0.0219211094959567,0.404820795313236,0.00385817962145763,0.152863297642602,-0.152408215576358,0.0161636721076122,-0.0978336800637403,0.293185303673059,0.146245665077918,0.478343281462323,0.327451614544797,-0.0235899220804028,0.0717451239701056,0.333949768961768,0.0872467092757457,-0.0140145113437504,0.552998188808248,-0.0369553450906817,0.0463895965423755,0.815115273314933,0.317975890837645,0.404024384987563,0.345851511552715,-0.0816863267070758,0.102482686387573,0.499535098109089,0.176228353808054,-0.104965661977415,0.422165918674745,-0.116099021504144,-0.120029323261102,0.177971829629865,-0.172076769255165,0.453643962678914,0.184187584286924,0.119049185753361,0.0734101458393098,0.0605653737114405,0.10276897952183,0.32343453246904,0.0437375519129461,0.656805584106595,0.216967281321651,0.26290531004654,0.0623212962479902,-0.0687643445936889,-0.0776615852961866,0.270060251585826,0.276535960778137,0.268384425123978,0.256817368861017,0.187128131158549,0.11835969981245,0.0150570175613885,0.687981990294521,0.155106389764317,0.163156347832098,0.385560379200443,0.301621063851247,0.136126681113998,0.12760871568209,0.220735806740811,0.125444298843271,0.0596820050085537,-0.0117193738972794,0.155386543353913,0.240172046626313,0.132949809129545,0.0953633702733664,0.563095314354406,0.183865623126789,0.368144538564863,0.631190566321603,0.382047570998197,0.0781273585524949,-0.0160357485482657,0.218688554794621,0.307696342186589,0.597512997829229,0.139972467563512,-0.0786164562751846,0.222368392144652,0.51456306710709,0.176664757606913,0.263635927661694,0.312925259662449,0.0273029237889388,-0.0126158652219935,-0.0351123800833872,-0.120675454290076,0.215016647117309,0.0624379597757601,0.410089909357282,0.175733961056002,0.428104279387151,-0.0458279377990712,-0.0587416466447378,0.137808361036591,0.218767726792165,0.486919816268812,0.0555489695536336,0.119650773465664,0.1810994597059,0.049774240810476,-0.0581674903394964,-0.052539059631081,0.0176010475176424,0.433984933420371,0.0752734442178307,0.264651372090807,0.267278739897907,0.232300084519207,-0.00248663183159131,0.00484379531549966,0.07967296150449,0.0480545112778284,-0.027656616014415,0.282426069154886,0.363393906826615,0.122555277502891,-0.0681961226492292,-0.0847602036151812,0.112886986909127,0.125921462614613,0.245174165130281,0.0396082254713682,0.373817388857115,0.292770465984273,0.13985173690818,0.359880365549969,0.0253833430461686,0.177529714826784,0.0123934516340736,0.506252244806,0.445575220798333,0.250894270012282,0.391434975700881,0.280340880434253,0.157730710319396,0.494920733571772,0.449374614879363,0.634515491871523,-0.164992515740538,0.159157869336754,0.243987561674962,0.147073144059991,0.00116980265714188,0.426065309535138,0.509432161462844,0.0285362208894735,0.0670693387620175,0.508776698542339,0.013570603828735,-0.0638925542805826,-0.129421790324659,0.137464736788715,0.18973085465025,0.330983920525728,0.144530569986074,0.420857706512399,0.0740019149140151,0.208645323103609,0.261520504700024,0.104260476967877,0.193251911079221,0.0616320945231677,0.2092077701927,0.20140442794316,0.429968256744911,0.029820746022034,0.144444534004977,0.0459992695875814,0.354037450841354,0.592730285305597,0.128659641224235,0.456643104017144,0.202718942253494,0.0810966336671129,0.0109720325714341,0.173979999211752,0.229170543499498,0.20312649000374,0.0313042140193485,0.354752351092461,0.00997355174454937,0.367165001060789,0.13092949600777,-0.195262273758081,0.111830382769314,-0.135198760359279,0.1767941770344,0.114337829284308,-0.121844029886267,-0.00721349465190835,0.163823413262555,0.546114434828208,0.54142972478642,0.319271676480814,0.36005378954178,0.138780815985082,0.101691475027626,-0.104585674818614,-0.0095370649692549,0.325661723587257,0.215253253529571,0.561748478435525,0.293777095978166,0.0608254658288572,0.0261424584993751,0.0433481652296458,-0.00698273192169302,0.00944583807624414,-0.0215830491247162,0.020938445210406,0.497360075395574,-0.00168091176833934,-0.0945781983666559,0.0847284503779343,0.2470270043319,NA,0.00354933483491646,0.297066061160902,0.197625063550262,0.0310552288707339,-0.140369349597708,-0.0152661525814991
"ROI3",0.0603352663320404,0.200511911540235,1,0.0908954898000854,0.0646497642821121,0.191627813885679,0.050845771209308,0.139295788879175,0.244429045781538,0.236458832500179,0.183692876353864,0.144370693960194,0.109740587478194,0.172569319660777,0.247287770210282,0.141571047262067,0.320306176616201,0.178066323538001,0.161853160090706,0.411727605839569,0.172546523515126,-0.211574331106344,0.103997871535562,0.276407181467804,0.00602488852471556,-0.039531134855051,0.180340779131571,0.141776590744852,0.210346929504721,0.132011311565247,0.0493837590083621,0.332007029307422,0.0285175907911268,0.0731127835216196,0.156258306593895,0.233225131904421,0.420803704238396,0.0875751888416127,0.346037156270419,0.386231553364069,0.140887125198126,0.183348722567762,0.303156356964452,0.0769442570487016,0.174418227754593,0.226941398093686,0.162526224134815,0.253323765494968,0.237879026700077,0.0869972343493883,0.334066038293341,0.220508445560463,0.0579331116833897,0.22622707607781,0.364793928375781,0.0917911414720421,0.208216823706647,0.274692451075757,0.199418419239995,0.348583888957749,0.0493088190265351,0.104228329660654,0.300978300379107,0.0657499418192098,-0.439939662887581,0.0799185867684303,0.211897907674201,-0.0273675299557337,0.28968523738131,-0.391018925806671,0.169078186715781,0.13126221394228,0.181922568823973,-0.0277265839905601,0.333354654562747,-0.0846003691915656,0.0815147951499785,0.0969006731297121,0.245284156049707,0.248504322003309,0.170579322458055,0.0352832504099301,-0.0460214143460142,-0.0265261401056813,0.104443216009693,0.05941187219889,-0.01558843937964,0.0541409458540181,-0.0891656908234891,0.0134693551902909,0.391106171201504,0.27361345074643,0.210126221965164,0.259318410003499,0.370998398807737,0.0133043681881511,0.042298738295044,0.158781478932795,0.053483727407305,0.252982492945877,0.269017199306363,0.0159624742571412,0.209076626581871,0.207988991880922,0.170783203839444,0.134852910734818,0.136078725307847,0.113332606363269,0.215270460172784,0.200742112244154,0.23226702874387,0.103750372871187,0.172224811434245,0.0231066851701023,0.198613032448154,0.326146881011196,-0.0243778781395992,0.352576938154409,-0.23143878173842,0.217102418252124,-0.0854399059427401,0.3630199988588,-0.0141799145625677,0.419437659136993,0.26654459542886,0.0555648778716787,0.0328214496470517,-0.0358235869579537,0.0439408585590699,0.298612106316425,0.00102814042769765,0.183441438197313,-0.0261588775032978,0.132534771407956,0.267203615471975,0.158686186112913,0.292824560762929,0.358691396033031,0.166500349808177,0.218012326932841,0.106855843966786,-0.0774113986969182,0.170191045617373,0.186711277764976,0.13644691532902,0.246068310301378,0.190407099756747,0.250639820877638,0.128478000446209,0.0109568508846597,0.17142612083738,0.0357922024155718,0.0897564359782826,0.151959086696847,0.164168747295143,0.0717680191862919,0.18194778345935,0.0371606428834722,0.0836245962678953,0.261900844771422,0.218328270571574,0.0293540084908725,0.142365898592109,0.206018791035234,-0.142218703509087,0.207715365142332,0.0872445170213058,0.0333461303141369,0.420899213708281,0.503765559558638,0.237530183089662,0.15624974307499,0.0271651287020403,-0.0424372075160634,0.0362005850050994,-0.135434003290473,0.249209624858637,0.0537047894132633,0.245844050874239,0.298717810976017,-0.0273973706334518,0.378616816698834,0.247794724538207,0.153832012937251,0.247813085152739,0.187943391453438,0.187574280696387,0.238350944262514,0.23331949136409,0.14727462256163,0.222919417888225,0.0994366278579855,0.101518977224965,0.125992294682914,0.193964379349541,-0.0558972190474147,0.234010093799326,0.036043740150308,0.202723136038989,0.468103933875266,0.154848119593337,0.0293164052698799,0.0261202108092689,0.184884750602656,0.0196734090696454,0.133545347546227,0.0776346945375998,0.0744980208808906,0.0558123259133004,0.0511093950665486,0.305330401315813,0.0669539233120039,0.119089113194283,0.30793311628723,0.150960862053666,0.389963623277391,0.276168586809597,0.10773424210254,-0.0289564730280963,0.163657216824413,0.187661734425014,0.270213192943905,0.120956176583843,0.251529858957476,0.433540829155017,0.102477856249393,0.0456843280369084,0.106617488356499,0.214879816080567,0.308078812013614,0.152322075413063,0.160666136742816,0.174369296945499,0.119401470030602,0.0963488319740003,0.0888896854115684,0.0801237721084725,-0.0712001299692388,0.36384026324427,0.181791519528705,0.249723897536329,0.0885300487822938,0.146978203961646,0.0698985991613605,0.204999398706016,0.260403988383926,0.141900854101363,0.15217695924573,0.111378988717883,0.191625774320913,0.154627342198561,0.00371417037390294,0.151207771418268,0.0506549890315294,0.201670981557099,0.270021434503124,0.136658892625817,0.140490199869829,0.165705629624655,0.198817729205075,0.224892260909734,0.2026538593014,-0.00241457472226556,-0.0384319325553804,-0.333576738416521,0.151276957855525,0.25141295677836,0.196628866097063,0.112952280617956,-0.0146177368817925,-0.0997511272882099,NA,0.116928900033387,0.765688608185852,0.39344430095821,0.157587089501356,0.0948412574559242,0.22133338946065
"ROI4",0.301480671250794,0.0129973630184485,0.0908954898000854,1,0.392030428763123,0.0342788236587765,0.784044778577866,0.522022639295531,0.24934286303134,0.259429427759384,-0.0257308897974638,0.142523787923496,0.0633832451212671,-0.0358223359451403,0.633250215156668,-0.202541109137499,0.434770360987122,0.550958943294587,-0.0866577876120328,0.102017821318927,-0.122490772974766,0.138609871289127,0.567717958455195,0.0414108467637576,-0.031040741069769,0.339210614862942,0.228813153377124,0.821566078397171,0.692874228880292,0.0361624268901651,-0.0820281404501393,0.683111681064871,0.107814533977596,0.675291157627832,0.325270190640585,0.456426920086746,0.019002604225748,0.171166727009983,0.421708710913583,0.200058332763459,0.125183900064941,0.443564003129222,0.00545476793396841,0.413238245448179,0.609893054195053,0.0747054593140282,-0.121174106873446,0.44027557427897,0.173635942600005,0.700933092755299,0.253264265249847,-0.00994398052768568,0.374747630249328,-0.00294222139200496,0.437672372121144,0.442015239803318,0.493021611070618,0.234756688335703,0.217484397479886,0.318375289981081,-0.200896292004065,0.305312402956117,0.24345993371314,0.352620436467133,0.0613707768813948,-0.164184858789465,-0.155503682545197,0.0914896859942351,0.0911965138347727,0.204029528954695,0.419306515186512,0.0167788659239653,-0.0929044016796683,0.0989158178937039,0.179292306096778,0.0318788658894456,0.350129508318284,0.119123710255132,0.104299475278928,0.53469283562771,-0.0401922510525912,0.103689395503254,0.320948806818488,0.416844942442621,0.595564191856501,0.14917889169099,0.331593634649557,-0.0145134374308709,0.342801230689179,0.103326022770952,0.155154777230586,-0.08976270969623,0.537494572919445,-0.0502895770339695,0.214321515528639,0.263097720046637,0.225810080837122,0.189763048277809,0.260158137204902,0.141017776275207,-0.0636237121988685,0.449763643543116,0.234018481287566,0.124886660233784,0.627058231076092,0.600360705175694,0.109761347165052,0.450122029058328,0.0830499940711039,0.123059648072554,0.0685730208922619,0.428381306227449,0.276139979478079,-0.0356651577852172,0.34374606303107,0.394399139059783,0.375911843499304,0.161974786871112,0.079677817112551,0.382103983625945,-0.0861838909345124,0.292318333438199,0.182733049348184,0.283759915395116,-0.0381189627334017,0.103182327667949,0.283603259482607,-0.0877996946435748,0.121768612935611,0.186657215649557,0.0733372785811547,0.414491739789404,0.325211503499129,0.0886101980620495,-0.127513352738368,0.413569974721311,-0.00987183905066187,0.0461463755622726,0.620414818386481,0.099482910533022,-0.0421985278012205,-0.0585041853790748,0.30528022621573,0.134105218666392,0.432837787946839,0.180820362175799,0.404638830731774,0.63074710438221,-0.0170940207001358,-0.0455189555893566,0.231410505195349,-0.0425140980333871,0.475219787888343,0.661424818319103,0.0281167072375046,0.346588349929414,0.641188096511008,0.204651651978461,-0.00324974580053692,0.184826634604168,0.0587700245883995,-0.128675984751791,0.185080757658322,0.191347552117611,0.362619383960876,0.423655573966137,0.208019220658973,0.124673515108727,0.274207595295885,0.254186494935411,0.242754136482373,0.476521981049436,0.141300900180171,0.0252280547374053,0.206503160094461,0.0332157994036459,0.340177227842753,0.224734316262214,0.217401703340468,0.141034804762386,0.38774801247092,0.254755900400085,0.556047771373342,-0.00833217670519818,0.611689491880686,0.171490274399274,0.276175682499654,0.141893847119888,0.365685378518083,0.330478557364582,0.447975228829119,0.330549543429315,0.177079674829452,0.145428711477079,0.240857511709926,-0.29507766227091,0.5958877246832,0.417261700081211,0.474684779233482,0.292586847456674,0.245827544202177,-0.0839209402955502,0.321499518836774,0.0139025006926638,0.427483978528802,0.416182403403792,0.239781712297692,0.394081992203926,0.230268963946512,0.555684104480409,0.0517365048135668,0.502941970984126,0.477599116205151,0.506048951065464,0.368642668710621,0.183906342187668,0.436431310659346,0.5573776560739,-0.0460736278713006,0.226449012714292,0.235464389871462,0.548830743650497,0.457801542595868,0.449023718675908,0.2739910900266,0.306292553335223,0.450035770721094,0.336951677356864,0.62094986530791,0.301510344722849,0.00768060896985456,0.328739211096695,0.29577128175195,0.511355748952741,0.500655281276971,0.133786750671688,0.458311667932383,0.277231726054528,0.305879890593601,0.395107685636769,0.417565370873846,0.495594464602073,0.352182125421841,0.275931029123873,0.481888904235465,0.435327665530926,0.448702137821837,0.346679536148522,-0.106871572966545,0.396543510851504,0.202287674419645,0.136418783509087,0.717666428377208,0.580670814711126,0.480062109759693,-0.114337004814262,0.0979092385944323,-0.0375480703853874,0.296953305047711,-0.0912745342140989,0.164851190780407,0.670121023388046,0.0787908158363142,0.494422613817804,0.245945781607383,0.478996162827479,0.320945733987696,0.518348467139797,0.159936418218743,0.503181647500458,0.211790517408225,NA,0.134628440641783,0.0832943791517959,0.43331485470223,-0.0622499888524152,0.430240581113336,0.637638421238311
"ROI5",0.630654918591793,-0.120599165737813,0.0646497642821121,0.392030428763123,1,0.0394050102968089,0.259703903284641,0.62620598962707,0.42791610890971,0.00197657076227133,0.330584854804027,0.235213764760731,0.0714049994068391,0.186031023369228,0.432983990362222,0.0363961220063487,0.603357162135843,0.409652779961687,-0.000641925132527809,0.420243270259651,-0.0476867981269587,0.0831168002411302,0.526814310666202,-0.00774682092369048,0.0617736651252304,0.129628120036329,0.475281989813087,0.486096030738026,0.407807038402654,0.0576321407831811,-0.00688946608328459,0.3881165094025,-0.0147758367341166,0.3373410149718,0.192454372901627,0.3111980496595,0.0564257369606538,-0.0608573931765102,0.351641204699619,0.12528390903798,0.450599815728766,0.303812067808058,0.106238562089792,0.252574516783472,0.489977137501008,-0.180637400466127,-0.124484829851323,0.173428393310048,0.263986963850233,0.559563117292315,0.134712914602346,0.377492812326848,0.352635271096879,0.0503175129434548,0.295185495294821,0.415211136831019,0.668920024753895,0.313356557088393,0.401337361225556,0.349808505993358,0.00943104926890834,0.0770510463958982,0.359319983587874,0.500164684907351,0.0366398204057857,-0.203644814555087,0.17043241019333,0.137797231883668,0.0606577506905962,0.16722585821013,0.479865555212669,-0.114932908663409,-0.000562610613402308,0.0253638368826863,0.186706574938681,0.0318398394830815,0.106286789346962,-0.121286383674615,0.0479039968176894,0.466405461150799,-0.00967623265586316,0.248883120555056,0.416603135593524,0.155410681051176,0.655087587244204,0.0357749997248225,0.389396311522193,0.293722795691922,0.094848581109212,0.321433722043464,0.240227531564646,0.1163862780345,0.556577615077397,-0.101678502647277,0.263345104781749,0.289761507284776,0.149616734309822,0.279261883438946,0.262737684101868,0.36486955308863,0.123368404875341,0.372119975399204,-0.0878684959884817,0.1998507275861,0.38343532671551,0.310371533460153,0.0622043531332111,0.281362570904546,0.0126339419283874,0.0113952535521398,-0.0787761578242885,0.27805042608743,0.200065026526888,-0.0754410618969244,0.412188451210159,0.534083488878835,0.228303668003556,0.378270817407746,-0.0205172912254009,0.345309607364276,0.133562930106368,0.0582672763066583,0.0417071517587406,0.230069788141915,-0.00720785175615875,0.047158374113307,0.131405537502016,0.158034662965956,0.0370944439688248,0.0786009726016829,-0.0785363482569988,0.206409291618943,0.337059244945721,0.0774510457615275,-0.0961905443606985,0.220530150877808,0.0543170476228168,0.195158471694372,0.437504710875362,0.378698812081737,0.106832004028803,-0.0787387548608264,0.283088807054918,0.134578411317502,-0.0023452304502417,0.346570807802451,0.155237122148141,0.479029251177011,0.245757272043155,-0.0573014210203608,-0.00716955730738031,-0.0920116746000377,0.2700363261995,0.386253614647424,0.285952527210729,0.26241509142964,0.540289667187817,0.375895231229515,-0.0952233251506428,0.162046607869514,0.206447011905598,0.0160508365689606,0.0859790228399682,0.267292830938895,0.199304356755597,0.501428578789177,0.421653753213927,0.207668774864055,0.344274059300685,0.0283505165526741,0.0447691007090715,0.525724801446369,0.531121092354638,0.0143037181146152,0.0594882796211173,-0.0117166397599852,0.327519266325574,0.124397108947171,0.0844643868439718,0.219092067535789,0.158501309372821,0.140721076649524,0.422705511681235,0.224405622795325,0.279917877718464,-0.0415262685696423,0.168185011296536,-0.136351267767906,-0.0929631326563328,0.161927217588979,0.335409666974493,-0.0418416197359934,0.0289990320915594,-0.100661844813558,0.72657985464789,-0.355414885153416,0.244540950914074,0.155421051513828,0.369932941199027,0.0935129840020724,0.0922242370677764,0.149680819616863,0.42635963162257,0.0354136694848945,0.347888980902951,0.668602040233647,0.431931033378705,0.122873681951844,0.196103083741329,0.206184120999447,0.10773286078542,0.104852634251391,0.341531333210744,0.224779241943972,-0.13241787690432,0.169153359506504,0.255039582876915,0.516859319736557,-0.125742930900957,0.0275057760889064,0.0929847621778757,0.553595255178834,0.185203795123018,0.299367918993692,0.0811801860167405,0.0490811223280693,0.293190987720938,0.0853939626451756,0.196539222022335,0.295597291405376,0.0624779629478402,0.328806347678086,0.289864030118425,0.18723034661629,0.400596450797939,0.187525342011086,0.310104338991994,0.0723230724813341,0.411386947944813,0.393153830320962,0.235821072995366,0.618835419987958,0.311751715403713,0.0039217604064694,0.569420004433039,0.512604734979026,0.338715821682914,-0.058059728048244,-0.0473909986720325,0.056458060453272,0.164836004538793,0.244486367333627,0.285597057154509,0.551648410198361,0.565767103611128,0.0584672582418694,0.12085886371749,-0.187076295167424,0.126018602394974,0.352270616899608,0.117963615973023,0.501819846871671,-0.00610173338757515,0.563899317471467,0.0252225599274947,0.238052210075555,0.0167198497331879,0.617888424749912,0.428549600569978,0.272954859890321,0.0124289560056817,NA,0.321031903599169,0.0340093260449856,0.238004685049229,0.287257175562337,0.632890776354504,0.406332084892575
"ROI6",-0.0888329375492225,0.502814946720761,0.191627813885679,0.0342788236587765,0.0394050102968089,1,0.00492009678110104,0.127842748323183,0.295002211170536,0.252705620943729,0.138163131114922,0.0351384356076201,-0.00596349308694356,-0.0614409006532785,0.176691302367228,0.387350007267867,-0.0409353835978554,0.131689704000012,0.163962584046082,0.0193972990661805,0.431793572472517,0.554730304268726,0.146756609890937,0.495252211532392,0.230870609381435,0.148118495107552,-0.0211059167864433,0.126602319978946,0.0325831581884307,0.113754482071155,0.00851195304791764,0.0468506058896203,0.608741446871757,0.142217490346215,0.385768438861087,0.238783920333128,0.468017811484046,0.182044716078277,0.153125847907097,0.421056522584107,0.144641669199675,0.199231497531173,0.0244901582963991,0.384227806237747,0.111723239768417,0.504445316569475,0.430164848963058,0.168220781215707,0.112582662121558,0.130037485130059,0.387378260228132,0.269350641209418,0.0437508369899768,0.351619176080385,0.090629730164695,0.241755201834586,0.0210013267356919,0.0658594088368202,-0.162170886399558,0.211474444185572,0.0878896229681951,0.443771637554159,0.152352730732612,-0.0940956280130977,0.213425510283157,0.241402482877916,0.32097662574665,0.010361609391567,0.392337787503853,0.0705166655941895,0.0868803822832705,0.555561825954789,0.21798942255725,0.493659162959527,0.254725084788143,0.0171550449180977,0.257290524943476,0.510886973764556,0.107187439708767,0.0400719299884745,0.423493247416592,-0.054996316709381,0.00129053582574288,0.188448599381366,-0.0430973395732709,0.420245708666901,0.256330136066631,0.197978504916568,0.257541302201887,0.0804944346300219,0.148741394711403,0.28097953235761,0.172505688873668,0.423481323869969,0.108168490559262,0.228468147358499,0.0741187720981278,0.0439234133872714,0.0290968283244908,0.262091130004142,0.269350181959139,0.233563055682506,0.0985634643600844,0.156087983581925,0.0705698793073869,0.109017538202765,0.490119399829651,0.0768913882547613,0.226021158405603,0.348121046043577,0.145003861506007,-0.00161612198662483,0.0275872685669914,0.22456907774602,0.215389509745379,0.0423466962331583,0.0927927203554901,0.144709934655648,0.335069299986666,0.0606471902724873,0.0473737175406377,0.375984718843253,0.350976012533771,0.217111675564727,0.495286201358405,0.278429865803349,0.0758832125983125,0.185921752687676,0.407858889416893,0.303841531901307,0.585457801400111,0.221940741079783,0.136193768686128,0.288557659879041,0.359060864828818,0.243698561706467,0.190006177327168,0.196532983984946,-0.0972836367423626,0.0894190136773937,0.0485952090702157,-0.102589003496137,0.197649158847301,-0.0271593883601842,0.175434788889508,0.326657984100897,0.327483434717006,0.104381103907889,0.111662098944492,0.150983709798879,0.170487175550953,0.254883601843438,0.0196919853282467,0.149709736322155,0.108349702511797,0.0665147605227244,0.153725682922446,-0.0553353575975545,0.120868303029957,0.419345676156164,0.0757199513590227,0.198854208467125,0.336370831989444,0.240212161825029,-0.0284356052312047,0.183235694905056,0.1362900435694,-0.0177330605897332,0.0457432997971085,0.202499119614376,0.233378936648106,0.161061539757541,0.0888776022086532,0.00926424082256048,0.0281777581294542,-0.0462947728782566,0.181077598181568,0.118266252172696,0.45403160928561,0.188170896561179,0.282307526145218,0.176415323380461,0.139196723937486,0.00968882935730754,0.081348925714235,0.38652670196966,0.154500395732757,0.342051966587574,0.306173082266738,0.277082909964611,0.24355954225104,0.371012970963163,0.510040887040188,0.45095242348015,0.0479251927543963,-0.0271324425379735,0.220571370428912,0.329698325112371,0.172314026758875,0.374324832451879,0.433174555646117,-0.052229289887222,0.174760795926506,0.441087706845074,0.0265475814931553,0.0508733610464571,0.0149699603031418,0.146824419378438,0.155672748279518,0.377894804522693,0.216381204142469,0.406932703747833,0.113588863718304,0.263299904707534,0.24005704610473,0.0391354904749689,0.236453924643118,0.13331066360658,0.225776628880218,0.142351454791899,0.277989208275413,0.192129140913378,0.138553287252407,0.213358691623525,0.385784546478346,0.432937903891524,0.0937563081979277,0.242585022990687,0.221858104080346,0.208674382672987,0.00606171979977046,0.312574950437194,0.278649902920611,0.236724862776618,0.0852239431730406,0.268397761458433,-0.0164657287556285,0.41815387775153,0.128878874303319,0.0500999456500887,0.156036583637563,0.0658595548264364,0.187712214636372,0.131484525461195,0.0638069232034315,0.0877297999212032,0.101196887793503,0.328736780114779,0.36832788204413,0.28299629553902,0.288755740729466,0.178011210273584,0.0423902121908135,0.0823690950329365,0.116517963276027,0.257149652776135,0.0909843219033261,0.42733137045464,0.252715328814284,0.124502228517253,0.14970485518953,0.0667578507252923,0.159556289606665,0.0814438239161294,0.15230949169061,0.18408905273449,0.387730284170678,0.106015392256819,0.0174502662382792,0.159958937872545,0.349263442425988,NA,0.212797488226444,0.180786408759999,0.278163941721589,0.206727483624287,-0.0622636357290558,0.077299740442247
"ROI7",0.242847832869712,0.00362018379317386,0.050845771209308,0.784044778577866,0.259703903284641,0.00492009678110104,1,0.355345886357676,0.191588822864191,0.120056034643602,-0.0343657625543221,0.0862254988103397,0.17059415225556,0.0629666909291608,0.550175756877929,-0.222684571263203,0.247611535233386,0.481831311457036,-0.0832059363183478,-0.0459746182131215,-0.0820290086699035,0.0680936607322776,0.350233361981412,0.0142139937102172,-0.020367691007633,0.19370695542781,0.129686418318536,0.76376608385561,0.519895202208011,0.0923989015649685,-0.0103956013844555,0.538447877236684,0.00726223625232078,0.631892943410697,0.0923631012434679,0.259585228112488,0.0300336150814449,0.0464296805196287,0.258570277591755,0.0871859299791263,0.0295174062711848,0.434636758840636,-0.00904215968093969,0.353073740654264,0.389970671887084,-0.0175081995807069,-0.151599695407738,0.331639861478861,0.0674013438717705,0.530745347765907,0.203316896284284,-0.0751683944198672,0.309422467364224,-0.0594174492284831,0.351125208428789,0.40733013828609,0.362076890227128,0.239612840719644,0.112935411270429,0.181812168698156,-0.165471233797267,0.203656669268997,0.171702605195511,0.344381364648377,0.0821755749968433,-0.158044100680525,-0.16670561398489,0.151806936100299,0.0803699956904983,0.130346332641601,0.336047299408707,-0.0245861694181039,-0.172854955104938,0.104068353520479,0.0785244794952232,0.108664348697266,0.300014125023172,0.0567045038069796,0.0520516655971555,0.363315589891205,-0.0190048086413459,0.0652050194426897,0.21977485692264,0.298516114787415,0.556507801046643,-0.0599336843566306,0.154392420371968,-0.0553212532918813,0.356149538328054,-0.0469882881299541,0.215229683917577,-0.112746317519935,0.463320006083372,-0.147448794462873,0.00219584237892266,0.0475145640265581,0.2359060987595,0.209891394484534,0.142118477399837,-0.0336451555874967,-0.0480898811720482,0.126995666651345,0.20588305444552,0.00724237659278848,0.67254105104297,0.408495805499031,0.059661713643713,0.258500564867616,-0.0111208746690016,-0.0362517251485729,-0.0100434381051383,0.241205571715137,0.322376217103824,0.0332132397347953,0.243275400957946,0.308004291391134,0.270124055400199,0.0933629742783504,0.0785713103161559,0.240264660253257,-0.0979353483354198,0.132877468461707,0.124917868440512,0.225231950534786,-0.121930273007164,-0.0564887086627562,0.212935305695378,-0.0935158269046524,-0.00248019324241083,0.0397898592016888,0.0197298011368441,0.294567616057989,0.330765507516886,-0.0703479843217957,-0.120084577304187,0.276021985569782,-0.0366781289891095,0.00677366511418394,0.596331447122572,0.0552039295498462,-0.0629251319444378,-0.0523047903369876,0.191429563353504,0.15134715921091,0.357089159819431,0.0927092478679987,0.180470464596107,0.557899801009032,-0.0762669180882866,-0.113890523347612,0.200555268606881,-0.16000113372403,0.350694851216593,0.546243587112787,-0.002233691381658,0.25913931788529,0.431030818483722,0.223273885343028,-0.0886286739744153,0.044421162679561,-0.049849871584668,-0.279099991435601,0.112414810164024,0.108071230607011,0.309671569786218,0.264690303774174,0.140938126591201,0.164562055061022,0.207864105193899,0.124856315604934,0.221527323729066,0.353499442223384,-0.00726433543634365,0.0134563510918127,0.199739200425215,-0.0557122200068624,0.237639467430479,0.277337473278924,0.0647514608769406,0.0776841113429963,0.249593608946939,0.184414385033786,0.457264357183624,-0.0479715996442427,0.420862939340244,0.133452720175045,0.139252000721432,0.0422601415630684,0.262088925798688,0.243891815909452,0.394133780865126,0.240360029641023,0.0252880588701012,0.0583234293975318,0.110831050102189,-0.189928152374689,0.494872254912937,0.233783377878019,0.43902710059165,0.185866246922826,0.0470623612262798,-0.16153960369346,0.26207966460417,-0.0612731463914516,0.298896368747188,0.331533335556052,0.152159992851024,0.297368787554546,0.107398540201351,0.433002002802453,0.0238115419807618,0.338712085449969,0.375960221824482,0.34728656597634,0.247639720289129,0.0959948993545187,0.428114651557759,0.407987909574806,-0.062794319513241,0.180322317945306,0.0508246523952602,0.343199977903944,0.362193475274815,0.36377978307138,0.189776878336308,0.193464633741842,0.368123040905493,0.265894618786686,0.408970465700789,0.212555451393888,0.0201425061369886,0.172354513861554,0.168633647954095,0.48059573187753,0.303720482371834,-0.00237735410956743,0.290583391224896,0.0922131951104666,0.173921409013259,0.305182666169763,0.29374679268335,0.425213660112401,0.255754615337619,0.2265375667801,0.39271071100672,0.309222923442893,0.225298930245893,0.216277113445185,-0.165714970763584,0.219559094581735,0.135770804753266,0.0825085414319573,0.705762758724032,0.480104791469924,0.352024250859647,-0.0904170157603044,0.0431154104585043,-0.101351668419605,0.194858264286239,-0.0973710695260527,0.190974504291746,0.589315299454019,0.030806127857961,0.393962691683673,0.176050493206334,0.489611412148747,0.185172363521614,0.394380659800104,0.112970366548882,0.40125653292338,0.115490794306893,NA,0.059809817747656,0.00951366411246282,0.313542626440269,-0.14677663307569,0.42432949018978,0.560394450271016
"ROI8",0.436157964147745,-0.0729089126410417,0.139295788879175,0.522022639295531,0.62620598962707,0.127842748323183,0.355345886357676,1,0.572094928662382,0.164267721134599,0.152921541896894,0.279860683145531,0.15639967955824,0.161243219395228,0.545401014820729,0.0901025377783783,0.51851917280156,0.417302233560352,0.0976889099331079,0.3963319933084,-0.081512701794452,0.125845114726795,0.648260517855376,-0.0423954483246871,0.229098750115532,0.272940668892354,0.512024463900047,0.546221510009015,0.622691199519957,0.155106505059104,0.219231164205112,0.436379581851556,0.0557672781249945,0.414650603663229,0.345168775720179,0.503681550356291,-0.0226412906108238,0.027038877536432,0.614864302272365,0.312612749793591,0.632144928232517,0.481991560429775,0.0363919039249421,0.298042615270887,0.590995229197332,-0.0840911859469713,-0.112055921205547,0.365810320278532,0.351811225591466,0.436980117724486,0.215622752727154,0.183584507603191,0.496877850827998,0.0802987755357404,0.511127637545236,0.365237587302469,0.780754449703202,0.421055347115929,0.397885732623224,0.619129100287639,0.0525188687571105,0.222318849926628,0.273306793889823,0.5689683338497,-0.0577420404712111,-0.153585029969984,0.267842261386267,0.214678597834776,-0.0168108509918265,0.249292299545032,0.48279504034471,-0.0383685872582799,0.0108190546020377,0.140158235954556,0.169879018544962,0.0333101517931309,0.272993207272665,-0.105909769714254,0.0931742667721687,0.703086491636209,-0.0253890829221024,0.287486446343819,0.387552292896375,0.380895289408455,0.647017937078248,-0.0105388673136736,0.452937777581517,0.359290349298568,0.23264440385652,0.318431864782329,0.0909259451201491,0.0976476381820412,0.556815076610152,0.0278302273752561,0.463642483460498,0.182936704227716,0.298507652424455,0.326422900731943,0.205642875884554,0.517555333885959,0.251603038484717,0.39507179923553,-0.0798358929219086,0.299457035227545,0.403122505545477,0.568380588848085,0.121590509924072,0.481625084951212,0.156617183595687,-0.0554810426830189,0.0127863242184242,0.410687037065983,0.411030154180515,0.0304349543925925,0.520076884734526,0.47168481275706,0.505875621788468,0.370157745017933,-0.0178561097463504,0.390186434486537,-0.083238013138149,0.186310431271754,0.0702748551250737,0.208811569301108,0.22148541681027,0.0160416634713449,0.25432970445746,0.144772123022158,0.0638537288413758,0.0927206268047081,-0.107181345043687,0.455838468182021,0.409346287667598,0.203958846818638,0.055737212148855,0.426632389443865,0.00144784618029294,0.254915078224982,0.313277707609282,0.426644009692048,0.0494590128840175,0.00539045735506557,0.377422829880525,0.283965429245366,0.0450825549322473,0.49198820417327,0.163558979304337,0.630721887888269,0.351528774806554,-0.163999122644044,0.257114645657524,-0.167574035483117,0.361171868084122,0.4809340594328,0.00819708599845317,0.359103717550804,0.795842736578786,0.283475029922572,0.0795129515853947,0.412078126656264,0.185587877341213,0.0527697307504424,0.0902116832589682,0.372196755531387,0.322158804755121,0.754850728779238,0.471887921106792,0.173191039150861,0.350866106785763,0.16495620950998,0.0534739364286922,0.544739050189526,0.493167669765663,0.0232396635313244,0.204205459759234,-0.273552068802332,0.32819556689715,0.235725320372426,0.178872238713193,0.255787825528563,0.262235687448073,0.166651137006412,0.517222926829931,0.116127860750688,0.498696090229583,-0.0378970347867818,0.123892432002244,-0.0201608406920307,0.0442552662961609,0.334777615641297,0.497897450177925,0.031184019249585,0.178695168290857,-0.0450557934976421,0.721931997691593,-0.406171966902392,0.388611626589331,0.303136289118519,0.500794559994605,0.112795878062304,0.193713223141248,0.177314487458621,0.63927145655969,0.0229081020043963,0.466745924485601,0.58232214225051,0.429106821959497,0.301843841972048,0.249353920153918,0.376868624668852,0.237063039304633,0.210129382452393,0.461943228082146,0.511136181127532,0.0298030274695475,0.29171873710878,0.422922788010715,0.529854704546829,-0.064204138002821,0.170369633938094,0.197004998966175,0.718736596128557,0.424765513660217,0.520294840630015,0.139471580228898,0.0703633045775196,0.432735669399579,0.0479923386879307,0.361524623015888,0.462207166178808,0.127643569959199,0.574023583938877,0.255367612919423,0.327780955065566,0.473074612367014,0.141090431932708,0.353168892989562,0.0774318903331816,0.457226948235079,0.662823038982454,0.324076770570803,0.746919983659904,0.457169491692655,-0.00486851432151042,0.59584057161929,0.552616090159538,0.381830808155958,-0.032750919531821,-0.0309682406394496,0.328413345572424,0.160926639650958,0.380620571072406,0.352757048437221,0.655275897012634,0.609666636402285,-0.0389491695650648,0.0149353959752595,-0.182235734162056,0.208850074584054,0.0843639615028341,0.295179479970087,0.573876452134428,0.141741475377162,0.589921016007302,0.1455097482115,0.351441755122064,0.00840488191208234,0.565898824392401,0.403935318298716,0.433197074215808,0.0680505148702663,NA,0.326894818394268,0.13060917158878,0.468717676692743,0.292483682938019,0.587918060156598,0.52863685655487
"ROI9",0.355962025902968,0.344977372921355,0.244429045781538,0.24934286303134,0.42791610890971,0.295002211170536,0.191588822864191,0.572094928662382,1,0.186219559379941,0.275340855493035,0.266722135787894,0.152249893139829,0.280746964017977,0.344574055741283,0.400326778467419,0.378151266276728,0.220453074798093,0.141709372378371,0.375273150863982,0.24501258403857,0.122078294701615,0.292761228339608,0.275553197697069,0.148478324221467,0.108813437133725,0.342406421591164,0.316579301772173,0.33410035848816,0.109816467727559,0.168043187979124,0.334571024265018,0.16455945789954,0.272306246011662,0.326286892003977,0.453071104747753,0.261139516351466,-0.0498854459743189,0.589481371325232,0.555893913010727,0.641096384692278,0.364515881141972,-0.0103812760040074,0.282438935917255,0.437802493018238,0.233614302620297,0.187022640341008,0.397573651359524,0.35130881826105,0.257525939976326,0.323941191808691,0.246273977278043,0.385927721004374,0.167158678309931,0.37386538465344,0.314624932989073,0.484691146157191,0.320047498616384,0.284972456956844,0.607387120026933,0.108889216704758,0.179832593004903,0.512318861787967,0.504398201441627,-0.137383495051522,0.0159141950979699,0.356018088497896,0.118074374659968,0.135987041528306,0.107352009003029,0.291038975142218,0.369909738828064,0.11916773409597,0.106859282308634,0.254760212894941,0.0347578228074115,0.176828736987278,-0.00924519524930131,0.134767034711587,0.426673916748131,0.125407585952618,0.216874137117202,0.286266545260706,0.327256952478669,0.449760757558028,0.0458254547638059,0.259023886745896,0.519196574501083,0.0741743206760462,0.257955523193864,0.107303943662313,0.257157352408016,0.409611839123707,0.317634804085636,0.55310125982984,0.0841488260089652,0.248535302075292,0.186817243200366,0.0898493915500914,0.481763365796543,0.641490085064732,0.214336833890578,-0.0912475235018066,0.239551733367908,0.345555627016992,0.348837807233283,0.406056126519214,0.344798828096014,0.245548960980814,0.0265963378238353,0.1581186848647,0.270294679672063,0.391268968580766,0.0200764599398115,0.438732530879611,0.49124213269834,0.366238509669725,0.407374976296343,0.0131343240145439,0.24943430325474,-0.138067320160842,0.217869619317003,0.0551166765528291,0.445124471649078,0.412021210074294,0.105795910478683,0.174071739652621,0.0842540804552782,0.0320984754667831,0.201435593887393,0.0631106470056765,0.444389807075981,0.201683816763001,0.155616131288248,0.385794586033365,0.335028459339081,0.0896085445051709,0.370643040967752,0.273067104053588,0.416745903084813,0.0111598753306859,-0.0162651597878128,0.42573020992702,0.164942090117051,0.0745379686619891,0.575929172936038,0.205074190305695,0.415880924614676,0.220147761150418,-0.0858659734640804,0.16575625437467,0.0160997426701948,0.210399211607426,0.344912090009425,0.146882496633444,0.256060456935964,0.48962599169749,0.310602393711167,0.0778309644538797,0.465437269754754,0.178949855594584,0.0934010247230169,0.0419910528590929,0.432308717305958,0.196351147082231,0.538036564321054,0.3442551219963,0.133786258937457,0.228177806239717,0.223988585871007,0.164805372764273,0.39632097308978,0.350568845902045,-0.00747349599903724,0.135780935452639,-0.188291383975105,0.344509561060547,0.0921524037957355,0.259875546806279,0.263242709843823,0.0724409934370289,0.143069968243988,0.339068576788399,0.259679797703775,0.289571302164232,0.082648703185909,0.180198071141461,-0.0535356760779324,-0.0707653685967151,0.395315384750154,0.42244328451629,0.042263842362034,0.251173007716973,0.141683679492357,0.503106455322882,-0.234018001163173,0.365057151097138,0.0595428200945642,0.211902928586966,0.267328823944373,0.333826733060548,0.0467063722646464,0.694774659897159,0.248146387752694,0.323332449205042,0.422178119200209,0.156820351790898,0.22702039372337,0.258088209620118,0.260395229743135,0.258962018176325,0.133661203820351,0.279540549195119,0.474161791491144,-0.0892578102932727,0.183572348313074,0.373651801508866,0.363040200661562,0.0231037291494484,0.101157698654884,0.232334636779979,0.48397254447789,0.392941832582631,0.37391784587386,0.153581669090919,0.267782777246748,0.335190241390673,0.10748682596289,0.164103088543085,0.328094795273332,0.119379534622392,0.539561568895664,0.196965114183352,0.133878449533239,0.202787137813736,0.167055093130772,0.2064104539277,0.0841755398290475,0.412442499956189,0.492425725445013,0.182521998601763,0.49299956946734,0.375403662369974,-0.147676351218675,0.333056058932006,0.347325889971936,0.267424387979077,0.0456753322040077,0.26503287748154,0.307426458394063,0.313933002041105,0.210443447587321,0.284282255723417,0.279746641154569,0.491063200669941,0.22621735331493,0.0447075835255579,0.0512650620094011,0.172568367324224,0.173430527426511,0.228644702824709,0.399402818494754,0.0197828430013583,0.305825167145207,-0.0228746866066903,0.216207128702203,0.120018405595799,0.378790018598018,0.344325613446178,0.271970426687402,-0.030360242264662,NA,0.266365475691138,0.237084865153669,0.460035802635739,0.331514736878251,0.40059740668075,0.321898593751037
"ROI10",-0.0288516591716162,0.365679312682998,0.236458832500179,0.259429427759384,0.00197657076227133,0.252705620943729,0.120056034643602,0.164267721134599,0.186219559379941,1,0.0546339806341831,0.14977472832161,-0.0145526431327893,0.0441160158286337,0.329391607140944,0.141183769269595,0.189443807750135,0.22905612027797,0.317698445170069,0.0235156395305107,0.164576978849196,0.189654479327541,0.148914120761305,0.322352751021455,-0.0321283340269094,0.481315237415822,0.184245315081798,0.248110936506986,0.166280201777883,0.0511370678054111,-0.0393010020239125,0.181528249566795,0.378053744597647,0.267866606910793,0.28802427413423,0.287350069825743,0.100275297538962,0.195178299404849,0.182247117583721,0.253405051088737,0.0573257660625613,0.188891143069087,0.0876753388118483,0.333169182103322,0.225290738246895,0.390967667268237,0.192070704647429,0.22873465528758,0.230663837372214,0.282060698900287,0.487970910796205,-0.00502478576029907,0.176387448271479,0.211020709940945,0.245419156816373,0.255921806266724,0.0868857696734675,0.187428351490579,0.195360392313334,0.152623382382214,0.0722840593796038,0.47502289935769,0.126491549907012,0.123766184486806,-0.0865237759006709,0.225522283827948,0.0623446058891684,-0.037746718030231,0.25500047104993,0.207130089898791,0.246096896602231,0.39583034043807,0.120355698547954,0.306790170405349,0.334739346257885,0.0342506432556275,0.187649135614484,0.282822683965232,0.0933885456498337,0.103913990927675,0.172668484947579,0.0845091649841755,0.107841587825179,0.225045579648398,0.165131552403676,0.252232899255156,0.217327553501388,0.0044490451372203,0.305554357231588,0.0634971013386428,0.0827587287306418,0.205423072172124,0.226246389207069,0.498643468638652,0.28189038387925,0.217898308800863,0.0458154346306788,0.120526986870741,0.109617251430109,0.191763467312208,0.169125730398911,0.314456970167658,0.399028560841915,0.307391811284884,0.249158786266066,0.232934461047457,0.218294141437153,0.289213209908225,0.330779674414845,0.250475024396803,0.317063409945912,0.293755373025379,0.180301092789719,0.093682526262441,0.293787934052309,0.0639160122085542,0.212584386992366,0.205993866257669,0.0115548917106251,0.230911664139972,-0.0617181715145768,0.374221018150319,0.302993393577368,0.119317683028942,0.267850037162414,0.181415995068565,0.163652321498117,0.105834606640587,0.21338033813205,0.256964956062209,0.279721583004354,0.216699048826725,0.191106962575809,0.102349614885113,0.21157774944216,0.282888767656706,0.303801239025642,0.249588552576025,0.212159208668737,0.224588346281759,-0.172286459397932,-0.149805025092298,0.150633009567538,0.15910700820621,0.394201090222385,0.253936363466977,0.319666917777472,0.241401587952993,0.146381336725853,0.043379038475441,0.233223452819769,0.308560900390441,0.151483003188981,0.302405096466655,0.087153465561864,0.173369729572528,0.241053153479202,0.14901730791241,0.138720068416167,0.363407188277836,0.203659513745652,0.146904301559543,0.284519702910626,0.385838457132708,0.0695036465409815,0.243384966927757,0.113826901726644,0.0775504401010177,0.189356575834706,0.381563001636867,0.216072847836442,0.369798078549201,0.160399339775926,-0.103834152335652,0.0615630550447034,-0.0476346714780917,0.225501888209776,0.137251215685049,0.404283271186271,0.367125738180751,0.378794061551627,0.41413474397478,0.253551295219558,0.133453935973588,0.248862145099985,0.300739839227536,0.330986240289236,0.284568281556992,0.40094604450642,0.280565252148266,0.238219801465814,0.400331595914953,0.40974550845895,0.397988751683292,0.104876883217711,-0.1417840637762,0.407116312204388,0.388684537582758,0.222588883416535,0.350807125596649,0.340448219067529,0.0646550280132756,0.239886857052454,0.204915476173664,0.129067617808277,0.197188539439712,0.0723205415014195,0.1949549423675,0.226421269525546,0.437222946253606,0.148838888791557,0.408367365413094,0.263247471299044,0.319717716094745,0.299372498841816,0.263270068210441,0.282656556223725,0.272888404801538,0.120744514220695,0.089018774347315,0.521344768430195,0.205515535593428,0.338424905161242,0.210304433908777,0.335387070862673,0.451810576747666,0.228093120707013,0.384839541373189,0.403899040076125,0.313734157008682,0.0108602437977148,0.245468567420116,0.313065387318827,0.36387368130688,0.102969946694898,0.142496332889297,0.310969329054758,0.28779875759838,0.237222768531292,0.109187644692056,0.283511664352633,0.125672717854355,0.217022197388129,0.120684691922962,0.174290294910096,0.1961860660161,0.164608593413059,0.419370718204587,0.212128932139366,0.303572367269804,0.346192840851185,-0.00181781427991554,0.237160959315312,0.201327178881764,0.162345445846637,0.0951346105455448,0.0729675024237434,0.325111379366046,0.430633497444024,-0.0503439675640133,0.178524817784171,0.23453656022166,-0.0165982929073305,0.226709053449881,0.129885605023388,0.185761203084959,0.336230210988139,0.190874929078439,0.134047183059104,0.182584270730187,0.15796311694285,NA,0.0925735547859361,0.356952111831495,0.343974219069369,0.153240736504987,0.146509550973754,0.297526982398099
"ROI11",0.177274257694071,0.167663336182925,0.183692876353864,-0.0257308897974638,0.330584854804027,0.138163131114922,-0.0343657625543221,0.152921541896894,0.275340855493035,0.0546339806341831,1,0.278900993642393,0.110381679897069,0.333996402054575,0.213321225829099,0.41527492520584,0.352467653929671,0.0663233185383967,0.308608423480012,0.34480799937669,0.196610041160121,0.0428588838209897,0.114035620903516,0.1923108868362,0.0996942951175087,-0.124380284176319,0.398111775662493,0.12134108997356,0.0250805542772224,0.0469701215184888,0.135074153216606,0.121474947603829,0.107070599941645,-0.135762812021185,0.176533934838087,0.189173168562904,0.192173758926413,-0.124314669576138,0.151065498634725,0.306741427169308,0.221944854441827,0.128902433360915,0.233250295667924,-0.0165617069953795,0.117078529212465,0.117193015348395,0.293818838319341,0.0594946913278564,0.359210845229517,0.0963166681922928,0.127144104592275,0.488256580052162,0.0908881608902083,0.301736863525076,0.274554812431109,0.125351386897524,0.229139247707363,0.429179931565227,0.35879994740415,0.259673839496825,0.189481219724654,0.0979498224825645,0.406082183798539,0.247677292924087,-0.0615537605621936,0.0749008189420444,0.418512302439334,0.100810056040884,0.208457126319583,0.088508986881766,0.312288698383867,0.151410706338913,0.122421681494877,0.203101256088312,0.283409544814389,-0.0961726280969496,-0.118340874597009,-0.0488396409761323,0.11695092332972,0.0407276141589056,0.218901145554302,0.296789926120079,0.112846148801311,-0.0595486981775178,0.127753345152703,-0.0279522994688939,0.104632500544542,0.309183928113897,-0.192296890864552,0.094037649727415,0.388251018693657,0.42576056940778,0.184909025059563,0.308012180228996,0.33907989947596,0.164107746686805,0.0784287626978995,0.248326967388392,0.162619892367483,0.440181788756683,0.356795461148942,0.079136028657035,-0.0302695378478502,0.157698482534855,0.031680552573678,0.0816863016420758,0.248204704909707,0.0824856613070641,0.200814659541766,0.0386413202136986,0.190294906046895,0.220617653914149,0.11335962161753,0.128143221126383,0.333505162835895,0.293836581487272,0.0408018013532217,0.600993308498652,0.00425496190381205,0.278535966176998,0.365576244298834,0.213408003676462,-0.0278935189282011,0.309634736781554,0.332193883254156,0.0512162314574772,0.0306295811241387,0.266772758891033,0.0742690053298363,0.0764399040665581,-0.0216388480646365,0.0574646300955175,0.172611963686283,0.0308968251814372,0.246533784037078,0.175603514679905,0.345837013123183,0.569634887363401,0.101402907496727,0.34027214584245,0.243546853971363,-0.0877129078847106,0.167209130137749,0.276229211127363,0.0213448826061073,0.279391683168149,0.0849841171857484,0.0572414537836292,0.361275173241669,-0.0329612373921224,0.0319694136560542,0.22994789845844,0.205076147485428,-0.0897266580406547,0.718244054659289,0.0656583354372706,0.0912366021860975,0.361723002133227,0.0620860264711345,0.363329718750532,0.409542846118956,0.132203163730688,0.168764138783463,0.318115642168434,0.0715803534497634,0.232158235483176,0.633415355354219,0.242675121104257,0.383466905626798,0.175148235428826,0.125693776699446,0.207488364478476,0.391742022654912,-0.0261645834875775,0.0331743067105578,-0.127124088164143,0.290516249003667,0.0859155318391844,0.139455971921126,0.479388080088652,-0.00566249311504475,0.271532831626685,0.0582312462801448,0.369879495069498,0.0154505928984865,0.0779692497767352,0.35792811214671,-0.211512358210279,-0.0749673601689947,0.0841986553094735,0.213803543735203,-0.0450748660284019,0.0533004563211036,0.0945149947370879,0.313505622030494,-0.0236071012296118,0.121873740149994,-0.086553418501633,0.153375565415762,0.1447788962828,0.123318133148761,0.116557743221881,0.111647826915229,0.307419740736597,0.140743167342492,0.204020972577127,0.308055182917513,0.028406097785009,0.12665435892107,-0.109884065058466,0.293970637213732,-0.0367789512849645,0.188962526310313,0.109296406154068,-0.121124339385297,0.336657661052626,0.153614516206975,0.112728874993625,-0.0663635555392834,0.0233980105663883,0.285397254229685,0.133575068292019,0.0889297499621146,0.162388543431136,0.158012276839923,0.111826411653144,0.0247002258136666,-0.0795977614959733,-0.00981538312081554,0.357012326951144,0.177559922928514,0.160782183782674,0.294575226113912,-0.0530388213319236,0.0438650706457664,0.200624297462584,0.0228754038449663,-0.102954350077917,0.404046521177943,0.0586188508338792,0.153715745747444,0.113266619144846,0.205647038763163,-0.0744180386153353,0.0791002595919882,0.251086258239193,0.0627332844661149,-0.0277194198268791,0.342733923106087,0.159548455259507,0.293043457209601,0.0843718453152607,-0.00545032403587727,0.0304003335557337,0.242361550808649,0.267965256711559,0.310117354536895,0.169896232422012,0.141800316618087,0.633360604386552,-0.038536838904661,0.0861392489146913,0.0121076479871043,0.155583521798647,-0.0358412448959024,-0.10241777585578,0.00962774598449315,0.159319481401816,0.355208077672172,-0.108518983180514,-0.0457058299726133,NA,0.306861097829905,0.157992311468152,0.107314859889457,0.375610848712766,0.148010704362514,-0.0283108630006781
"ROI12",0.187315280389411,0.17264632406571,0.144370693960194,0.142523787923496,0.235213764760731,0.0351384356076201,0.0862254988103397,0.279860683145531,0.266722135787894,0.14977472832161,0.278900993642393,1,0.0916851231282058,0.605106612753397,0.257315968681512,0.281382959168287,0.263142834327529,0.217923680479198,0.17260000042929,0.243527932950239,0.215666391254938,-0.0450494822521101,0.229945283359809,0.236681942049872,0.102404009723318,0.0465825308622205,0.37454554825765,0.19603901591938,0.182508406334452,0.0315783981627049,0.0691098298735965,0.320963812919749,0.179609151561257,0.143479996248132,0.362461758328194,0.459229959856845,0.134010336179211,0.31654467322089,0.402387267766853,0.426653928817828,0.267071123593551,0.115448944328061,-0.00426290739108607,0.257000725414329,0.322983797218784,0.110938396044861,0.169254463832027,0.372857919217138,0.348888626660935,0.297921860374733,0.141139919215699,0.17639595758113,0.571149712125919,0.203877766411162,0.34049977788081,0.332223484245365,0.199433154829315,0.20507339174329,0.283674969868197,0.301215681915705,0.275744074629644,0.146682123302265,0.237661224487906,0.265957542402496,-0.11031937446424,0.250175020537989,0.205351142203513,0.137230840273284,0.076468333002292,0.0908132179861671,0.274376522912476,0.124996106596543,0.447417780747143,0.077275409926324,0.255422899114162,0.0425189154300883,-0.0861840197195252,-0.0156104669599685,0.312309866186081,0.129224788855787,0.104559937798576,0.234310877772884,0.206040712384146,0.347398330551517,0.156668325433904,0.26640759004381,0.244196932464055,0.225552291472097,-0.0582437715807831,0.0800094958233126,0.0705716822635021,0.262347234951191,0.275269675925317,0.268751229604813,0.370186164380414,0.40882870405311,0.278685746206521,0.234106373679564,0.0259700240138373,0.317174890641985,0.296062073840041,0.335043909641298,-0.00135582997898359,0.437215548843826,0.220027514117949,0.404193377119577,0.301655353082229,0.609842050608948,0.114314733729244,0.348568844870746,0.11736945959708,0.167248287873014,0.17960740952864,0.0544443662335262,0.325273626639437,0.18658500873651,0.484486848453532,0.394309241637706,-0.0367805337687736,0.454874066813913,0.208470542964419,0.275941459253749,0.0282128067270548,0.347041098316017,0.288599707712715,0.299544801830316,0.114994097172977,0.181648789764244,-0.0629000306236296,0.456306798758936,-0.0249750072799313,0.302364977565077,0.132808759549639,0.0353358024878395,0.364133026217944,0.304638436956749,0.13974616985556,0.293721616025389,0.225262200911591,0.208412731620308,0.114879775876477,0.0573630300514274,0.308955676417773,0.198698670882812,0.128853818775689,0.326385788889129,0.372596920368512,0.274392773470047,0.256474542802112,0.211357634534711,0.120333938218946,0.137835223654625,0.361820233131458,0.155073924462662,0.193559689932337,0.292601797110567,0.239458181997649,0.235921237606893,0.0175430966907255,0.320264688958561,0.177644670211116,0.187448503035614,0.110444914970104,0.294055479441654,0.505368761645406,0.307732357282268,0.323619218631458,0.665800088896856,0.190441978032307,0.244450973319689,0.281792517373145,0.228632732941579,0.31339014464147,0.00621528343996674,0.197096967705125,-0.116148010124369,0.441827886861139,0.214650260897682,0.17479323495698,0.314246371192917,0.124784967580497,0.252995212782578,0.272417299482429,0.629661415606826,0.18620633746249,0.151262300265847,0.272026867971494,-0.0386417659663605,-0.0202808523893071,0.333688061818214,0.286719791446848,0.135091684130399,0.225172181221009,0.267668762504696,0.195104777711817,0.0596141837613316,0.252817473192728,-0.0494286563251763,0.145102570620331,0.326812560458913,0.289479258823084,0.160994068599074,0.245556949447871,0.299764820995855,0.434844529732098,0.171209773292302,0.211496886352869,0.377300694444816,0.180260355219426,0.117506733980463,0.398303662782085,0.178656806529835,0.168123993503941,0.341666061586832,-0.0811206854438451,0.199342684098014,0.174686690843858,0.241088224509591,0.0920263379059292,0.28240301382063,0.250996693973809,0.249743526696731,0.390433506497643,0.372472392022302,0.231100548870853,0.275542252277532,0.512447725732055,0.0567731233829879,0.144240028634974,0.388065800602176,0.35714102630442,0.277306904382996,0.232060224810105,0.010992340608587,0.208735160764935,0.52029052672762,0.110141505524412,0.0713869169472718,0.263015077181989,0.0365968331300369,0.264213136206,0.229381039664094,0.240634261960851,-0.135417366143734,0.168494841086595,0.268141999748857,0.327752221395513,0.0773907656907111,0.299446259800975,0.231055808790039,0.309612828240455,0.108636892734409,0.198346235720937,0.210820629172,0.286362592250826,0.394938601833225,0.201351498331989,0.266448268210529,0.198355352926729,0.297922411386751,0.135399385756854,0.263755495983303,0.0111791115910002,0.246581878903279,0.0695886331744203,-0.0399661410791439,0.204964660137337,0.297274502720404,0.188631128753807,0.268833057083063,0.0105045905065473,NA,0.183792950363856,0.226224570823926,0.343463605098518,0.197492341174232,0.210278253468421,0.210853644995597
"ROI13",0.100190569910495,-0.0716061032014602,0.109740587478194,0.0633832451212671,0.0714049994068391,-0.00596349308694356,0.17059415225556,0.15639967955824,0.152249893139829,-0.0145526431327893,0.110381679897069,0.0916851231282058,1,0.202089174822787,0.0865689768455728,0.0888107734762077,0.05699735886351,0.0381415865661029,0.0359181929686386,0.0779643747645174,0.0233451073063177,-0.167688776336685,-0.0390582518998668,0.00905494313403001,-0.0384186657458682,-0.116159233754283,0.105255401029286,0.0889620665576699,0.131845132080043,0.111565955404061,0.36172122400985,0.171750197863815,-0.113200128665047,0.043964870360612,-0.0940001013999504,0.0695098507823631,0.0229017968751254,-0.087352873246218,0.109199727460242,0.0460211408428536,0.162897544338636,0.0938046960680764,0.054639386802806,-0.00588990193570769,0.191360942844124,-0.102727434051736,-0.0456834877642527,0.0845533649261177,0.193465050315939,-0.0373703034990352,-0.00155479174952748,-0.00568714097131785,0.063328462952345,-0.0571484248039934,0.133012234359584,0.0242363587663016,0.103383295522528,0.129118340787674,0.0809193177149809,0.161191036437078,-0.116276545372805,-0.0897256638747872,0.0818222303249055,0.194483810647755,-0.194936994362872,-0.0371203991803601,0.0326212442219734,0.206505145310239,-0.076957972922534,-0.0517794792754809,0.151228840418926,-0.0679302814642215,-0.129646541503225,-0.0536133064298135,0.0156048091267262,0.192022422438645,-0.0887405635481166,-0.100755817575466,0.303785158713131,0.103058622991014,-0.102756665701971,0.0877891873076096,0.0257593083458755,0.0183354994879714,0.12565959357851,-0.179477542610037,-0.0557501230306635,0.0782348627763149,-0.0117611030462712,-0.0109289068083707,0.102034638686955,0.131173303387988,0.128318542262707,-0.0795199736065436,0.0439863015224906,-0.191987301642673,0.0454244042046339,0.0204650562067682,-0.00374527361266957,0.104045931139549,0.166343976558273,-0.13953155706416,-0.0972237735116491,0.0556388654518143,0.100891147040661,-0.0212942628089948,-0.0339696654157066,-0.00233972645115456,-0.0114523234110304,-0.172539092929446,0.0305277306503411,0.0038625063335986,0.281275169425354,-0.0918961193673905,0.1944797347657,0.103267584477991,0.0649154522841232,0.11872767402125,-0.221169167068571,-0.058598468495328,-0.0307455293221313,-0.0869675529925162,-0.140382243116465,0.056428069415638,0.0412537608228278,-0.0181602880338185,-0.0757123416703143,0.0489847595280615,-0.103110759521273,0.0210144738399186,-0.146728657102144,0.0796831650797991,0.0586040898888357,-0.140704483474599,0.0820654754408038,0.0990036540326716,-0.0542467982040492,0.120720788883858,0.118117637263946,0.0188061953702744,0.193412817884276,-0.0347560753454314,-0.00328976981316731,0.11396911058259,-0.101339207934988,0.150808148390096,-0.0973537859950786,0.155859700445687,0.0241246147242817,-0.269986540199596,-0.0352857981579488,-0.0927358090832991,-0.0275392192607559,0.0799983165676515,-0.0927852131529374,-0.0135231329195308,0.137807062547504,0.265833803220163,0.0095874965693166,0.049463026784703,-0.0744202068008445,-0.134475789620615,-0.117868740608931,0.0264435993240633,0.0513899217289748,0.114205349610257,0.088235827419533,0.149985659243779,0.0843895553524545,0.0824773049841599,-0.00736167849931722,-0.0343225987366633,0.0135388775049409,0.154624567051416,0.0997007937122592,-0.188790367425426,-0.0589585882875645,0.096315773155663,-0.0614348845433641,-0.00983203169842219,-0.068191627494699,-0.0356238344882298,0.135179151662317,0.0717108129804106,-0.0590720756181903,-0.0334919516590391,-0.0943968282934216,-0.160351204449486,-0.168955181159169,0.0487131477278874,0.127436670217117,-0.0759449160569036,-0.0716107856871754,-0.0921342186003993,0.124894273473615,0.116820720517071,0.0378658375405247,-0.159300129973279,0.0611538800492516,0.0142052589480788,-0.0125891973136635,-0.0514414340279978,0.10739457377732,0.0181188394307055,0.0221125769649737,0.0618806911470522,0.0018590038618606,0.0213752786919774,-0.0700762797676105,-0.0304722973310992,0.261396561325721,-0.0528640739518232,0.0459115955212632,0.0521566794182245,-0.212349514647734,-0.00299734821352585,0.219592707437464,0.0377050080164768,-0.111328301855871,0.182116176317803,-0.0986907426607883,0.05151186987738,0.0842428293855338,0.0828291705273177,-0.0528338902164146,-0.0373984917683214,0.0144614116274296,-0.128450795070681,-0.104571195332679,0.151362072709151,0.0652930982952968,0.0910880917273268,0.0198798371211939,0.0134977193089477,-0.0779962056345277,-0.112598372511174,-0.0985462959518601,-0.236915441633853,0.144275219619669,0.192372131710957,0.0267721598075866,0.149832285729045,0.147369186004923,-0.189744371515612,0.134107225037423,0.0790702635254459,-0.108956942737917,-0.143657786517006,0.0179553223123842,-0.0466384860673451,-0.0355193672271812,0.0415935171827528,0.0892842952946025,0.0436636081308943,0.147316283701928,0.0481362808260054,-0.0246878324187141,-0.04147703722944,-0.0846794257317108,0.0111945606883316,0.194410031485945,0.144067794581413,-0.0835101726380468,0.0949262552569178,-0.0555930671283244,0.118632610209783,-0.109322203148059,0.106075974669397,0.0660155142566413,-0.00367644993459724,-0.247370492856808,NA,-0.0566363587612571,0.149596915965504,0.077746664195023,-0.0399435565378969,0.140604524111118,0.102773518988516
"ROI14",0.167341073960587,0.0273235070045491,0.172569319660777,-0.0358223359451403,0.186031023369228,-0.0614409006532785,0.0629666909291608,0.161243219395228,0.280746964017977,0.0441160158286337,0.333996402054575,0.605106612753397,0.202089174822787,1,0.147788188474267,0.251349902870125,0.183284397555532,0.0383525176876262,0.294468462907897,0.169015031198013,0.186854748278027,-0.154722620622459,-0.0242270914334846,0.157272531467727,0.0735518375002458,-0.143471484280624,0.352612515732927,0.120267150345758,0.0526581410361772,0.127026557917899,0.175234574717524,0.115384359844471,-0.0191890940237116,0.0213921959957093,0.0720789047560002,0.185877750705188,0.186745929640456,-0.0274329786997187,0.235200863582528,0.290376263915923,0.128329682524037,0.0942197173986901,0.0428901282524352,0.0513868348428715,0.0724896657821467,-0.00806183119581826,0.166575579885749,0.251881449706448,0.28644454541516,0.13462422847153,0.133014721555048,0.228640987376569,0.56452043564456,0.27344779879425,0.312262848547131,0.167935362081514,0.178864784900518,0.313372695464935,0.249361765135663,0.18331886591488,0.194284695730812,0.0208497261832602,0.30863777353448,0.27648948245535,-0.136346766755611,0.0733996750199129,0.286490640401231,0.193973757580914,0.0808509856328917,0.102914585252817,0.222323863548867,0.0354779208589484,0.105936553173805,0.0812639436979662,0.210127552464343,0.0664722608237902,-0.185585802654255,-0.2304802961541,0.123428239733714,0.00442607349894179,0.23986640457247,0.192397218364358,0.033786994445748,0.114120239606958,0.193767282734843,-0.169964370762094,-0.0869723621122229,0.164737465787785,-0.0965523586089337,-0.0587463190894752,0.159327799678209,0.302901828865299,0.16222229452101,0.182906594673635,0.272324058300899,0.0480913618006697,0.170563970152316,0.169873159724592,0.0418112254645104,0.219358306102332,0.40907634654925,-0.0765528762944411,-0.0891012679790813,0.246946019706141,0.153789611182625,0.097469413846706,0.123811744313324,0.311350567810988,0.092083808316082,-0.0355725933338366,0.0320800628758208,0.105184339655941,0.222516815569822,0.103737320827981,0.313008525026108,0.161633986415763,0.288547291380816,0.396671992959237,-0.022726639353729,0.258198203162303,0.197160556532577,0.0890701972797246,-0.0428853187438348,0.257964194002556,0.251452574361893,-0.0646765145022018,0.0740192187947552,0.142373779648818,-0.191224809228384,0.132212317072082,-0.216736295311497,0.190561226590771,0.188294811976522,-0.123979919006902,0.359901848702237,0.190116921614045,0.154874702785612,0.41184978353565,0.176936392968648,0.183527547580599,0.143609836535204,-0.109606399220577,0.0811415813677027,0.323571982539497,-0.0952038540036515,0.153641622616201,-0.00504118630835038,0.235449468914592,0.221916975786515,0.0417248764262135,0.1079142127055,-0.0109684141415722,0.17041441975008,0.0154921653639497,0.177893850625694,0.300356988304268,0.0510124484763208,0.290799816644137,-0.10271984905193,0.175188679630858,0.299190754926656,0.0272857363227542,0.0420925840895613,0.302098266145295,0.285871656964343,0.234037975732096,0.274535767344215,0.812223968608853,0.161329772636835,0.180299692790858,0.172414550082349,0.102958506528754,0.249997956393566,-0.0898473581035194,0.129551048347041,-0.234120452697273,0.208494443696187,0.146112266159383,-0.0684568725776228,0.341873069492351,-0.0357341094517402,0.240510222209582,0.152412398969614,0.723726692366286,-0.0280550616124946,-0.0166582375111983,0.0941688126805068,-0.183873201581876,-0.242347826652525,0.191315612322838,0.214738022636407,-0.129307627838499,-0.0188566781215269,0.0359627035653475,0.221227213241823,0.122846521068625,0.149399511985268,-0.189908180545038,0.123952221575296,0.125429751987564,-0.0411983166586924,0.0430166004250826,0.205379940519451,0.167401992352671,0.22299833433623,0.156340741333991,0.25501862974911,0.217025399370299,0.0392263690331368,-0.117560593300634,0.332260260121605,-0.138478424509583,0.125935697793776,0.0454901237313265,-0.329325953447692,0.171919057220309,0.100909371196048,0.0724735540106236,-0.0588166429120757,0.157145714247638,0.0283930767010117,-0.0285483511703955,0.241986101203995,0.147336191267021,0.172508841215613,-0.00487600762957215,0.353387432224562,-0.133627504782037,-0.111191315060768,0.309108580080922,0.338730162214172,0.034369334796574,0.0603970414936162,-0.0338316697629298,-0.0296234752195614,0.106477196116219,-0.0372625213666936,-0.165252004715869,0.201531401094872,0.0473052369933373,0.0391118972822056,0.187207958047586,0.0962104240081173,-0.0793872747214019,0.0875448210944322,0.167317306422077,0.00306957103327937,-0.15561148445515,0.167299392866607,-0.0222450728525667,0.17810273677113,-0.0189057681727672,0.0792033068249609,0.111855843365399,0.12689136999185,0.269492644777235,0.143605898837427,0.101659514882407,0.0301233432580074,0.29998415846756,0.256450712499635,0.15258257603289,-0.0708223660573068,0.104414174026586,-0.135285549285968,-0.0384811350799298,-0.0684778851296352,0.216429726418071,0.233570351072595,0.0676144950463373,-0.125178568551616,NA,0.1696031586798,0.15377779267584,0.113124344838026,0.169148992491866,0.237391983202085,0.111158056234972
"ROI15",0.230659617355851,0.0697675218579449,0.247287770210282,0.633250215156668,0.432983990362222,0.176691302367228,0.550175756877929,0.545401014820729,0.344574055741283,0.329391607140944,0.213321225829099,0.257315968681512,0.0865689768455728,0.147788188474267,1,0.104547972297655,0.511007400307936,0.791979415831333,0.037659856683962,0.12787816937458,0.16653097206338,0.122459126364864,0.436192658258469,0.216100396895406,0.148725902092648,0.30911213479736,0.469733651291695,0.701746371686957,0.517340778819521,0.0222037022432288,0.150582565805496,0.547872999474286,0.199297210149627,0.638970642093631,0.287071983004292,0.40677877870835,0.198051427880907,0.0798541679913792,0.451325864937318,0.333921611006939,0.338067690992163,0.470203437017583,0.0586889602890381,0.538272880788299,0.539357408152478,0.0231405439371605,0.137532811566783,0.513670081083533,0.292419608529224,0.644982435651264,0.327449307330962,0.0772358755887972,0.461395970601595,0.238899050949903,0.617785703618073,0.73155326540807,0.468551730991741,0.375764999655571,0.35410162419911,0.36840710982604,-0.0400436232448516,0.370653814939662,0.215465010141543,0.417127330699331,0.0822049900856711,0.0213370203879304,0.0965306795119619,0.0527480016564458,0.251280022176399,0.190729444266913,0.618910531198381,0.0753114859021297,-0.115334559578521,0.128008708024107,0.374574927650624,-0.00356851979099537,0.310709273639511,0.0185498116302792,0.216224389689078,0.393024333684427,0.183268836577777,0.285098054617858,0.391844692988424,0.482713803657499,0.522192445058414,0.0194185900527197,0.375211389752697,0.100991553297211,0.324259138757887,0.111374009882989,0.36357051127257,0.234731168611182,0.762547925618654,0.162334774410802,0.293608444769429,0.125038737533446,0.297782263440452,0.341218321766116,0.315783652827156,0.272567628724164,0.186761379313815,0.280565473206209,0.216672313381663,0.139613971704987,0.595129949208562,0.471416303872949,0.221294577948734,0.424532411072669,0.177593898915933,0.017448597458501,0.0764574755399285,0.401753670548018,0.348771505743308,0.0918539837348132,0.487437708380773,0.297519301432698,0.452328871853429,0.420672975029881,0.108575857333458,0.307363387733761,-0.126711952224464,0.350216477709072,0.228335590821373,0.379637269822352,0.198259751727798,0.0215954353612156,0.32902496775333,0.042691352354634,0.0453820828312307,0.11557941541683,0.051706594354417,0.552476724491644,0.438364184966719,-0.018300387111262,0.209569153735337,0.426608492371126,0.140047974020204,0.332899882264226,0.562285235832265,0.309085341177342,0.00800250061721563,0.00470217975033813,0.353751650780592,0.25157505905156,0.364695427306378,0.463021362783763,0.304800954728397,0.611506703552344,0.235743162967396,-0.0911090250399432,0.289023888664263,0.0845354157392676,0.33395067104718,0.634253011311694,0.132140715959435,0.390991363906972,0.605628746184585,0.375072014131979,0.0786774021478374,0.394810060093198,0.275626847660063,-0.0638024375454497,0.187350634597789,0.378314066395165,0.35110421389863,0.568975271819533,0.432732836388618,0.264727570115674,0.467147171555535,0.289573001702385,0.385243662357724,0.561188930327262,0.39413071680738,-0.0306177138660231,0.0979841729634517,-0.255817127412269,0.442666457661255,0.243723279223534,0.243431929390431,0.431683122017211,0.374964834546603,0.403219334320512,0.831800729586847,0.0852870055767972,0.449977730260306,0.301325083171784,0.315205247539181,0.0996728158402372,0.226061881107837,0.538339837202576,0.539920875416277,0.342468225520004,0.208497685361485,0.206084682270255,0.492763003330141,-0.342502751542072,0.52667225253993,0.378631898265445,0.487670013518828,0.307774711460938,0.238416622092969,-0.0978524782592513,0.439104403379596,0.275979691004338,0.387792498895919,0.50872930145176,0.380051143001614,0.401163724683069,0.131982634396716,0.530745304166646,0.162673535315661,0.436074008883219,0.484991158977933,0.507678815408773,0.237618965202152,0.387423951330544,0.451499260704428,0.714688309550489,-0.0875819826562172,0.193922432207061,0.318851397900728,0.488757643277172,0.510469411439189,0.641891864025287,0.362946447004315,0.247929721284768,0.472356930211096,0.259213336192978,0.559692264420805,0.621961236406712,0.0314327524917429,0.402502934363687,0.363082433177437,0.570831919401678,0.393414998575853,0.02372090447099,0.487566013050263,0.175213708953111,0.470229060821685,0.424897136286241,0.590423136417661,0.580000345186578,0.468377875351973,0.163914020776007,0.662704448519268,0.754936778744372,0.286958735793765,0.186379012513921,0.212265514046606,0.404062328120142,0.303952442619486,0.192601077027247,0.545325413579246,0.58698793003234,0.543018223421797,-0.0402523519555392,0.0121499091780186,0.143398301492672,0.344609191804919,0.0872041723204377,0.20916432323016,0.699994486253573,0.143752094764056,0.646578424183895,0.170030891176077,0.39756656643048,0.234297718164441,0.749298164167501,0.453272452569922,0.437219804352812,0.220814824236591,NA,0.231112158430514,0.223562048429305,0.567981201000223,0.170707094487067,0.563449791619032,0.685179179942722
"ROI16",-0.00215458686772784,0.472296618493071,0.141571047262067,-0.202541109137499,0.0363961220063487,0.387350007267867,-0.222684571263203,0.0901025377783783,0.400326778467419,0.141183769269595,0.41527492520584,0.281382959168287,0.0888107734762077,0.251349902870125,0.104547972297655,1,0.158357603627694,0.104618856204451,0.16356367509115,0.200698179805065,0.550508866623618,0.261751944849904,-0.0177653123913375,0.458008135258209,0.144770339224915,-0.0515389677301045,0.309507883830433,-0.0878727670323587,-0.121674206407686,0.0868479944299945,0.14835040846348,0.016324219246122,0.383021280588163,-0.127445877531892,0.341805052159354,0.368527930401368,0.265436081175105,-0.0730662739941058,0.17114174613116,0.543261644802612,0.416721052096808,0.0531881466915206,0.0559226750127394,0.210931635457156,0.210209803906807,0.363239444452654,0.763198257654172,0.106562057162055,0.288556752260983,0.00859453638879512,0.287569434022517,0.324470618238126,0.0962432126327124,0.458522093789248,0.228955419923748,0.233187497789242,-0.00160982846229545,0.18495174513248,0.181242539434233,0.40078632563798,0.307249739006742,0.247391739775695,0.280662143390942,0.167755726241147,-0.0668517924156539,0.272713945950979,0.563316866530145,0.102450125443366,0.282800057734771,-0.0108505306326751,0.185235310923751,0.467734465836001,0.30212506865132,0.357533820582528,0.417459125729507,0.0173885760541289,-0.121295156391792,0.0511895004942939,0.207589776036945,-0.101296639285471,0.313530302644778,0.310864432690459,0.208790573256752,0.22834821669242,-0.0251770456476859,0.209793450330484,0.181975185223441,0.499676647895594,-0.0505042960526155,0.200214378258827,0.108333308741276,0.725633247381656,0.0813791941448082,0.569859950343281,0.352239554728455,0.103717779780813,0.197074413255355,0.12359472498872,0.191215202029315,0.522174296284543,0.617281394312627,0.132982621660304,-0.0737509843588851,0.228527288213684,0.0226058985176892,0.0213956112643564,0.525218321855439,0.129766669896153,0.225114597845671,0.114476211073412,0.289842422613951,0.109803118132971,0.150574155632789,0.254420442845138,0.231782007571009,0.00536598095389516,0.140650691130869,0.444419498923994,0.0661528727994869,0.13455890514351,0.210344185286895,0.325150637291706,0.0561268899138728,0.222266792559045,0.68698374142665,0.245715053007347,0.069163049161381,0.144144588970574,0.0427988943657192,0.194270441671478,0.210165033299641,0.264174091575353,0.0833058930106722,0.190481811283873,0.638047504842549,0.153542329710494,0.293463127134005,0.491900996878456,-0.0363037458383426,0.388183445536898,0.196936399563498,0.0138588201520709,0.303601416887825,0.208206220517786,0.00218368072677111,0.504077106189288,0.193254909523544,-0.0475010556928622,0.22191927331404,0.0744715721975244,0.164116786156826,0.552519854752004,0.0787650963940995,-0.00184065756016775,0.234992006672623,0.0916287785810945,0.0180174883098453,0.139403029395747,0.17531028484476,0.534326380476957,0.374708350280998,0.477692314447492,0.245254591686838,0.458025864780529,0.102771537705421,0.196137555546444,0.271505727919999,0.184435414563522,0.0981474285554037,0.20822443702805,0.216989233083105,0.125783253960983,0.309946030494167,-0.0346036771442695,0.186107177483872,-0.128739089358073,0.181197621960505,0.14848436930002,0.299517954970893,0.469406921067984,-0.028496946757235,0.23154741754897,0.0791751374959947,0.322587427843153,-0.0483066098246541,0.232524430210487,0.231352331011277,0.019823954705827,-0.0958821023771934,0.385980830481049,0.213907510854019,0.0996471138493355,0.397213814228083,0.382927004205482,0.188167083712084,0.123093008705898,0.0242829505453042,-0.0790318100031348,-0.0255610849037969,0.266519357220597,0.355114231206825,0.248441081039029,0.21208038893983,0.629417808784218,0.139793411288325,0.0644830404422803,0.129105828531827,0.119845116556627,0.262588366039437,0.0857803994239744,0.268516365847039,0.0934543338010818,0.0976626511123254,0.196918210144096,-0.0654133071942415,0.226510364544125,0.0642304101528435,0.181994432824928,0.144221365116561,0.132993175888935,0.357144104119525,0.0942722148408633,0.260276996674365,0.212780016140637,0.204913047903989,0.285728069790445,0.0623847902625911,-0.0495100172395153,-0.00321514990405773,0.37334179079632,0.230314598357543,0.352517638660578,0.176173887399987,-0.0470712856311158,0.0352169477576396,0.301339332614461,0.0732545622145969,0.06949729553764,0.251116620822512,-0.0335729468625514,0.247986947877305,0.0200018623802075,0.259049981604257,-0.0721423355335614,0.0497954540137963,0.12416604560174,0.134507834926722,0.0212398183615523,0.813061299228496,0.22195112640502,0.280378523411405,0.263518650004425,-0.10113621067226,-0.090191246791974,0.166524577718573,0.431275163115024,0.281258704335071,0.510770065758926,0.192181763287704,0.34643803743343,0.0363057936938538,-0.00364849561659051,0.0457706379039262,0.0722919127576699,-0.0528917356046693,-0.123038662954384,0.0989430871052473,0.153086583472882,0.330580211267377,0.00666819143858247,0.0549301140420074,NA,0.117440714356903,0.283717984269578,0.246209258168548,0.499560746149549,0.010682894634283,-0.0696529141629657
"ROI17",0.449965475054222,-0.0718007490401884,0.320306176616201,0.434770360987122,0.603357162135843,-0.0409353835978554,0.247611535233386,0.51851917280156,0.378151266276728,0.189443807750135,0.352467653929671,0.263142834327529,0.05699735886351,0.183284397555532,0.511007400307936,0.158357603627694,1,0.51056070316687,0.0574697650348993,0.601782639196988,-0.132477706509819,0.00271090155415936,0.497729113071209,-0.0257890220595341,0.0265016320496638,0.116575443880278,0.722173768506127,0.466908727086182,0.540026870374443,0.0781430752277028,-0.0195423740123682,0.571349987158924,-0.00685391131587603,0.20409857923928,0.362650952742675,0.568394789133228,0.000878721056640097,-0.0402869681066696,0.603397021366216,0.275619243496687,0.4650146871194,0.405856818016049,0.269549432310168,0.190536061883979,0.613548849478872,-0.0742012169552942,0.0317952996903341,0.360293259836977,0.365682498130156,0.519337137368015,0.306717145852386,0.371508619987089,0.357530819524021,0.0941352769629816,0.707161873881005,0.299091290775994,0.493651613167627,0.471172459842021,0.760197266444611,0.411888269487264,-0.0551884906250987,0.127327400460701,0.536685377466934,0.578009996371698,-0.299779426505293,-0.214787974524929,0.35820809917741,0.0167515169923661,0.002426649699703,0.018277562560771,0.664132555730201,-0.164977638890622,0.0760913229780038,0.0151481433502271,0.556388892815096,0.0259026420213714,0.169003544687432,-0.271111498638627,0.143315165689887,0.48124932741972,-0.0790685783319314,0.500022499707998,0.487018788407446,0.210923064806902,0.601881555486831,0.0657727244512548,0.417972410534551,0.327348882194712,0.0613427002668234,0.335373070361388,0.330186619178099,0.260640640091427,0.511259572109856,0.185534274205388,0.638403094707523,0.220587133523159,0.249463016463683,0.302518884233039,0.426308619677416,0.577609876955648,0.32555689802272,0.393984800514124,-0.00190758779983804,0.12596124896209,0.424427709983665,0.436141401022595,0.0279674410569872,0.344120339726239,0.222097168442711,0.0152406866838422,0.231039011087182,0.482981633544533,0.160939905855416,-0.107192787823999,0.482605387681655,0.585879954852203,0.345419350393722,0.445186667505781,-0.183166407187427,0.479954138424649,0.0356126577554727,0.347427233684909,-0.045566378018006,0.396295526575439,0.087557312542196,0.0630261655397599,0.2949528658579,0.000336290924177646,-0.00562251586037359,0.124148815455288,-0.252255581907343,0.466229711822706,0.377186240467133,0.160174155680602,0.0843949328308873,0.481248938139979,0.339583978603111,0.445514472283503,0.611134121984019,0.567203038191301,0.136966393259224,-0.0191210759795481,0.364056125296988,0.237383822949358,0.0814286389378932,0.448520494000911,0.335531098095984,0.47388593602104,0.336878183701191,-0.134819271255995,0.0774028595259851,0.0413105391866494,0.404208823171179,0.377066008925089,0.259487753891897,0.406297143105881,0.556070304468051,0.355320719129888,0.140169350114901,0.321981125194809,0.403126910143644,0.149316244873103,0.190447104478276,0.397766975131534,0.257268327275849,0.487825842679299,0.417689506951278,0.225958758494387,0.554730275106046,0.304183885616835,0.0877348382816062,0.612784533689613,0.591548968519119,0.0632353318515381,0.0374188233067287,-0.104120234837152,0.42428423538506,0.201697646656336,0.225838571841088,0.474022973805205,0.110966803177381,0.31391090066572,0.570044697228922,0.243719430952663,0.531758786953603,-0.0746043608641245,0.346726819070035,-0.0644756440922303,0.0399528782475769,0.350037859019891,0.5241794455693,-0.048418695152756,0.16484099446859,-0.0460988939325968,0.601846739726698,-0.320997500565403,0.377952813584902,0.105438983428078,0.425184965827259,0.269426572946912,0.219483883534045,0.197536965714961,0.387749751296928,0.150491641453114,0.516385597199349,0.564412078035757,0.506574516402749,0.382525240509995,0.35660310852554,0.208883588663002,0.222786602696626,0.123902915276677,0.470893194991537,0.487303750458719,0.0436158444072825,0.432162618096542,0.275305893960731,0.620521170220199,-0.0597969886785453,0.0659119517443873,0.376570055107363,0.601467896520359,0.423390566418098,0.570506891718513,0.220144010939,0.0514184493129545,0.338562263307376,0.0211211259001962,0.455299936671643,0.586959377410177,0.224995498830319,0.431290717507055,0.280475826533664,0.197578081506941,0.492517261300657,0.161327576842651,0.498275384122871,0.0172703339195399,0.506318904829659,0.435276335322582,0.625528482661356,0.480719319845864,0.353643103685035,0.155349713629298,0.683330750596167,0.611392241840116,0.54068054134527,-0.0227409792901054,0.0381632806710762,0.321732616084433,0.251977040368373,0.180991056657988,0.374230355361662,0.379131727363125,0.530555736840252,0.0927930436071944,0.213401970489318,-0.128057745132262,0.253667599773565,0.275576959717658,0.1612427535112,0.591471760288082,-0.0622142896299905,0.539987082515815,-0.0752033592017468,0.280318655879839,0.0635882729489383,0.657581137470605,0.628762371499831,0.195080744310063,-0.0603608284934937,NA,0.238966715665227,0.379934178338424,0.486038290597745,0.473473202784758,0.567477564863327,0.488707239039954
"ROI18",0.146554400835849,0.0440439598535092,0.178066323538001,0.550958943294587,0.409652779961687,0.131689704000012,0.481831311457036,0.417302233560352,0.220453074798093,0.22905612027797,0.0663233185383967,0.217923680479198,0.0381415865661029,0.0383525176876262,0.791979415831333,0.104618856204451,0.51056070316687,1,0.0194093215509107,0.0950308509810433,0.199716163492202,0.101381715773291,0.413468885297005,0.228603943227907,0.120316611580253,0.338712876836754,0.394146905909201,0.601888168999733,0.410371229809791,0.0501299956036772,0.104087087324028,0.548698003596893,0.198000890724165,0.55842537286435,0.331888442482225,0.362807309381573,0.120446362725791,0.0668294394641798,0.337424301381475,0.257512521163871,0.274402938787778,0.378315636189455,-0.0675099247511192,0.564192007077865,0.553433104475961,0.0477503863065961,0.138501362161753,0.410070306335729,0.191630078693799,0.588604119634631,0.329722274318214,0.0616364212605111,0.374991738706346,0.143295836188769,0.51819650378944,0.666701535496231,0.395233691125966,0.229468141167762,0.289056826427334,0.306361570436412,-0.0449738656017974,0.357547060143502,0.118159753257839,0.363873360035964,0.0275814855588282,-0.0405857439485077,0.0290218684444627,0.00915977628864077,0.216445739740953,0.043558838056207,0.56751827816668,0.0149293529462791,-0.0838748935001422,0.0385937784162724,0.479023314612104,-0.0378831977127436,0.369568143535021,-0.00490471210406259,0.168981038423228,0.319355456874269,0.101508956361792,0.19435495499983,0.387234481778288,0.451533761137675,0.45590389997528,0.089511009548596,0.403786894158401,0.10019784277413,0.32473414139258,0.198818562390501,0.241037257040928,0.199767148803447,0.603290899508901,0.0886181627535834,0.203245437292701,0.159341294254179,0.315466090490439,0.205406296728891,0.293720231229989,0.189869455386895,0.131613729896663,0.318969037203718,0.2075801071566,0.0880916664736797,0.558230977979202,0.40070727326552,0.205214861808869,0.348702111462377,0.103545852818463,0.0163775751690475,-0.018201703996241,0.342453011493383,0.302023045601772,0.0247297721886917,0.417452221647124,0.248009949576976,0.362952433082278,0.330256058069143,0.0280239082530742,0.335778830937357,-0.0244089616382958,0.334345790611397,0.216204255971439,0.327468854072401,0.0796361629911804,0.0450262595407368,0.264577195964392,-0.0838705906954856,-0.0162450848786365,0.0708456347183692,0.0604187314845171,0.45233367201701,0.369141481105518,-0.00323022448388288,0.180877839004541,0.371842498009708,0.166580209318897,0.160798824601801,0.544186470836221,0.302977193951165,0.0419405226842558,0.0663388864032326,0.370232127034856,0.098246340979412,0.370070001730955,0.390602784536553,0.393567846082225,0.530816476051334,0.0783080345479228,-0.0364957974000849,0.169658826685137,0.117994010189385,0.338402643166407,0.627416622795329,0.114700477339746,0.328296627373599,0.49004831647354,0.193950596225238,0.0564074613745936,0.260970999121332,0.134299799343356,0.013903189106575,0.207581225213136,0.314097328676204,0.343062396773165,0.458370728493779,0.261190336974818,0.202360785164921,0.36593815879101,0.221789015408627,0.374192510133974,0.532833115827519,0.353718043456547,-0.0349182520589298,0.0373552781304362,-0.107277767104847,0.447837640616612,0.174193145115373,0.215067797920699,0.324555583758009,0.275392889877415,0.317326583108697,0.806052343427626,0.0620305114360942,0.404315076725081,0.306729408110738,0.261050020174106,0.119253350240878,0.195927880550818,0.437722868664141,0.508048363528931,0.356678709980108,0.2544785469511,0.229110781892924,0.411362612266151,-0.219462764537823,0.474876357723549,0.329998696258299,0.413214840348352,0.340931917495158,0.289224816298689,-0.00358862930003631,0.340250633178675,0.278768591372476,0.391748872347594,0.487429524323664,0.216039880951071,0.380628643786364,0.184912617162639,0.554190165283489,0.0612243156594549,0.460394241672374,0.406704312524104,0.411998341301606,0.264088624312379,0.185757429843167,0.403828162651389,0.716523980201846,-0.0300152604253793,0.168317431392197,0.300419311009915,0.470071141092254,0.410650368468577,0.591064944237908,0.315419539404286,0.25487613994356,0.432042385801826,0.262693224205182,0.570634008986132,0.520300440161457,0.0184212478657592,0.296599260761243,0.354972082018447,0.519604283509373,0.481998549702853,0.0743405175986597,0.457593621433811,0.281279155512017,0.311685499195236,0.291047664227629,0.672047734688062,0.479544892115218,0.362251173507851,0.192993569354955,0.715872513022883,0.671622267784002,0.37068188052391,0.198469698776549,0.187068140748897,0.327441583862216,0.229306375179726,0.262055270074275,0.51909169118519,0.510808108773586,0.490731201037978,-0.0558635657695822,0.103440938870074,0.169449573395269,0.30823134445786,0.0946281145644159,0.166938391701204,0.670735351565052,0.0907972789389716,0.623903406651722,0.0916299037052142,0.432908480636303,0.288585477036754,0.787560535937972,0.356106105864597,0.446114724843669,0.169894792156859,NA,0.203760793559066,0.225417254255002,0.499084186101926,0.162976127073541,0.495004684245407,0.656671241132182
"ROI19",-0.0857863082973048,0.177485641094924,0.161853160090706,-0.0866577876120328,-0.000641925132527809,0.163962584046082,-0.0832059363183478,0.0976889099331079,0.141709372378371,0.317698445170069,0.308608423480012,0.17260000042929,0.0359181929686386,0.294468462907897,0.037659856683962,0.16356367509115,0.0574697650348993,0.0194093215509107,1,-0.054803056171166,0.203284284383174,0.0665836482974145,-0.00617976099591805,0.263716347264046,0.11802873143602,0.116170441124779,0.1696556058079,0.0138235963344194,-0.0461292880211497,0.147882048221746,0.0716124784008403,0.0365359455956315,0.268724949677642,-0.0194655330553658,0.024417022539853,0.029831425549917,0.130710333816708,-0.0461255187520573,-0.01160900715318,0.101417555712663,0.0394079951751148,-0.0491751382687268,-0.028983971498553,0.128287890937852,0.0552711249687252,0.214008707309465,0.218795238169832,0.0293777818311581,0.16768106605369,0.0168472208700805,0.218208251392722,0.185027539521749,0.154873241157298,0.244044300066944,0.0996455145300453,0.00712234066464785,0.0540387063131722,0.173940836699261,0.128449571886478,-0.00536127438553631,0.200432036047953,0.271341298413447,0.0922972828728602,0.0788103234984528,-0.0687817909880387,0.152210944112532,0.201081612289797,0.0579412206228078,0.148480093976596,0.0585742024655169,0.121712409754425,0.283705375087159,0.0805479591995356,0.164164323985562,0.159073475230565,-0.0240562055637945,-0.00171374895876791,0.088803071328517,0.0367643537213255,-0.0468179485940056,0.258587781994638,0.0984288733903502,-0.0155527574904946,0.036342135123544,0.0799628665584167,-0.0217389693946464,-0.00253579679617871,0.102383366314257,-0.119024873915176,0.105755677899927,0.00385379612798015,0.262505884815375,0.0235999023552787,0.385489958552424,0.0930652827401952,0.11413580981207,0.0477086429461409,0.0255060635385073,-0.0207914733238315,0.147200427352459,0.265087512222661,0.0398854809679962,0.116488915956716,0.149195925108564,-0.00867788651337322,-0.0382847428912483,0.145103372989975,-0.0106622881640324,0.189625080572892,0.0308945851955586,0.0744435668312489,0.0729152321856008,0.161610187344384,0.0799849437251927,0.249374465469271,-0.0785567838117416,0.0484948505821714,0.259701442153572,-0.0239772721043252,0.117330540874333,0.149596550918743,0.195682541082745,0.149696714028307,-0.0370669968459782,0.23404666457729,-0.0698671496910588,-0.082769070390627,0.102744273767528,0.0266143325885331,0.0317642990252064,0.064796018742484,-0.0260419920581954,-0.00139772974959465,-0.107287094041509,0.225492267863237,0.0408537510411077,0.220977676129007,0.336218504913427,0.00747116799230253,0.227488304893043,0.0221870802638934,-0.114351925069054,0.048204848969603,0.217947275633478,0.0698294361535916,0.0926297535545378,0.00801250230409352,0.208870289341505,0.166755286817762,0.00683954646935461,0.152291708072923,0.133584767587678,0.00284297094105823,0.0418130038695806,0.243911284482088,-0.0216508389623231,0.0400536315452465,0.139598756541226,0.0339375401456914,0.250514325146549,0.150067896567342,0.212209822085228,0.0653061227198732,0.299094297828518,0.0265055389309418,0.201281088666737,0.157988556808059,0.152714814937081,0.0428635223307808,0.331630111384734,0.186438122873818,0.0899928521104056,0.142853559402372,-0.00731082602035922,0.0103784460871984,-0.18154598319526,0.134495011616077,0.0647758946471231,0.115122073514505,0.33719691569664,0.0786586426700119,0.28459685336502,-0.000170376571213613,0.306857598878883,-0.0559023178754338,0.19594936758328,0.202015850497989,-0.00240413649180609,0.0599571260868677,0.0338345218359773,0.0248508167258354,0.131156677760084,0.166357798253358,0.255875716322354,0.145207161325316,0.0199942170491116,0.177827451035377,0.0167086927749839,0.0764205162950676,0.18928076592024,0.11614839443112,0.0339100642025293,0.13783100346748,0.197783501255112,0.0159816487945617,0.0860695388351456,0.0363235483592402,-0.0529443709956791,-0.000136952310214398,0.0608539246334504,0.158499183929176,0.0338023786925964,0.0567633453854808,-0.00238824100955651,-0.0381490457807969,0.113613308275699,0.182123905426767,0.0399630588331089,0.027598515147766,0.0148025044699592,0.224933050660066,-0.00328650861437457,0.110069550654753,0.0647507415497297,0.236421863809572,0.241783665909306,0.0421264215036447,0.0528570720057503,-0.0267006471350082,0.207736578908557,0.134172892986436,-0.0187864075203987,0.137952909441821,0.0165967790550138,-0.0687699918415709,0.0539974444541667,-0.0409119987710124,0.12289705960726,0.135483357010671,-0.00616128839536564,0.0520531240477856,0.144679618487652,0.0203570936368548,-0.11370502326266,-0.00209619250182905,0.033785689577838,-0.0696110932760749,0.129301373515334,0.192592008279314,0.0338187676245402,0.295444414258641,0.0884145568532254,0.00672627598165422,0.146716228374732,0.0968957540628683,0.118399165191124,0.12569464232498,0.218199566526665,0.260585238712483,0.222069696551883,0.154695630219068,0.0232362222596491,-0.0690852518319631,0.0410017749528402,-0.0687490237362472,0.0195350454173589,0.122056762637881,0.0145432979083001,0.0900375105560614,0.0546879394852751,-0.0144293923285627,NA,0.249406559183823,0.228322033231531,0.0708439989078004,0.161110043863173,0.0550989251236714,0.105768654687228
"ROI20",0.53289351133837,-0.0318894410573595,0.411727605839569,0.102017821318927,0.420243270259651,0.0193972990661805,-0.0459746182131215,0.3963319933084,0.375273150863982,0.0235156395305107,0.34480799937669,0.243527932950239,0.0779643747645174,0.169015031198013,0.12787816937458,0.200698179805065,0.601782639196988,0.0950308509810433,-0.054803056171166,1,-0.194994465819272,-0.127088114213162,0.26868143180418,-0.171163843928287,0.0591688359058509,-0.103333717916809,0.412068042123091,0.0853398616069727,0.32268298930398,0.048257522146615,0.0301451423285912,0.268062805908054,-0.166188133511619,-0.106336576215202,0.29402862732235,0.388363026279341,0.083696892271175,0.0849256389513333,0.497442352068791,0.244539380387851,0.435480811218472,0.14630436576034,0.360649048437758,-0.0749018156560845,0.304040235151395,0.0765950855720113,-0.025346201925746,0.0749880556416019,0.305465803138837,0.151297111848917,0.142212812742863,0.415817245424073,0.0472625514344363,-0.0190944303555326,0.382880100898667,0.0444039655423587,0.391997511205951,0.277526226729236,0.515561957138997,0.434011908743765,0.106293299119907,-0.204525319557439,0.495640990349875,0.327194256525231,-0.383092159149339,-0.0790227340332719,0.538135751774662,0.0417032609612088,-0.122929479511198,0.000935911752472896,0.279289686606263,-0.153605278127116,0.349192980279656,0.014871451202907,0.23416694810646,-0.0431633906850152,-0.0595431161368629,-0.170075365376487,0.108924842527007,0.362423058936066,-0.141274263357866,0.418647745904234,0.381803067826056,-0.13542779647758,0.291458878485988,0.191974248782491,0.237970096119335,0.489738824212141,-0.154649779259018,0.300245364801557,0.286228877664142,0.192139397207273,0.25014356101181,0.0495809174999098,0.621401057236905,0.192701363275261,0.0395245780708838,0.284427950192674,0.208505547434502,0.583448587420574,0.33871665947604,0.236996092369108,-0.057754273935192,0.295451495268877,0.0830609046239969,0.214131835249407,0.0660340185139753,0.189075221612568,0.206088941337589,0.20662989172354,0.362348677576163,0.272209625238735,0.0387565835830442,-0.00571666007266977,0.241202577525276,0.622096585087459,0.0612648294019524,0.294024980264107,-0.192921169714617,0.369075420051742,0.13016357039321,0.150837204105259,-0.195479871275679,0.371576245482511,0.108596832539457,0.214560499851938,0.00406879863841058,0.180352844377237,0.149446326113512,0.2510126442902,-0.203729126897732,0.182699674624392,0.162534799635121,0.50601873885533,0.0296818743876082,0.149987604878207,0.260303584561255,0.26791661573458,0.188316935829669,0.508648396388792,0.168876316512335,0.0510047906418487,0.415886003022986,0.138951174826691,-0.166496346510803,0.380034076361469,0.258851663169103,0.184037583394013,0.37294193328583,0.0271179447873549,0.032134101976344,-0.0357353712000717,0.30557323777402,0.0380176205609719,0.253868076870174,0.0358474046518745,0.318751619854037,0.185661616356736,0.144455543211232,0.293810590476925,0.237599236490558,0.178896473854073,0.160702097616322,0.208487463071196,-0.0118421101026246,0.398970387012467,0.25151194189922,0.115201590936084,0.384320652606723,0.208021741717464,-0.170131786442045,0.320634860091962,0.360793279257812,0.00286472688310069,0.0710224885635592,-0.0508351574354271,0.286523571123866,0.0785885907520395,0.273190093671685,0.168625127844585,-0.0931978537702522,0.0348987206155751,0.190165383864522,0.247010129269419,0.314970841909774,-0.282846625876974,0.139690091734722,-0.0581781050023313,-0.0483192847994024,-0.00495433747820013,0.222888784661864,-0.30708449997622,0.0480227753443934,-0.171162445693363,0.450427837179899,-0.2331782425913,0.0949302160106554,-0.122385302724503,0.175965739306072,0.165585505899395,0.18027841009473,0.318408625107304,0.240993346396837,0.0251289156907371,0.229742331775282,0.330701646629818,0.401623272356428,0.0172440557845684,0.400600111494375,-0.154324886195293,0.222295407287316,-0.171990162197148,0.219014573871809,0.344303290460147,-0.027898533156425,0.306056228688888,0.00974224901369756,0.240472014141715,0.00177541443654479,0.0543928667540577,0.184739701651649,0.469685384998651,0.0557998111526874,0.257864742536773,0.0691084700095594,-0.0380226073509848,0.00516703448435785,-0.147576923433961,0.142002558982249,0.326297959961796,0.305168715839701,0.397177010617257,0.0981611473442857,-0.19633751691527,0.230172839766809,0.290806486447588,0.227299101033125,-0.12978833218895,0.334371169511386,0.301391705354118,0.233039993279981,0.249489895649861,0.183584758821509,-0.020370039849316,0.347060082283202,0.304824225361403,0.376944874928576,-0.128351342534877,-0.041992815348215,0.237071216755914,0.0635939846664968,0.113022571169584,0.0842490418200485,0.0984419974265619,0.362300554849282,0.368814104203086,0.312479479527239,-0.182248121560316,0.0340167773072634,0.33918746699372,0.043718540949429,0.168209789843197,-0.00395134224919431,0.152878875254051,-0.164397210600206,-0.0556701724685058,-0.0194989099240444,0.266624826131103,0.394352306878845,-0.17211466361266,-0.140202430775688,NA,0.251465602983099,0.413963063820375,0.283940401060347,0.526457131376902,0.217840801631489,0.109246208105189
"ROI21",-0.248252877541037,0.552237966318764,0.172546523515126,-0.122490772974766,-0.0476867981269587,0.431793572472517,-0.0820290086699035,-0.081512701794452,0.24501258403857,0.164576978849196,0.196610041160121,0.215666391254938,0.0233451073063177,0.186854748278027,0.16653097206338,0.550508866623618,-0.132477706509819,0.199716163492202,0.203284284383174,-0.194994465819272,1,0.22596014416572,-0.0980030425346579,0.85818598461581,-0.0439064111790879,0.098552382024408,-0.0652624877053234,-0.00509588684069844,-0.254169102740732,0.06604248697857,0.045060542191933,0.094048646465965,0.490104003968656,0.11112154771947,0.228726329461413,0.00848319196537677,0.524735455060118,0.0887832493072917,-0.106395532683365,0.511875212594614,0.077033154755381,-0.053185618124694,-0.0762977835414393,0.42590442159941,0.117984456810315,0.414507607031605,0.626723808691987,0.267287952215663,0.161392352961586,0.0331327228954776,0.466703817355446,-0.0120294929337787,0.133992960359826,0.430958363748305,-0.0307907603697711,0.284246652589075,-0.0768986535876516,0.0341735870323095,-0.244221137554576,0.157688979341806,0.160933461230243,0.443331537925329,-0.0428778113844245,-0.144825235378595,0.290140739112331,0.431392401709847,0.0255784325014332,0.147105145002184,0.546875874720304,-0.0781039390689498,-0.0188252822635589,0.634989554344488,0.109366845479353,0.215903339072895,0.432830159176835,-0.0889271046063117,0.0931906769802963,0.3342606035813,0.257764655787027,-0.294354316852847,0.571342217736879,-0.13880575015703,-0.102613308516018,0.283895303412111,-0.200430034497776,0.220804230331089,0.0364977042149508,0.0291622575785043,0.105172818810886,-0.0458102846515146,0.114764619878544,0.438372755932273,0.0569874973113516,0.502571482589997,0.0153502082731396,0.0413807463582606,0.0840422507670058,-0.0329427309624135,0.0266581537306294,0.01578132896821,0.361943986277133,0.040110546499327,0.179255022470003,0.194925761752448,0.114245014416513,-0.122443185050338,0.52553997565785,0.0208594547907769,0.0992230238562187,0.199976351298743,-0.0606046630788051,-0.0143118434203155,0.1792988937887,0.244470529589313,0.104371272045174,-0.226403067913293,-0.00573873069860902,0.334517574896068,0.317206021778114,0.0139599346811233,0.161822091139609,0.373866189010621,0.318867137577641,0.241175438248666,0.488607941013366,0.164409196188498,-0.0491388222341937,-0.0335804544597812,-0.0121265507423354,0.263690305675164,0.444262425859106,0.124123366318383,-0.025296566623136,-0.0611797062541516,0.750917533367854,-0.00239613420428907,0.148306793588753,0.175166852920585,-0.0692895786903932,-0.0200787825576286,0.105646497887678,-0.0174184996258728,0.0128236625839113,0.170382764276057,0.213980111182673,0.305236893922217,0.221289148453613,0.0726176455331516,-0.105217399600694,0.233327865425448,0.264691938822571,0.394474483930864,0.0729716438799731,0.192396251039367,0.231754406050353,0.0406657020930211,-0.0927472618392386,0.0458266091413415,-0.0848528958462682,0.248811156237869,0.0761921776718031,0.151121415355575,0.123818880759796,0.307465105005139,0.073284462523141,-0.0186988985675743,0.188862653105641,0.225642875318507,-0.083759317256476,0.25779081327963,0.671198029442088,-0.0977205022966751,-0.0591709273792268,-0.0939927520480157,0.22855444791822,0.00386687680045029,0.163566947204069,0.0744108804740632,0.102611752048435,0.210400373458603,0.157374194268079,0.363225480384487,0.187682595514942,0.204015849380685,-0.143902747481068,0.773339410119945,0.16461178525113,0.236581690563161,0.133412876182459,0.373244931451186,0.139276984221665,0.553366829394778,0.243266861890706,0.584262186256918,-0.048766367898298,0.228803403006575,0.0863144354968869,0.119407173553295,-0.0322246106914013,0.431968952728553,0.316006739403953,-0.108158742983084,-0.0410789020741634,0.661630295198212,-0.0972790403337747,-0.0804844341970311,-0.0602093408909318,0.0372169948745893,-0.085505620404947,0.354420362463271,0.115573670642667,0.371170115934339,-0.0105478331022511,0.0424128718250437,0.0563926933751026,-0.00537967045764519,0.143414270432371,0.179796721145914,0.032368201695235,0.19296930980163,0.239210822624731,-0.0822389892992303,0.11774731952425,0.208071459458573,0.488737350166722,0.499206292539863,0.161346007362599,0.339265511477513,0.0968557344715039,0.182057332973778,-0.0506047847814506,-0.0318045238085032,0.165721330892817,0.312811114831248,-0.0471765162014554,0.154719412678389,-0.033374486095758,0.339481733724852,0.140984664207219,-0.290426420317538,0.209553026710653,-0.0358005372637412,0.181337194476165,-0.00400231724659709,0.0535244935091249,0.0411762311922033,-0.02349349058032,0.323052824921578,0.731193815599357,0.143975342064738,0.435212476325297,0.150112296834604,0.0656157327878225,0.00791834328411875,0.125103469796754,0.226694930696991,0.270667138269198,0.768317601010211,0.248673627129242,0.145522419307297,0.134176567214171,0.120812427992471,0.112583100396132,0.101917373515718,-0.0501658267593671,0.0737982450760931,0.402867827260883,0.192498579542069,-0.0770221220364859,0.200550116237843,0.336739821510326,NA,0.0701718974279168,0.19882660854175,0.292979515048521,-0.0655730936288282,-0.0457879240606207,0.0204400371119836
"ROI22",-0.0504395461070689,0.363247181079179,-0.211574331106344,0.138609871289127,0.0831168002411302,0.554730304268726,0.0680936607322776,0.125845114726795,0.122078294701615,0.189654479327541,0.0428588838209897,-0.0450494822521101,-0.167688776336685,-0.154722620622459,0.122459126364864,0.261751944849904,0.00271090155415936,0.101381715773291,0.0665836482974145,-0.127088114213162,0.22596014416572,1,0.217229246758293,0.330568594397691,0.0430784959060408,0.258802777267343,0.00920487048301149,0.191380205550312,0.0475454674911905,0.0615204031232397,-0.011762693592747,0.0332510002229207,0.611358568349867,0.205022669850707,0.415880786641123,0.210868994137426,0.0946305500548179,0.11696697815942,0.0391803753369553,0.236173417286622,0.0340409255363708,0.236131640876464,0.0538170860761314,0.414778755885933,0.144196464652092,0.401613944447565,0.342899580228317,0.11335039592496,0.0654454798992494,0.214143963393817,0.328987131108185,0.158914237476731,0.080095462645663,0.272419695138292,0.060792063893549,0.213119126026934,-0.00995912494304403,0.0561204028604174,-0.122443019558703,0.0889596709509825,0.00288345033299434,0.548050976442193,0.146190497636805,-0.125837054038428,0.464342816619472,0.188816638617071,0.0487072653302461,-0.0143137959858726,0.29773404163356,0.277392503316462,0.110459636067293,0.4667820213385,0.101138823995525,0.647958359969519,0.22402685681709,0.102474357432915,0.338288292924054,0.530927416220675,-0.10524678895929,0.0129240594023388,0.327610950186586,-0.069588537413173,0.104036166833537,0.238324787970295,0.0149871022312166,0.341158931102546,0.343061491245131,-0.0263666514884914,0.410749497259478,0.285504015749943,0.0057413762566924,0.191578126208429,0.134666006950199,0.378467127043826,0.0965116142773055,0.284202136746745,0.106006161033065,0.0364198784078806,0.204585367278517,0.249088940992081,-0.0343629162529462,0.314270816768718,0.032754264558653,0.0580980908480068,0.142506615497929,0.174238651331648,0.451291941520903,0.093941332819863,0.097901848873952,0.177350730252574,0.149978232246984,0.108337801728187,-0.104977159522464,0.193313728504914,0.244324423655328,0.0213926248237523,0.123612189874287,-0.00626285761910944,0.528058284705073,0.0871558971078468,0.0563062701211082,0.412163460072875,0.431475912955332,0.0990074097926142,0.399082363646647,0.222932932686191,0.187682062666559,0.0590735702367467,0.399624622851117,0.0399796612545675,0.45261042306619,0.175463477801599,0.278905379364471,0.323734990411205,0.212222352012385,0.314641155007863,0.00804557805314022,0.138724921825492,0.0403995708903962,-0.0599331406262,-0.134604401792125,-0.0351919214151224,0.117939127021861,0.036555601115407,0.245991261892451,0.128377456956231,0.296090262957765,0.0488635820863328,0.0391326877958271,0.0980175122268516,0.239215830842653,0.341878830004511,0.0958539590578364,0.173129533076952,0.0580125788577444,0.17786283750831,0.0792984234685453,-0.0305458486149544,0.149390859904436,0.321439530729026,0.0846144570220665,0.260676680928456,0.412471633522599,0.0881332793483597,0.0542293286495316,0.0945001945893652,0.111454227669108,-0.0177600713957561,-0.0430459587131569,0.156222952033264,0.163476036246639,0.179924453678215,0.105213366568259,-0.0368224654453857,0.0455770641877421,0.154382635246739,0.185779241455003,0.173087777568306,0.310113463703266,0.181369902119862,0.38845901446997,0.14245153329961,0.0707987490455095,0.0114761073801087,0.110369701791677,0.282495349332879,0.287222467322463,0.428018432444975,0.360398551585653,0.287248882503908,0.251130222313435,0.368085646940897,0.444639844379434,0.436570417233288,0.00313454229307282,-0.169008605266583,0.185207169813877,0.398319580288357,0.255419482947161,0.130831721607194,0.458263422339845,-0.0124510059252476,0.0972273792357047,0.347855252177776,0.111771451001097,0.0168040892813707,0.0814360324779625,0.276106408447016,0.343719692804671,0.413949947353473,-0.0395710606984873,0.468999673190647,0.190534114252613,0.159731645265644,0.249401880829457,0.0650823978847496,0.243639151507702,0.151653287257556,0.153998590530959,-0.0033781562061259,0.363509791705867,0.155556692748486,0.144215898194045,0.175061663049002,0.258753748538525,0.368876660930986,0.191357623524607,0.253227395910853,0.311647965119663,0.175566230891139,-0.0464837399861592,0.190109048673124,0.265554929596723,0.314437261407742,0.230916660269675,0.250370550582025,0.0589950440861751,0.450826767510032,0.019580955903939,-0.0919545594020471,0.12627236109343,-0.00883639621263933,0.178936241090586,0.326885258486875,0.00210292220316891,0.0454945377274531,0.235137939074459,0.357242885037426,0.277499005188316,0.259513369069854,0.210299125064335,0.150161269484471,0.126022366646679,0.11721132275531,0.0480069687734496,0.0164926635913902,0.0741333415492141,0.3055373577627,0.20719441207706,-0.0179056302248814,0.0387004378244659,0.0614952598312369,0.0192958584457879,0.220985607568488,0.392013434850085,0.209927930072869,0.247516368501811,0.0452889420377275,0.00404564351785264,0.219376330726557,0.507433600476383,NA,0.100978961415187,-0.195934295798654,0.125006104145275,0.0933630566652604,-0.0355079564902594,0.0991736246628132
"ROI23",0.208846502321184,-0.0466712851195334,0.103997871535562,0.567717958455195,0.526814310666202,0.146756609890937,0.350233361981412,0.648260517855376,0.292761228339608,0.148914120761305,0.114035620903516,0.229945283359809,-0.0390582518998668,-0.0242270914334846,0.436192658258469,-0.0177653123913375,0.497729113071209,0.413468885297005,-0.00617976099591805,0.26868143180418,-0.0980030425346579,0.217229246758293,1,0.0767273308052295,0.0969019138285796,0.362151428064799,0.291742808469149,0.465335639582205,0.64509658652211,0.0920687836605673,0.0376528482883474,0.491709780958982,0.208309380243622,0.354356339669689,0.535618379626784,0.560976960613676,0.0454717870992704,0.162921567752236,0.586992777811719,0.333895821524167,0.344815553288335,0.495591409232569,0.0659791022539021,0.385627810065144,0.574138048475599,-0.0150378483125061,-0.0639018080693797,0.373796887782204,0.219708240358452,0.431258336111768,0.282267290242765,0.148509884620457,0.374053190339692,0.0663657768884482,0.406576283739768,0.261574958352193,0.62481782451258,0.314498107739937,0.186875760227037,0.507242140915303,-0.0430370329188385,0.357405195803779,0.264245740815095,0.246726594301791,0.0782742091137508,-0.159208161900436,0.0247278175729771,0.13328409895573,0.0800465853246008,0.184764783157365,0.320743775243561,0.00468306233859169,0.121447536042993,0.217358186555476,0.197254111427079,0.0343985571135268,0.369717768681145,0.13666022413345,0.065392623309366,0.655900204863772,0.0690359371945412,0.0470983754004634,0.291400968092918,0.379382973474393,0.41498433138636,0.176374808813702,0.649414297481735,0.0645358175348958,0.279807179421392,0.303415880438296,0.12284623274474,0.0188364735116147,0.384790407153151,0.0382927732904564,0.369754425274733,0.506209395025335,0.277235867427865,0.251898928336412,0.267087719709169,0.286879252795354,-0.0325466965174759,0.679346986474542,0.0718776311507694,0.237073647270854,0.425495362996209,0.727315605043307,0.128845217052414,0.627004811625846,0.121378305128488,0.118236825454309,-0.0666877896364117,0.403527263422013,0.227186846886855,0.0486578285960896,0.463089770739693,0.404746243447361,0.374486847709385,0.33025081261351,0.130611459080125,0.689407755102629,0.0986643118813547,0.366309114113696,0.211982851876263,0.275064304700892,0.108747514084626,0.0982773491364035,0.323353654414735,-0.0297814058690867,0.124375946775757,0.200777510226603,0.031862737264932,0.39938218364897,0.349152715245834,0.16263898117368,-0.100718822806152,0.404175581319285,0.00765167035398323,0.125165188801233,0.235419781166429,0.203448891249911,0.103121194429605,0.0363077052737986,0.242853745747181,0.129433610543435,0.240610455543956,0.303430958587649,0.346151979082594,0.455192404567511,0.103114279026545,0.00540209911003411,0.242761094592643,-0.0206458910207115,0.584935861574922,0.466327510645968,0.102827898307599,0.348115056629081,0.66003068486111,0.218242541509818,0.063708522838811,0.316364777118681,0.139462658572997,0.0464199361101784,0.281016005444792,0.24731787650242,0.398288051968258,0.443103354714275,0.377977279566285,0.0514149922790123,0.307844709840471,0.191625400699494,0.171479878948209,0.466786276251718,0.310552434248476,0.0543047985203885,0.18617366525741,-0.0129280139204709,0.390210912927057,0.230164415425238,0.246794412999975,0.195345722245019,0.403666283269243,0.203864117419662,0.421274238681486,0.0898704998108792,0.719455262335864,0.120810273599249,0.208493890079369,0.128987439507061,0.290503180063548,0.295449878178508,0.511350659446345,0.223943838190874,0.231099648486286,0.0962141073073536,0.41110259892305,-0.376198101571094,0.493904092864668,0.46892433879205,0.473356380974256,0.240566277205509,0.234097985790442,0.142879980956482,0.322085027811466,0.124696743827827,0.549831791178461,0.385976785765941,0.359763974849824,0.356782426069501,0.251509349798557,0.491916566119449,0.10671965403853,0.444625969054415,0.533750106177615,0.530872864432337,0.244097969607803,0.187282517874369,0.426550861308243,0.499456176773394,-0.0534160260489321,0.158716793118076,0.20075031038237,0.77550266465186,0.391357759577161,0.422632229582211,0.271060250054673,0.187414214195219,0.42722958745801,0.243406369262863,0.509338813470677,0.315948709413019,0.136204588660543,0.499549566448779,0.346949465683427,0.387123625684276,0.683598462546483,0.309466510067341,0.357673267600046,0.321650215827564,0.346692620936371,0.500324358637727,0.340570990470735,0.465162092194502,0.386973190231094,0.268296731444649,0.456507458996088,0.396086217014409,0.604624999782154,0.192979007164219,-0.0535799763071897,0.426023497201166,0.186779180291134,0.318751779815636,0.413552332092336,0.484855909810524,0.536530356429525,-0.053897882253426,0.158001597322047,-0.0714741037146172,0.246182807661226,0.147873563221287,0.176821784128161,0.517829227327537,0.106881918235032,0.418089125873038,0.247507318607566,0.414127195965711,0.189643048367452,0.455598998898356,0.149203879263957,0.474591218771652,0.221060193812475,NA,0.289762641541184,0.0499914393015637,0.434362265081755,0.129239034162526,0.342137713081762,0.454576403121246
"ROI24",-0.265609113443625,0.649591358623241,0.276407181467804,0.0414108467637576,-0.00774682092369048,0.495252211532392,0.0142139937102172,-0.0423954483246871,0.275553197697069,0.322352751021455,0.1923108868362,0.236681942049872,0.00905494313403001,0.157272531467727,0.216100396895406,0.458008135258209,-0.0257890220595341,0.228603943227907,0.263716347264046,-0.171163843928287,0.85818598461581,0.330568594397691,0.0767273308052295,1,-0.133490262277424,0.156583138470794,-0.0792438613606077,0.129589497446557,-0.0894579674044361,0.0705940795440854,-0.0245223308397761,0.196429736419273,0.627794135563941,0.203837264629778,0.375712969998341,0.167711213391389,0.564314365893014,0.166757402503501,0.0284570078206044,0.627960255109889,-0.00594003137697613,0.083322129336929,-0.0791562297573965,0.510993707967138,0.179351189823259,0.557288254342147,0.571013961129988,0.347991411703576,0.185281323200093,0.152187623874046,0.583937864311468,0.0375842554231683,0.194319481776106,0.444719422970271,0.0450024780097103,0.275012188776599,-0.0436869281038874,0.0862190985371666,-0.261733304331583,0.223946368838046,0.110463734153156,0.615445151439736,0.101421053052571,-0.194017235155329,0.241285875414819,0.412428867094852,-0.0532430477280611,0.0848563708643896,0.606924099430656,-0.086813943383849,0.0426984811396317,0.762201968990134,0.145783858415383,0.326255318579875,0.533874847931022,-0.00976005013142154,0.173955010669985,0.460704953229375,0.250442983870478,-0.162304101563568,0.613416438195992,-0.243204488735625,-0.178921461921809,0.316569621801232,-0.146486948155976,0.31211799139498,0.147765098810654,-0.0851811526657169,0.147186854904729,-0.0142607478694504,0.139780444709222,0.418857682258215,0.109579913818728,0.663915987049615,0.136305854677599,0.220957979681274,0.0664223478023204,-0.0252895030079718,-0.00178891661516354,0.099238389102501,0.283640848380996,0.215809829053495,0.230060514050465,0.203280513449876,0.206199412691525,0.0547659262702573,0.629124589682766,0.173492256466758,0.144673906381736,0.332383585763224,0.0436066046131216,0.0818009598043173,0.202960836987398,0.194698458672923,0.22920131403418,-0.119703363817118,0.0276002086971598,0.305917404904305,0.331810714632973,0.182545341942464,0.130364658171916,0.593938044456939,0.387030621918659,0.335732756953762,0.585134246102015,0.238572767485072,0.0601685487027467,-0.0927043106338698,0.0652960167424819,0.321680653202968,0.518910865337585,0.171380008513832,-0.00032723220683037,-0.0270344454166151,0.673184558260259,0.152012486271062,0.126759209690975,0.254539564572085,0.0386902609072906,-0.0788592758580784,0.084360075423172,-0.092815647528948,0.0743398768380308,0.171584619421383,0.396328717015415,0.267727745923491,0.386062640306451,0.143301956397056,-0.109237048701399,0.225103400075529,0.293698303812645,0.402591300454034,0.126812535410537,0.30417669800322,0.269672532196089,0.159753764876465,-0.000612472322363406,0.0839892876311128,0.0126585996009536,0.345877133353175,0.106248418491377,0.148917917618708,0.228314182999917,0.315295353466199,0.0780935853610783,0.0292420155340927,0.184441082907164,0.184425590531876,0.0432473002979405,0.408116322733315,0.712163436398888,0.00256492473728372,-0.0841855969017812,-0.10279662883153,0.163360185796178,0.0348974510107111,0.308156782918815,0.0884786281530023,0.276339275408657,0.284587116058861,0.261245091932019,0.462516375133612,0.225878332807788,0.231096955335656,0.0361977959141736,0.812238189798952,0.329347840068612,0.345664599699571,0.353793921771546,0.409757087354855,0.274230536331779,0.701081486607233,0.376941398562549,0.744746034691167,-0.0475654118806768,0.110026592997778,0.278302198720266,0.280077888883798,0.101657189573282,0.581747071246384,0.460888005704246,-0.118809666177492,-0.020277574868941,0.652868981549379,0.00929901086055401,-0.0264796924476951,-0.0622334630131987,0.155852238592018,0.0169119925794151,0.506737780139516,0.223713173815661,0.562595925974497,0.135319128445524,0.173317615990434,0.198842995161302,0.030830872073717,0.299962670088313,0.212294094934986,0.0894190091444391,0.16887408475643,0.390498651325988,0.051487973222529,0.214701339278279,0.18760290333727,0.590711227121755,0.662016570901746,0.255227124418059,0.444753871625634,0.279817312342866,0.187945964377319,-0.0624128608437964,0.0574359123747784,0.27156132188143,0.433628021623304,0.0631407898206943,0.270738636931116,-0.0262380696314298,0.459677229423324,0.234137342361643,-0.235181501438723,0.258493302000836,-0.0209679073771218,0.239825113269465,0.140095831234124,0.0626417878401425,0.0747001805246613,0.125042148045288,0.504586846315159,0.641336969890542,0.260898718946585,0.539043024566342,0.081894504395247,0.199278225079936,0.0587740597617961,0.141429737071294,0.271128761320272,0.237525989678377,0.742647916153139,0.346256988857432,0.150984452646489,0.196341038724592,0.187827044624335,0.0116911734647356,0.108348670696489,0.0172920337947574,0.199083759346908,0.529574311347889,0.204956999988276,-0.119158723433416,0.300292839518746,0.380623603180145,NA,0.0928284597191552,0.284194253155454,0.387351598146972,-0.0674988503154298,-0.0472075388323087,0.122839867272912
"ROI25",0.0750926575939152,-0.108972473504055,0.00602488852471556,-0.031040741069769,0.0617736651252304,0.230870609381435,-0.020367691007633,0.229098750115532,0.148478324221467,-0.0321283340269094,0.0996942951175087,0.102404009723318,-0.0384186657458682,0.0735518375002458,0.148725902092648,0.144770339224915,0.0265016320496638,0.120316611580253,0.11802873143602,0.0591688359058509,-0.0439064111790879,0.0430784959060408,0.0969019138285796,-0.133490262277424,1,0.031717756167,0.149326564439308,0.00794527423014837,0.079443387036242,-0.00480312705588096,0.234074123036401,-0.0916341556022649,0.0227777275225885,0.0740814600537427,0.0736182697885854,0.186382772937221,-0.00648511520945166,0.125099720570791,0.198666195344533,0.0109551708916126,0.349723041966917,0.134156012818958,-0.0664176039674253,0.0119247575545489,0.0846185435624487,-0.0853083228887969,0.0731607283849916,0.0495015758320828,0.0502689393368083,0.0135450491592902,-0.142227784841449,0.213686990331375,0.119514880443262,0.0132484515993209,0.149179066554217,0.161520791676135,0.145991707817981,0.0222653513729933,0.0513851024359864,0.119414459497141,0.173876042274521,-0.0226123246043557,-0.0980124632831121,0.158844463330549,-0.0377381162703157,0.0070091259533312,0.295286081314354,0.0177931014751298,-0.0600376560650274,0.0686754407317435,0.0515709564485101,-0.0785565809754836,0.120565351575021,-0.0234917230419334,-0.0263435230740965,-0.0450417536138406,0.157405016916169,-0.131734805286646,6.61039503502843e-05,0.151006541334576,-0.0570705378372508,0.27230988663272,0.197329961130758,0.215156684976717,0.117148202639911,0.0178701913788789,0.194447613596524,0.311404796528839,0.0378170378938729,0.130517391686017,0.0415728124075766,0.018561661579858,0.189884600809425,0.027511558371749,0.128612089569535,0.0369812727559284,0.151741603553171,0.0518453623742604,-0.0198632211888885,0.174567565092409,0.218678744769706,0.0446924880983899,-0.0120550860195898,0.0288443943703386,-0.0551978749855024,0.162253594996839,0.0237715026708092,0.0561533244415697,0.0783637557217463,0.00753892619966984,0.107882745920135,-0.0189544264623928,0.0963859781475237,0.267750310345665,0.136373664910399,0.0113282043568023,0.263569486641235,0.195049830896202,0.0455716626159846,0.0429381986176472,0.0829109387360205,-0.0805278448501192,0.0121096154383467,-0.0254068010193253,0.0790300295662476,-0.0170889350727507,0.0132325302653848,0.356877917775602,0.0804210262550468,0.0018934928214838,0.0498617338216005,0.180728994044778,0.0438621603181574,0.0561700314218232,0.0117723799463405,0.122097590018666,0.144744976554326,0.0156128835882122,-0.0984367208577732,0.305455626883974,0.0435541807318606,0.162370131365723,0.187751043072932,-0.075339877793373,-0.0550362671422954,0.322693862154123,0.00564177732018275,0.0987762704527435,0.270856079667296,0.0560286714724406,0.0991833129026019,-0.0360225882310332,-0.00102386678749294,0.00398466831040939,0.10704598595042,0.0177644734609378,0.235243381145404,-0.0505888576605884,0.134082569182181,0.137395896437123,0.0019951684552841,0.102409260793403,0.0140952349804059,0.212273197402925,0.142346490669013,0.26369443916752,0.19762583979727,0.0400949732558283,0.100421791310167,-0.0880783368371353,-0.0698673354279529,0.128118300852011,0.281698337700816,0.00970290857940414,-0.00637238966114073,-0.240636767487912,0.0058546392612719,0.0216830732009411,0.179194273344629,0.0996686035175819,0.0389604170578394,-0.0995184612151508,0.0948192510533195,0.00744118572046549,-0.00413198606205057,-0.104627553301314,-0.0947077159850397,-0.00522074222290631,-0.0961477056510058,0.143848931045806,0.120862804268756,-0.0793574919213553,0.182646581988286,-0.0278961791450711,0.167084151009134,-0.0137365969552019,-0.0165801494127853,0.0695319692470149,-0.0143526022999255,-0.0488141831129033,0.0967207216742127,0.1680152844992,0.299218634303508,0.0846464907400511,0.108780315502274,0.0898369902482103,-0.00507358866479526,0.0324723056986275,0.0712967324603922,0.044614113070368,0.121716079604809,-0.0409286660435137,-0.0142543254506582,0.164325092025324,0.0859638879778373,0.0735100773606791,0.0182628323901463,0.0843523190694607,0.0664585517157,-0.0618245004488096,0.073367473784661,0.130321700382069,0.174804111329889,0.178385007302126,-0.0347716229659735,-0.0580747267241611,0.0303366413157526,-0.102317566381932,-0.00144566823212054,0.135363017815479,0.0547358309074974,0.277877254519144,0.165623142290962,-0.111715106091453,0.0634338679320494,0.0312794449882116,0.0859401596775494,0.0523925488720131,0.0793131313126072,0.250799904430008,0.1431194850729,0.227421298207649,-0.0188359535538459,-0.201122658883541,0.13665329394482,0.200257094132479,-0.0200108574774203,-0.16784348889056,0.0747062631159165,0.0663212111014371,-0.00295120527805047,0.216074617400515,-0.0895429990442288,0.160817624808402,0.143316135001731,-0.00875170587858428,-0.0426537252299295,-0.0206688290754961,0.120877932676692,0.098196435827865,-0.0288313059004436,0.0255450742690727,0.477709569057905,0.0904527775081137,0.115461805744977,0.0538040281372578,-0.00482180978758176,0.108590122425124,0.233035460951818,0.137710312853498,0.0324922715071303,NA,0.34863083000205,0.0429978278603527,0.115774668071967,0.215774591286487,0.0654122995812185,0.0839256248207672
"ROI26",0.0194823515650725,0.0629888964098268,-0.039531134855051,0.339210614862942,0.129628120036329,0.148118495107552,0.19370695542781,0.272940668892354,0.108813437133725,0.481315237415822,-0.124380284176319,0.0465825308622205,-0.116159233754283,-0.143471484280624,0.30911213479736,-0.0515389677301045,0.116575443880278,0.338712876836754,0.116170441124779,-0.103333717916809,0.098552382024408,0.258802777267343,0.362151428064799,0.156583138470794,0.031717756167,1,0.0894314531867621,0.259411222755247,0.231956040827083,0.0175868439684794,0.039067696823151,0.156829450221841,0.190610063693522,0.366166999052464,0.235578434053444,0.235722641783098,-0.0496772401076012,0.172173960528202,0.152675895550981,0.0950543162348267,0.157804811713744,0.207592166030159,-0.0530988199525247,0.322389896058106,0.274874545189877,0.107324451949449,0.000535327814908333,0.203022395316731,0.0808758006109122,0.272674668663499,0.361161523491691,-0.111575974255648,0.181428285180808,0.0839825162253498,0.159519513721575,0.261473893473835,0.208126582908675,0.112188180292954,0.030542326322506,0.15107154477991,-0.0473152691030312,0.404747060161593,-0.069857221699863,0.0916547566023595,0.203175166218585,0.0117062181620252,-0.138468937798039,0.0265427937234612,0.213600139783574,0.356075554793171,0.151435929362132,0.126044072987314,-0.0398540653406002,0.194679223262811,0.174646902377118,0.00664787836979074,0.414333616675605,0.251499726351595,0.0350325734272691,0.277811724469509,0.116559589518551,-0.0374022619728873,0.199618256032041,0.30580716301746,0.225361248646353,0.190251240790203,0.307267763201157,-0.0488739600013497,0.569654481047163,0.103552110455673,-0.0121264856981415,-0.0570988176620761,0.172982824393605,0.102039862873557,0.115453518603055,0.257245892602995,0.093395858401815,0.246676041573597,0.141053713862444,-0.0327987104663552,-0.0685761794841596,0.369365161650134,0.347134288048059,0.118739675365393,0.250356212206677,0.319912288475992,0.0531794944230586,0.278413426524654,0.219478576518146,0.101654379319809,0.00813009816590747,0.34196916019357,0.083299732966062,0.114583538877677,0.286097943137378,0.0456522903486018,0.25357809207462,0.0820851202969006,0.206210682684619,0.248348016846996,-0.0611045338368553,0.168162776815818,0.47655955309251,-0.00421714281104647,-0.0104795291414115,0.155399702965804,0.136031511344272,0.078257445967161,0.0401123787519787,0.134475233714177,0.22466080632474,0.22079718218632,0.362576088522251,0.140236420845079,0.00540304619847033,0.205440787072163,0.108213159080293,-0.068481085283433,0.157571782484669,0.142190330830917,-0.187634914717031,0.0485770667593246,0.159204111643739,0.054049924634388,0.358254636001026,0.234562593112624,0.249817570378415,0.24663279336866,0.0736458858388615,0.113727505136758,0.260186396540599,0.10330846661424,0.247861709310425,0.386355384629468,-0.015504360819525,0.160422181635809,0.351328827613838,-0.0157343294983173,0.115430049785276,0.179583820140961,0.038652132605963,0.0380844220850388,0.294573843171887,0.254102638698965,0.247336240516905,0.216192025427056,0.103858217860344,0.00552618121210462,0.0384002053806559,0.149833498413729,0.195538557194602,0.387883844168045,0.180821840399899,0.0356947195251809,0.0950251153600892,0.0369794028647262,0.132385963015098,0.0735708670887394,0.21624202095903,0.145034100255988,0.577776089776684,0.237449207862786,0.296617852253134,0.00961811117767136,0.333293623229144,0.273577501713125,0.170125149934237,0.33342036351413,0.396572570470444,0.192148734607178,0.192021637555135,0.390808101194653,0.271043769171099,0.243855947164482,0.142095695324375,-0.17120462205804,0.364034782855609,0.587522211921913,0.327640058743969,0.190002657469837,0.253285101829867,0.0516695672521954,0.300150356671191,0.115968108067088,0.247216884001615,0.260954598128234,0.0482490527877683,0.195835210904076,0.223736115779854,0.501066654426372,-0.0940143282093832,0.463819715014818,0.29416079338627,0.293680916120765,0.398057150172875,0.106440219668558,0.297839168642485,0.327718672477494,0.0406913226640558,0.0923916126106796,0.273980785398364,0.313953563730177,0.241087174903449,0.287612176594621,0.2699831266617,0.278629210113142,0.273076808833354,0.407733956941979,0.435213452656551,0.155330567201773,-0.0896469241882916,0.295317314716943,0.285559866285,0.469550531569295,0.308898217615933,0.0931909117565461,0.379313390448557,0.46847152694056,0.0758469667371361,0.241708721298307,0.195237104955511,0.254884812737494,0.235117284992116,0.224636631865302,0.21049432968117,0.159303471256045,0.305337616642188,0.390496042813377,0.0323075539421657,0.314274248111167,0.176504708418951,0.194350920653385,0.284858304901559,0.304777456597813,0.221747032884491,-0.151319140576569,0.030995566326838,0.13710608332207,0.326601590506899,-0.0950367112944722,0.103671170882658,0.296857158329792,0.0697952549859169,0.32444774422577,0.420846601340183,0.338301403346051,0.320217141303731,0.228933592523663,-0.00627276947735571,0.335525087716848,0.368839193235426,NA,0.0774102429733461,-0.0107430857893879,0.31613315126046,-0.00893455717934774,0.185669192861488,0.381714944667059
"ROI27",0.426462964486472,-0.0910369130621466,0.180340779131571,0.228813153377124,0.475281989813087,-0.0211059167864433,0.129686418318536,0.512024463900047,0.342406421591164,0.184245315081798,0.398111775662493,0.37454554825765,0.105255401029286,0.352612515732927,0.469733651291695,0.309507883830433,0.722173768506127,0.394146905909201,0.1696556058079,0.412068042123091,-0.0652624877053234,0.00920487048301149,0.291742808469149,-0.0792438613606077,0.149326564439308,0.0894314531867621,1,0.354792475491065,0.412669160395423,0.0834092033575791,0.0525486809595842,0.32924922855536,-0.0103348098514632,0.140058386337472,0.223920012090727,0.488612257488788,-0.0367979870040171,-0.0863927392790678,0.455741129481398,0.232115265052173,0.500281305964766,0.333802223997151,0.191478093000794,0.131817559680625,0.426920561364127,-0.108943068767471,0.112668961342236,0.300647440562839,0.434551291324919,0.401180926656787,0.177239312734396,0.406472752794197,0.441436390801835,0.315162430704875,0.670639238164648,0.360497314835635,0.40226704953899,0.490105567259555,0.802245726836244,0.331518228016506,0.14463628620886,0.0886092645450411,0.392925060697672,0.689824705857902,-0.258728617917186,-0.126123803509462,0.530050516346255,0.0114114406103018,0.0546233848233947,0.13146672860443,0.710791704688032,-0.15745947452333,0.080276277067068,0.105796303565974,0.349428491637097,0.03874077553907,-0.0185474171444599,-0.359369441841053,0.158998828138758,0.336396062622239,0.046725120127497,0.642123234980464,0.521960468465716,0.239914811660172,0.530817498347143,-0.0757075704606387,0.271343910540109,0.458100395635929,0.0132350238686637,0.246343373941339,0.274799370928988,0.398876645537646,0.511840390661131,0.219192158633513,0.478697842381482,0.111485241782558,0.264760762695327,0.368717158987961,0.340946236738305,0.594775447809156,0.497272376843006,0.20736996602021,-0.0866344311118203,0.194575743569788,0.270294679939192,0.331298562159542,0.0406714594873443,0.310838231186853,0.183909941393553,-0.10145362001391,0.172093251240752,0.401240035763738,0.163581963338324,-0.0470460235573593,0.497544400400799,0.378282780770926,0.447153578712739,0.506223628548071,-0.173393033919959,0.32750429682476,0.0369072257292042,0.187916886182943,-0.0528818658204545,0.234537413707282,0.21413315346959,0.0061704273521047,0.253818787891847,0.229574956236891,-0.0673809579853411,0.0222429369541137,-0.247677159549183,0.44442288863381,0.360646909977575,0.075403714415071,0.20572523647547,0.445379290800239,0.378816379906033,0.595143119402062,0.496677549581091,0.634786381638171,0.118454681213534,-0.0883699427663569,0.342341666136075,0.376796681538523,-0.0601589697200603,0.455392657784241,0.145884767641472,0.387509394874936,0.54503639743699,-0.176530827908341,0.105198648593985,0.100486219575769,0.226581432471713,0.212541468520986,0.17024194291184,0.365149183769591,0.428992012770661,0.39887958974426,0.134639235202173,0.364625359244072,0.550998454944894,0.236546287788879,0.172093966217778,0.510845603775391,0.309837518599224,0.518290318788707,0.486965192210234,0.347430375195345,0.513686487032732,0.200710975847813,0.0233342877184097,0.587163922479927,0.818242892489088,0.0352543713019944,-0.00283287263065158,-0.226512036655254,0.324674345944064,0.275312185412805,0.127764588439141,0.655243516866698,0.0927300231941161,0.347961548663386,0.494723538033226,0.283456530938529,0.300012430272232,-0.133958568114996,0.275001253351043,-0.182061541762143,-0.132924546409787,0.348570292793269,0.462793134940471,-0.158005209629661,0.178083278524856,-0.0591389657093138,0.636524557222003,-0.217212964835629,0.213452059006467,0.00519858458438187,0.3609443870494,0.142173581431023,0.101397407963058,0.204418134100101,0.486186682958233,0.186549365105272,0.44388049044538,0.538694095787796,0.507904644730961,0.348165885424912,0.228580812497727,0.0785230994968944,0.243796818318344,0.00548541092128098,0.420311863170335,0.374387189500174,-0.135033253719405,0.516031395945948,0.220404553681911,0.514935439229185,-0.0811048655107865,0.0830465565093054,0.324687674540753,0.405481503761928,0.436460040881553,0.529270586924518,0.193365989799583,-0.0379940219406214,0.333510193193797,-0.13280028154111,0.244163105557533,0.664679113949719,0.280206477395222,0.379666874359951,0.278570617599774,0.111720326519675,0.310699506026344,0.0492996505317076,0.45016291708423,-0.164189806647254,0.51026010467851,0.368218650556373,0.46498244056678,0.465423422493439,0.331568445695574,0.0404182298848043,0.590014669743205,0.610665528918643,0.286823133551958,-0.161739005230237,0.150036277641332,0.200302435826424,0.21379011852108,0.165693264729279,0.131407146487697,0.35359473640089,0.440004353396515,0.0175247114392235,0.0419721070474478,-0.0537453640025201,0.213660961209,0.329878540431852,0.228599202359453,0.431524376076215,-0.0166503578251884,0.55929577387739,-0.0202385914289703,0.126586486776643,-0.0160648670031595,0.578050434209161,0.763511731595563,0.13839315443282,-0.07811000673535,NA,0.311694314526592,0.27947170915926,0.387250482557307,0.593536558574781,0.576159507713857,0.404761431943695
"ROI28",0.398994569099047,0.043360323830553,0.141776590744852,0.821566078397171,0.486096030738026,0.126602319978946,0.76376608385561,0.546221510009015,0.316579301772173,0.248110936506986,0.12134108997356,0.19603901591938,0.0889620665576699,0.120267150345758,0.701746371686957,-0.0878727670323587,0.466908727086182,0.601888168999733,0.0138235963344194,0.0853398616069727,-0.00509588684069844,0.191380205550312,0.465335639582205,0.129589497446557,0.00794527423014837,0.259411222755247,0.354792475491065,1,0.553142994860934,0.0930850451920625,-0.0427146119406272,0.589050997303594,0.149782148663104,0.764667926654407,0.256418559972107,0.379253347632872,0.113374730957272,0.092575470201503,0.365721450766518,0.198246797787238,0.155334634245376,0.436824225557995,0.0764960366931239,0.458223407630516,0.532320110078953,0.0491399037014234,-0.0439225001736046,0.388496238670805,0.176308630415797,0.767978091296877,0.310455104584771,0.118419250442639,0.458795639808315,0.0715559294495628,0.44237290422662,0.54606435165579,0.530931725927875,0.305772604940668,0.281173656802767,0.27988990737443,-0.108496048800561,0.353613307457265,0.266501144656488,0.404310913510475,0.125015839164926,-0.109839558107231,-0.0521324977983219,0.104976539616214,0.19028126581119,0.19459228880493,0.501212358911341,0.0891648389915104,-0.132756894924955,0.165877131977732,0.237726699756009,0.0940485254526336,0.289642498205999,0.13011068092494,0.0538284885471577,0.426473970649942,0.0800998023430608,0.166335901973886,0.340679086088893,0.36664701150486,0.682626720780512,0.102718276447134,0.295589808668624,0.0497886704481929,0.353437038699404,0.0997194308930948,0.27580142459299,0.0573656992639126,0.659675879372112,0.0179938310287689,0.188810167981555,0.199700646101453,0.190612010012505,0.246042636966545,0.28141400826018,0.161302323459188,0.078279565634964,0.324135817815479,0.232554103583084,0.145990222851702,0.658727673954436,0.46016118112894,0.178662089173246,0.33836841352921,0.0782839426298578,0.104248056427701,0.0866309760782005,0.387563503176396,0.290513904034358,-0.0287533934789762,0.41694679563094,0.406718473735528,0.36322797232953,0.251669147195926,0.134204336136179,0.321983688103561,-0.0464864851018821,0.305512889762751,0.159711782865119,0.31810986212616,0.0259084684967427,0.0513647853410847,0.329320534579012,0.0142223411422813,0.00573146997256898,0.135437444240924,0.0613252646498014,0.371024809366385,0.399649847907776,0.0286173545594844,-0.0147234320029637,0.363958091063104,0.0521806539410844,0.170680143136396,0.697034768595141,0.196398058163809,-0.0630087267804836,-0.100551257834443,0.275815257565134,0.17755718829135,0.408121831506025,0.261664295368159,0.333238807268132,0.728343993034565,0.121230684223044,-0.0778683759181126,0.223683824779577,0.00849190969615231,0.360833722738085,0.698972027220574,0.119720833462535,0.378113742587036,0.587147233327162,0.236671813536395,0.0058415368195562,0.228259008561552,0.0997620909444414,-0.110780837283728,0.170345792116877,0.235142553921415,0.357778776741873,0.492782028204289,0.292305196359058,0.244988855012164,0.357336672364804,0.263183775363574,0.250888549020545,0.547012076738588,0.23638538563507,-0.0534943305783052,0.122513731333111,-0.0822297668731188,0.368583107195455,0.241636713329263,0.151366492173106,0.250718703753959,0.351484469657007,0.309425080895925,0.63237516262735,0.0666900407834784,0.470255577051887,0.196806722637431,0.266239519048053,0.133350560630941,0.30778918685499,0.332213683766435,0.44040096097907,0.313865041701658,0.155290869586601,0.176536358495171,0.359006330281159,-0.332644327091418,0.587673790661824,0.375025956917959,0.488417735233217,0.281804386015154,0.247446293788064,-0.11792900693192,0.378316644775791,0.0813727967622639,0.325471994594534,0.522565225031961,0.304326879761839,0.348218025333769,0.169714381244961,0.553183643286839,0.121546779438638,0.466315761443902,0.482481472613237,0.399173820600723,0.25181279728989,0.190138648558656,0.422747706257242,0.591809331558016,-0.0604249929098858,0.169903432496202,0.249036861689372,0.462840674336594,0.430017653675218,0.46084174543248,0.288288751387609,0.286862345271353,0.433165596333479,0.30262490313268,0.559468605490368,0.370640497884979,0.0554032746409116,0.285698258041185,0.3203361106602,0.545288023274521,0.411091655324546,0.0797175043526036,0.432007513386852,0.200726434166357,0.384036355599401,0.354890807497607,0.44508461291789,0.566063662581598,0.404642912631058,0.238840975220512,0.535393667119824,0.519645617685706,0.298999273410531,0.285560772722254,-0.0206263125240396,0.270379590372816,0.250641770093881,0.13942078962344,0.69443209187015,0.706409981511421,0.476199997692072,-0.0311556277783529,0.107692863218884,0.000719737174689896,0.306424016831406,0.0520283705174162,0.187226724301949,0.675866007951289,0.0422382935558802,0.574767860651389,0.207732601386829,0.473504517276263,0.260887812229151,0.598549188682281,0.266873629793214,0.484560607914373,0.222558441530275,NA,0.18691125952135,0.112876205383559,0.425192475241542,0.0149087271734317,0.538988532071781,0.702292938544404
"ROI29",0.32617515123011,-0.13567261643441,0.210346929504721,0.692874228880292,0.407807038402654,0.0325831581884307,0.519895202208011,0.622691199519957,0.33410035848816,0.166280201777883,0.0250805542772224,0.182508406334452,0.131845132080043,0.0526581410361772,0.517340778819521,-0.121674206407686,0.540026870374443,0.410371229809791,-0.0461292880211497,0.32268298930398,-0.254169102740732,0.0475454674911905,0.64509658652211,-0.0894579674044361,0.079443387036242,0.231956040827083,0.412669160395423,0.553142994860934,1,0.0166288901136243,0.105045098237477,0.568449213841776,-0.0707489369623673,0.445633224010093,0.244805667435601,0.668577332266604,0.0946049439417583,0.0713204752792304,0.678237856244187,0.300954630248757,0.422108042287018,0.562248927028416,0.0464044741081007,0.182611072580584,0.60612636065154,-0.103240401390214,-0.149294142307798,0.51681194017384,0.244798845737364,0.502610233198456,0.173271090625842,0.0820946798195418,0.390116374922149,-0.0166520414946141,0.632547577221425,0.309445420128222,0.549263917076927,0.336924332030304,0.346103468335034,0.469593449817382,-0.187377699725741,0.0969552195288467,0.386386407079854,0.451128950693242,-0.199855020076797,-0.28874756004604,0.0279993010327211,-0.00192795568951089,0.00711650881981188,0.12270281355368,0.443814839244369,-0.114652440052208,-0.0472270937356549,0.0867831543637848,0.142093131537494,0.0421100216414751,0.244162025971549,-0.0276165703357093,0.086576429941734,0.805292485088362,-0.0846287892662198,0.18502676977286,0.27444083490205,0.382914234218278,0.549582274620453,-0.021119254861833,0.310424766200384,0.15957863167377,0.159777253165929,0.156915140982553,0.212469397022499,-0.0385390762363152,0.525460529456199,-0.0637438270371809,0.38233881372359,0.145689605703866,0.224251322163678,0.302724790374666,0.122249220849418,0.286129458736336,0.112826357027154,0.357567964704231,0.0565233694032462,0.109272884647415,0.519861408882452,0.721138243463586,0.00156230563080289,0.494971754733042,0.0446533785986389,-0.0579550317399316,0.0413091004793555,0.382971829042103,0.288622170585248,-0.0864198932654553,0.441427973072689,0.480373223592631,0.466529426869337,0.28257328036152,-0.118393124479704,0.419592754931014,-0.23430978561445,0.195449379784295,0.0210412376761863,0.333813226475248,0.0390274081414542,-0.00547516386028513,0.271741974123801,-0.0668139854376121,0.085489724843826,0.152946635886828,-0.0536542527309066,0.62310465834097,0.280242252740849,0.0612637688489163,-0.0691215325948824,0.551816543805377,0.0575950923308383,0.181582037216486,0.485969857997176,0.275835614981892,0.0125901344159059,-0.0538755263198633,0.383458019394332,0.175155973548158,0.219131285525452,0.392336310171329,0.298140363591089,0.495782373346238,0.117863935488511,-0.21701196789305,0.221774244226128,-0.20849458401781,0.475426730574429,0.464189296668432,-0.00744044046392021,0.414974354563975,0.759360740206203,0.305926997974286,0.141619595257373,0.326252833921366,0.201478704478273,-0.0809880665234451,0.164485073850754,0.270706148574194,0.326643468805615,0.48400719585511,0.295295137464057,0.111849006222425,0.388693127015611,0.212546740845909,0.155789602171144,0.468812395857336,0.276823033449806,0.111060880144145,0.0993846366890343,-0.138535477974024,0.36173612673125,0.265051023802629,0.223136047447979,0.195824582893256,0.301678761846295,0.190502341957084,0.504273790219213,0.0272557576066978,0.738139974020649,-0.00635092958085251,0.185436387517897,0.0346263315503079,0.227934645659711,0.458708887969364,0.626037711886575,0.0908203915137678,0.207284346218546,-0.0266497247429283,0.442473569858949,-0.361060436485216,0.564410680757793,0.269638624227008,0.44076345648557,0.301872546390761,0.144129901299949,0.0131392129899167,0.45427720305773,-0.043165888312034,0.584221791570231,0.411359781700898,0.3280012748293,0.496171258218094,0.253824692703572,0.353326516414321,0.167711886815163,0.287093581818632,0.502125214246765,0.730492329402181,0.219596451286956,0.253156928678298,0.407401499768239,0.476536090285513,-0.176858910446905,0.159252310929679,0.124475691072431,0.729887286830994,0.5222817187627,0.58892468671086,0.227654365155613,0.115896619842367,0.444541899558864,0.147918654151965,0.475724062250259,0.431836274215715,0.145950817003068,0.616734358233807,0.299868168036095,0.361959086067103,0.544555324739038,0.0861973194543413,0.327310049207211,0.0427359728385087,0.350569195657319,0.701532499284417,0.358435306763022,0.508041945570957,0.35665670031221,0.151368730579183,0.50721897984023,0.489450075597899,0.539709537576789,0.13243735077701,-0.156214552021358,0.51032972318438,0.152047792988586,0.221414719536018,0.484464564402945,0.421102267418792,0.573138699292926,-0.138607291133581,-0.00879787668427992,-0.21553992046054,0.192854061121563,0.0409533838770261,0.226140315973555,0.625839328684439,0.144609000011078,0.383083142027856,0.096080896671583,0.401144695664341,0.191124392320228,0.462360912752772,0.325593531299571,0.378496192001101,0.0552034524925064,NA,0.216998312768284,0.247241071377981,0.570823032669953,0.1190975651328,0.467906888747623,0.581449967505872
"ROI30",-0.0487340982611872,0.100524174693483,0.132011311565247,0.0361624268901651,0.0576321407831811,0.113754482071155,0.0923989015649685,0.155106505059104,0.109816467727559,0.0511370678054111,0.0469701215184888,0.0315783981627049,0.111565955404061,0.127026557917899,0.0222037022432288,0.0868479944299945,0.0781430752277028,0.0501299956036772,0.147882048221746,0.048257522146615,0.06604248697857,0.0615204031232397,0.0920687836605673,0.0705940795440854,-0.00480312705588096,0.0175868439684794,0.0834092033575791,0.0930850451920625,0.0166288901136243,1,0.0326047479043044,0.0753396838939823,0.0496330674025654,0.0707509246248705,0.0230207774951745,0.114836299607485,0.149671588892512,0.0830753109914293,0.105771761777479,0.0961127284688101,0.0130122322306742,0.152469534411061,0.117335963900181,0.0357632586413614,0.0882864138370549,0.108365424044678,0.0588198706533438,0.111734683572083,0.0293963771547334,0.0235990487325731,0.137893002544089,0.140393428476528,0.116022592825181,0.0451135290003449,0.136477750624772,-0.0615868098379918,0.133538671406956,0.347774863551573,0.0483393950463492,0.10117615497019,0.163771956018149,0.171978261929023,0.155139317618129,0.0602409124198997,-0.0640156278914718,0.0141205513019924,0.0610171157065445,0.359262737706161,0.160178942593165,-0.0336470352674532,0.10050963519883,0.126077255400888,0.0217994599092801,0.199279400123667,0.126597758243127,0.102562172500971,0.212368147662238,0.0121318725840787,0.17732044805198,0.0843370474001891,0.129535487371755,-0.0653376946891283,-0.123500480451846,0.0678097863334584,0.139946414579911,-0.0747927603579518,0.0242128953310366,0.046008707557495,0.111864520673344,-0.0147143353911084,0.187549166509036,0.0555910291673924,0.0400387968593028,0.0713384144651295,0.113513920709564,-0.0859168838278601,0.208845632911776,0.055117100405928,0.0856586139383386,0.103010958369865,0.141404940557855,-0.0297264886432047,0.0857192368887271,0.247884601890669,0.13243647275287,0.0740022303483129,0.0423138256060441,0.0155986882440371,0.127332093452198,-0.0273418910202129,-0.0423597201936374,0.157003443753342,0.282660876990839,0.156678627352919,0.134250133347372,0.132629170167211,0.103304113271931,0.0992409690017164,-0.0416633062415552,0.120550052071078,0.0818619874654095,0.15328366728365,0.070472942367621,0.0970955851948673,0.116866593564113,0.0306197012996711,0.0955003208505255,0.0245910414681906,-0.0291193368419522,0.0116558145732904,0.0227974586583684,0.119886250493753,0.259675743772382,0.0245308676535653,0.113238040870017,0.157758607727986,0.161351747064099,0.196437057247802,0.0681660107103585,0.0919305861623837,0.16456436338133,-0.0507207927342227,-0.0688150793108526,0.300158887616946,0.0471047122976187,0.0207077067489231,-0.0052039942469808,0.101212192346541,0.0076045840859002,0.0077446089890365,0.214254661095702,0.0469107103108588,0.0573375200589994,0.0216097740654361,0.0628110638358227,0.105615799517719,0.0754265304240546,0.116007952945214,-0.187392966266989,0.0512704311433253,0.0691297259836188,0.00240563458144566,0.114308712785175,0.190550358024191,0.0751993643227542,0.0991792767171581,0.160840462629864,0.162186160210474,0.0937450696067186,0.159863977076356,0.0551498768950079,0.109293042815387,0.0367611042306817,0.113484140915077,0.27523750086878,-0.043946758741322,-0.00339109776802829,0.425326023214889,0.0447415394509959,0.188592975069856,-0.0242857719556917,0.185141268850815,0.0546777508076699,0.0672973912728714,0.0979396343029602,0.0986783403804863,0.0497939784251833,-0.0309270898680387,0.0557219170246117,0.0846009064925562,0.206580336934152,0.0673528473931326,0.0427995399128248,0.0281084108750851,0.059232964792915,0.138812361337612,0.112771955398589,0.0485417622350644,0.273980161838737,0.077402754893289,-0.0333919231948871,0.0826804412175727,0.065614587868474,0.0508807457970758,0.114824869690861,-0.0422636338316341,0.128858500371904,0.0631270861819006,0.0255774414322403,0.107137814745775,0.210775621169007,0.0365273788904453,0.166466183570639,0.0550116267474873,-0.00798799342573521,0.0298221164703553,0.308306641815226,-0.0748426947992402,-0.0623818538747217,0.171427115005966,0.028224063153421,0.108242686658344,0.109035301462813,0.0571164464058298,0.13464218354527,0.0547717724279814,0.12115919321446,0.10937419296908,0.0612725194380539,0.136124319515867,0.176990902314407,0.00406478167189742,0.0342793262402265,0.12866742658262,0.130034677189069,-0.0195096985139852,-0.0607502579764934,0.00562104636524461,0.123861735817635,0.0830949233886567,0.0735982225858013,0.0858649812042108,0.0621174745236904,0.147910506377918,0.0573932446577615,0.0267308555985152,0.0347406254840916,0.132675632604597,0.0125036911167601,0.0489527364656517,0.0387283177185358,0.174340661458222,0.102651797121381,0.0618825127004247,-0.0177403397968213,0.0326223160756938,0.0445967280959761,0.0817907513017187,0.115285228164868,-0.0268923322872455,0.509537549951576,0.0924797565803725,-0.0626279140309185,0.101065241444178,-0.0630108297222637,0.249754676210167,0.0716268806520871,0.0148268981101436,-0.0211693481992472,0.126811599256029,-0.0665275529490981,NA,0.207516719838313,0.135033418380118,0.0753893390515514,0.0425235691932912,-0.00109240655307027,0.106931722252276
"ROI31",-0.0394821375240952,-0.179252730568919,0.0493837590083621,-0.0820281404501393,-0.00688946608328459,0.00851195304791764,-0.0103956013844555,0.219231164205112,0.168043187979124,-0.0393010020239125,0.135074153216606,0.0691098298735965,0.36172122400985,0.175234574717524,0.150582565805496,0.14835040846348,-0.0195423740123682,0.104087087324028,0.0716124784008403,0.0301451423285912,0.045060542191933,-0.011762693592747,0.0376528482883474,-0.0245223308397761,0.234074123036401,0.039067696823151,0.0525486809595842,-0.0427146119406272,0.105045098237477,0.0326047479043044,1,0.0157881029008343,-0.100771989968324,0.0174401933585072,-0.103882876605137,0.0747338194821142,0.00286864286541827,-0.0504108151152442,0.145164160256079,0.0725331902641247,0.319332616337831,0.147445684954445,0.0529750488165366,0.0285452319690224,0.0616634265123201,-0.136502978425312,0.0198599700506391,0.121613065933461,0.094683465923863,-0.12966615182493,-0.0586828026527087,-0.0896711160311456,0.161884204509607,0.0247036644737867,0.22988148276213,0.104297675392172,0.125649488934972,0.0896298043976861,0.0106793875575434,0.157606981707224,0.113511691313905,0.0164942966095868,-0.0142289626040985,0.0823878044655025,0.0126676540771025,0.148367577040492,0.167702256768882,0.129596181711009,-0.00221315809172086,0.0538019774855484,0.0776941358004131,-0.0436806572783187,-0.119014225815052,0.00416050118536915,0.0240492352027891,0.0265348121254844,0.0987947864441103,-0.0548849538932456,0.0864196847000742,0.148046192817878,0.0430181033118561,0.0638307627025211,0.00236334719159032,0.178158789022057,0.0287790212089864,-0.325463541388523,0.00367964001890035,0.13282439843563,0.00474385723712123,0.0681765876409787,0.0484743726278406,0.109563049588169,0.0726282326744807,-0.000973289712856421,0.0916999465380013,-0.269178671327859,0.132293114904814,0.16797021165499,-0.04321968383641,0.0997504088905918,0.18948753955909,-0.22045015111617,-0.126345062783944,0.0472455507079241,0.0850345454803384,0.0998185492764335,0.0488763709797343,0.105438737033319,0.0307593618956286,-0.319188805004941,-0.0443776615791744,-0.0631655775071325,0.196163610925879,0.099384224750201,0.229442669406273,-0.0264511694674568,0.210601510940621,0.144878993639385,-0.00541396702094741,-0.0305285085051951,-0.116748891063163,-0.0941945945252128,0.0847712669928271,-0.00696979428694141,0.131824110799143,-0.169713123877472,0.00155132710340609,0.182933824734032,0.045702702106967,-0.122512448494665,-0.130925226511249,0.191372533612834,0.0984507325677193,-0.0946242652765027,0.150070766820948,0.142244658712063,-0.0287995523901971,0.167864098927089,-0.069613788783211,0.13375562864575,0.0351166541766129,0.120086865973852,-0.0354329776394348,0.0533182808697496,-0.155847591464372,0.267525945417382,-0.236722632468677,0.0729489352705215,0.16234737955742,-0.134473295352958,0.0787862900653517,-0.153124550323114,-0.00280347640583873,0.0757166700272962,-0.056433817729934,0.115122992398217,0.188725775644211,0.23671987469397,0.195225991084651,0.06108818697933,0.0434567141462074,-0.0251728438019963,-0.0815253704211147,0.147512993836639,0.0858638004296736,0.17110307638449,0.191584325855475,0.104767510404272,0.0651223496369796,-0.101731087683921,0.0213950262654393,-0.0558954808327355,0.064770684097255,-0.00737215276427806,0.0567700341318664,-0.363433471705249,-0.0284709344780664,0.0136764534413661,-0.0756726838402864,0.0481573819235438,0.0229186959822088,0.00108560849736141,0.18397432273649,-0.00962528724069794,0.0314113502015132,-0.0483644282427299,-0.166915402026424,-0.0629624605403746,-0.216061471123478,0.16784708700784,0.15101333836461,-0.10352063432242,-0.0760802940581291,-0.143845290411175,0.18451880717862,-0.0639481076998846,-0.0114055234197895,-0.0634501604596247,0.0819057877744908,-0.112619808388026,-0.114483049454184,0.0755075850597734,0.236819947723666,0.0116094409273481,0.128879612260465,0.0746430398719393,0.0276038368680549,0.125290457861538,-0.0665484215830574,-0.0129268728284194,0.120832478148463,-0.127776873960582,0.0431880845809522,0.116757477875219,-0.141100443593953,0.0662157854131024,0.157486753581233,0.0589571314876727,-0.0843328302770764,0.117100796100087,-0.06961976912943,0.114001148651122,0.172295979573141,0.231517173565539,-0.0217003079298144,-0.165778683407299,0.111449087513937,-0.162811841111871,-0.0720276004332795,0.248027904472475,0.0375980084751222,0.177498320908983,0.0199638603181397,0.0175114263105989,-0.0295488339758797,-0.115781174193588,-0.0446256845511894,-0.180773317612852,0.121172788274545,0.301663421282037,0.0715837642667035,0.199209956136597,0.0145589711959401,-0.183597719639152,0.137915182196628,0.128701152347231,-0.0789741979090296,-0.226382741078941,0.00993486393284644,0.0174859322412406,-0.0212469367510616,0.110353980424548,-0.0130804622117155,0.0361737441215578,0.163611797149016,0.0185750493132591,-0.185651313534165,-0.0703784144733101,-0.0568733961908128,0.0417698809714098,0.163880876539147,0.116049291842587,0.0105289603142027,0.0484113445826135,0.0438215384194531,0.100618829905288,-0.185861881478107,0.115928385678286,0.104989511126508,0.0749801897907268,-0.0734029692360867,NA,0.0528373899884648,-0.00965936933751659,0.150340225866862,0.0361215756786656,0.109485441998857,0.114156691062236
"ROI32",0.244433017369913,0.156773124602465,0.332007029307422,0.683111681064871,0.3881165094025,0.0468506058896203,0.538447877236684,0.436379581851556,0.334571024265018,0.181528249566795,0.121474947603829,0.320963812919749,0.171750197863815,0.115384359844471,0.547872999474286,0.016324219246122,0.571349987158924,0.548698003596893,0.0365359455956315,0.268062805908054,0.094048646465965,0.0332510002229207,0.491709780958982,0.196429736419273,-0.0916341556022649,0.156829450221841,0.32924922855536,0.589050997303594,0.568449213841776,0.0753396838939823,0.0157881029008343,1,0.114800661278755,0.480499278597942,0.334843327313313,0.446019171233244,0.147034077521467,0.142182665168254,0.457911904437434,0.351792729869331,0.252333900220133,0.357276972966205,0.108919212164946,0.38348664061653,0.696963686394169,0.113730435320809,0.00441443814235013,0.513149425935203,0.290260344103725,0.562123246029411,0.323393456365193,0.0787942788195871,0.360531459898808,0.0646681254756064,0.559946307555711,0.387151763827179,0.432810326939214,0.341002931035488,0.35796989782861,0.418417342662551,-0.0931692935021585,0.305783726209977,0.355540477518113,0.407857375549379,-0.137926254067049,-0.0329504107806458,0.012936801409738,0.156009704007066,0.117693315146183,-0.0387121223178156,0.469546587053171,0.0681680147847644,0.0359700542127009,0.030816288031395,0.381893192686372,0.0445092545471241,0.2659378255172,0.0747061961925856,0.222736462727958,0.438487755420157,-0.0315169128754521,0.165355275908471,0.321526788792428,0.350626362146921,0.428596005244037,0.12082533264425,0.333296176841585,0.103459107034701,0.14452002645813,0.174138678036391,0.198720626157495,0.124952914756072,0.456499716039787,0.134978614926692,0.347940761095457,0.230811476574299,0.266497876190283,0.234754881706623,0.294939790016548,0.278837719662497,0.118639625106968,0.377142579168551,0.131425945434598,0.174374309790243,0.664105100275595,0.485416950524098,0.256361780442171,0.419316900124227,0.121107655946245,0.0880577907975573,0.0985767986533831,0.346217059403907,0.378972976429848,-0.0509726822160105,0.382446823265073,0.394152980534297,0.335882848531625,0.336054915185105,-0.0737113208762868,0.391420320111045,0.00102411372843771,0.409443793025066,0.0436169602161132,0.427757997243389,0.126568523884937,0.0838310926044788,0.216875062739349,-0.135372594372052,0.0744837168397597,0.204507337644242,-0.0249859530694595,0.427225248993893,0.252531984646292,0.0238628433018306,0.131636488833451,0.403759028308993,0.109926130719033,0.224423846152218,0.592379856033731,0.183238389916735,0.0659821052455287,-0.0247946794667168,0.263426568896527,0.194272565486674,0.328027281904111,0.275267096777372,0.403277577007737,0.597062100084639,-0.00661967644752541,-0.0441259556342494,0.225825035657046,0.0118970621371177,0.437617810369045,0.583943927859871,0.0841112400885687,0.323015101120742,0.522465484733161,0.283801937581878,-0.0189896987960044,0.22403062159839,0.0869674290316722,-0.0650844676666507,0.127128662209244,0.191160533379174,0.373490650063736,0.364475005566647,0.285777682046623,0.224908319495342,0.297566368996341,0.333495153505686,0.385175274698109,0.391957263745066,0.168075270572032,0.0201034001446036,0.240465250392494,-0.0490991992883644,0.389973092952653,0.236853603577135,0.14121574128282,0.202121351210847,0.226775259733456,0.296045891279926,0.574127427952631,0.139485380522877,0.526443397951653,0.260312408259801,0.314279061102155,0.108894654962801,0.241122204203109,0.374513568958777,0.466782929653058,0.282486869533554,0.131001211181399,0.155349087185525,0.261026790270857,-0.210055555681603,0.451270991632313,0.198092952611074,0.37848051085336,0.413145578733668,0.264368548659329,0.00286823356175311,0.196451422326395,0.213414763413847,0.425095014884168,0.332987859842679,0.264289381480856,0.382627432007592,0.194406408339742,0.416739344851062,0.161831332994142,0.391410218249289,0.43020142197185,0.463572009271879,0.183693306210832,0.239888931893385,0.439741553065026,0.538584824656528,-0.128372889561786,0.278037591062543,0.238778047638524,0.519023528431993,0.420341162809446,0.557153322375346,0.319027081994098,0.245213602700561,0.420973846034196,0.244664744942448,0.494407493420306,0.444417961856799,0.135410309598328,0.273139452013399,0.269718419446821,0.391081769876022,0.475296754406145,0.210814033005372,0.376143257213902,0.132773372825095,0.393600445687811,0.278289245002224,0.499377938151404,0.398598940994597,0.336798537468326,0.162636394016139,0.500297926760141,0.452814123202462,0.46631298727004,0.224175703049092,0.0776360851901597,0.35477601736003,0.226462384221382,0.154104642141734,0.647446374696917,0.414916110463184,0.544167489232285,0.0402235917018131,0.233163578051729,0.0570929673183733,0.254270139342537,0.0924523045913361,0.215904383472189,0.753186776536147,-0.0165553040199911,0.464340121851156,-0.0205540541435033,0.462698205973003,0.281899698959607,0.548466236331483,0.194511817002535,0.39560634578066,0.0630511431930076,NA,0.0900257882923124,0.327334000561145,0.467579021653819,0.0251108746281162,0.446465975901378,0.594826305371248
"ROI33",-0.187097647482753,0.61613250646268,0.0285175907911268,0.107814533977596,-0.0147758367341166,0.608741446871757,0.00726223625232078,0.0557672781249945,0.16455945789954,0.378053744597647,0.107070599941645,0.179609151561257,-0.113200128665047,-0.0191890940237116,0.199297210149627,0.383021280588163,-0.00685391131587603,0.198000890724165,0.268724949677642,-0.166188133511619,0.490104003968656,0.611358568349867,0.208309380243622,0.627794135563941,0.0227777275225885,0.190610063693522,-0.0103348098514632,0.149782148663104,-0.0707489369623673,0.0496330674025654,-0.100771989968324,0.114800661278755,1,0.198127681035823,0.658787328552185,0.260105124967214,0.198208288230617,0.270384998421081,0.0785706900057318,0.441910131422852,-0.000824268406181683,0.132726533046959,-0.0649951556913447,0.643834695138987,0.232366757282136,0.570212982306275,0.463743602583767,0.252405470201053,0.162069924378319,0.220933668742011,0.511012130523835,0.11052356368315,0.201798107468919,0.392363375918163,0.0420915092664142,0.299034539694453,-0.0698620902402338,0.0575217336086667,-0.142987387761351,0.161133929981276,0.0893982559701039,0.751944068891268,0.10335306569235,-0.136104710980801,0.278608821842782,0.31191539947356,0.0378334455012465,0.0255254742771147,0.384043308562821,0.100265088526256,0.142346496318782,0.658554866338273,0.274332974043527,0.573795986494861,0.411953825363116,-0.0364623475080137,0.2981120123105,0.511124581633331,0.100215038692398,-0.103187030648191,0.400402183078013,-0.0831045576530891,0.034749661195075,0.341951356272939,-0.103462884440478,0.508330861815642,0.464034405211249,-0.0325937156917472,0.267545251714283,0.228551322324356,-0.0649816391172884,0.338807980026613,0.119700983223319,0.601742245647885,0.149258195878447,0.394509342199126,0.123309745122543,0.00455153354565517,0.12143356342298,0.288113502580055,0.0453824045374257,0.475702126711449,0.117941456176517,0.127605478613358,0.146007156520416,0.15121248155719,0.653098000314604,0.229035368603482,0.253030573907586,0.384452777870475,0.176098054814632,0.171359052641251,-0.00123804658224638,0.249803705144116,0.211846036275707,-0.0878281458701453,0.159931293202795,0.133525346541848,0.357106632355268,0.186025613297897,0.191331129894507,0.677211335511885,0.41759226770115,0.213265939178306,0.598550561515324,0.352810152754659,0.206110424602986,0.0512965373211858,0.315654334657772,0.263789809533297,0.551856142502503,0.208671841347953,0.12130429057947,0.247037366189439,0.440991795484512,0.323819591045746,0.0442413889704663,0.218897472782655,0.00854181620158562,-0.0262475908836372,-0.00808639922357159,-0.0655660954202061,0.179247784190278,0.0519775386390126,0.36471501860042,0.174917631977527,0.480468054532736,0.0681869627148814,0.0212651976683744,0.179793730003661,0.228891971023326,0.497002829144686,0.1085255915293,0.255920982627716,0.178707550326341,0.195766887792825,0.0409004872563359,-0.0376939538717414,0.155588242250012,0.392347898979425,0.100385511189537,0.337385950564335,0.408256636951331,0.16619092231336,0.120727576731909,0.0679142658741314,0.0743701301917781,0.0978298683827093,0.00283491536371065,0.28181051229308,0.315500343797731,0.180254215372567,0.113503545435661,-0.0607538441794804,0.104846303633671,0.132535512968855,0.293917113525828,0.0952630057207589,0.433181282425675,0.252294514311799,0.356934901884575,0.304001876009248,0.129454646278154,0.163076896815833,0.072474663212531,0.478772096805094,0.372225184214287,0.361414170506287,0.402143611150607,0.360530456431031,0.237445023615498,0.529966247005471,0.575242563274943,0.650628363075134,-0.0503925305031715,0.0218710012577943,0.244450960394866,0.412485023839357,0.195183491036203,0.333809075712467,0.606070408593675,-0.0394849211278002,0.0624368264513218,0.551976721336999,0.0896251194866222,0.02413852373038,0.0406094334164148,0.295097066181703,0.234880371448154,0.508131875686953,0.139898793072746,0.604348993715562,0.156954203808432,0.179783376135581,0.264181582397931,0.124829839004347,0.215395602721504,0.211700167336091,0.308074889843101,0.168735413481302,0.478202777234255,0.108415578222995,0.227617189559665,0.212500737562041,0.341475567756313,0.568160347334768,0.260773770014734,0.311585433559913,0.362363997997979,0.19527659467043,-0.0750696751368888,0.15993887914556,0.362531817582252,0.331555961650807,0.201679168749811,0.337280761745872,0.12115096511406,0.567874330351493,0.066874680243508,-0.216946386895406,0.278285270165705,-0.025666794339366,0.239054497079664,0.261155419712476,0.0619968860992673,0.112985129943258,0.186862964878451,0.440935822198537,0.488608556847271,0.277085292262574,0.298683004606473,0.151206697000753,0.113911657726719,0.0891932141067137,0.0127481881323748,0.143229043409345,0.159964465634251,0.573550517747999,0.340975583616395,0.0164920671684772,0.0963842729145252,0.0935987160573201,0.0286797739411827,0.215837537945202,0.21496643750301,0.126915616189961,0.387483066686317,0.166544979125509,-0.00600713441276481,0.298811636724729,0.345816573159678,NA,0.12663398560916,0.0884115054839038,0.210309819470394,0.0994820793142362,-0.0742185193727255,0.121510466548683
"ROI34",0.295353709456842,0.0835176260637038,0.0731127835216196,0.675291157627832,0.3373410149718,0.142217490346215,0.631892943410697,0.414650603663229,0.272306246011662,0.267866606910793,-0.135762812021185,0.143479996248132,0.043964870360612,0.0213921959957093,0.638970642093631,-0.127445877531892,0.20409857923928,0.55842537286435,-0.0194655330553658,-0.106336576215202,0.11112154771947,0.205022669850707,0.354356339669689,0.203837264629778,0.0740814600537427,0.366166999052464,0.140058386337472,0.764667926654407,0.445633224010093,0.0707509246248705,0.0174401933585072,0.480499278597942,0.198127681035823,1,0.157934987605791,0.296459225337093,0.145825988014874,0.176713073695388,0.246836098631901,0.13465407661457,0.142861521676494,0.358890146372962,-0.0562765731140304,0.542578333698266,0.478932234300822,0.1070731188982,-0.0585988841736872,0.441443908332378,0.0635088811029566,0.691817410537753,0.267930106319079,-0.0442795624409457,0.460233701729831,0.123119665036078,0.328681463953939,0.608768788731877,0.342840702287191,0.107416638189906,0.0430426518704516,0.174179867555261,-0.0849326721967274,0.390288264827453,0.00223165039324153,0.214056137334714,0.194716386859056,0.0463046922581397,-0.193788035064967,0.0896395244406401,0.259998578444814,0.186020795132536,0.391511385402724,0.177874421846937,-0.147883844596043,0.0511823507039197,0.130510916470782,0.100413131923972,0.414389591504444,0.220593143959089,0.131950695136895,0.290254837761493,0.0881036555494234,0.0369394992213385,0.285988108538705,0.510590317270915,0.506409980349608,0.157311434803388,0.314870020061618,-0.0202483865225849,0.440775382544249,0.0185444051371722,0.142735949536907,-0.0271128742782206,0.618510691729509,0.00409411090601069,0.0375664243275434,0.136905968337849,0.152809308650542,0.205122237773229,0.184907570175315,-0.0452804101736487,-0.0144691080480863,0.265787990957995,0.299017896624551,0.0925715441104279,0.653774714823554,0.403313277410564,0.185347137691791,0.344608397885413,0.0109786232180255,0.0997453464714596,0.0309646720563517,0.213180961818182,0.20127110031671,-0.0168820391496482,0.341694021436357,0.177544200572465,0.396794557332998,0.157884114337779,0.189453601357695,0.126431446341661,-0.203685185346132,0.193497498801537,0.279024518121523,0.240943212957811,-0.0153210463974533,0.0805278145361465,0.272061508536027,0.00873193148271072,0.0179628353679924,0.100296679076289,0.209368705812546,0.388602462132949,0.298697558794623,-0.0433822127601735,0.0332097351403733,0.303208372742966,-0.0255072945798999,-0.0326474886529144,0.577479428856639,0.0741839307136323,-0.0766882152967283,0.00236705366644289,0.221736053346214,0.05953990669459,0.445981711018333,0.27580070730878,0.326657204671127,0.589156600129804,0.00474724691719395,-0.000168075434779741,0.251814995980402,0.0392908031983886,0.196353222024536,0.853441524947899,-0.0223932626404432,0.316500856694644,0.521952614118676,0.119517767547472,-0.00606520308680152,0.132164635394682,-0.0152088420182784,-0.21086523654404,0.0889871518605807,0.218358664352377,0.354856706221596,0.35704578694592,0.135604471142442,0.169952800547824,0.163341881233128,0.217713266582325,0.349515314254876,0.43095314983734,0.0866458442153093,-0.030108710854137,0.145799208086356,-0.0271014923693225,0.268959683381529,0.178851318721443,0.166296994202751,0.113321883115721,0.443775013818202,0.302306344822183,0.604245042889413,-0.0416082427077143,0.333572506890097,0.318347192295913,0.188317652830499,0.239403904627556,0.357986437618389,0.407264530180204,0.354374925375174,0.451483206574356,0.222356533314135,0.28714649198397,0.224631019687016,-0.249190746773853,0.466439777380834,0.478393501654564,0.334001771381836,0.302305961204341,0.266322904780602,-0.196301001313318,0.381010138067891,0.126359123772967,0.271821233924034,0.412296887027851,0.162374350095486,0.337914678905838,0.0434585650195646,0.645728384094724,0.0407362498850821,0.547460093220872,0.306726019366393,0.359556749488521,0.31697077000443,0.0881179658507865,0.382607571512363,0.527958330059903,-0.0578251995832049,0.220593261301021,0.236851449026118,0.3312345066759,0.419704737127627,0.443062228889376,0.289957228210575,0.355278610973678,0.46064861394842,0.432835212491055,0.549463678985585,0.296213214487871,-0.11737986348216,0.241870359865737,0.282831031949679,0.590482495852353,0.350604208542971,0.0119386801855481,0.409644597720275,0.310367489176773,0.225796379995428,0.26074414066451,0.331994272781479,0.486322376596855,0.301155567901196,0.149157454819575,0.474731724124569,0.433214040535168,0.213812744359989,0.385728709011482,0.0328626736299667,0.230816024691144,0.263954818181388,0.152904068464297,0.637091525301494,0.648908658442357,0.430684193274842,-0.120929553758993,-0.0564952790423005,0.123809924117165,0.371183588414602,-0.12400339885272,0.195876560269734,0.631954040521082,0.1192157484428,0.557981058446188,0.248855412042467,0.472755425482125,0.368144101443877,0.496950121485049,0.101107054037839,0.592300881398267,0.313883643582911,NA,0.122574375395967,0.0888585148512389,0.44596958841356,-0.125994235133012,0.448944265411517,0.807547730347643
"ROI35",0.0566025423020557,0.470379672282708,0.156258306593895,0.325270190640585,0.192454372901627,0.385768438861087,0.0923631012434679,0.345168775720179,0.326286892003977,0.28802427413423,0.176533934838087,0.362461758328194,-0.0940001013999504,0.0720789047560002,0.287071983004292,0.341805052159354,0.362650952742675,0.331888442482225,0.024417022539853,0.29402862732235,0.228726329461413,0.415880786641123,0.535618379626784,0.375712969998341,0.0736182697885854,0.235578434053444,0.223920012090727,0.256418559972107,0.244805667435601,0.0230207774951745,-0.103882876605137,0.334843327313313,0.658787328552185,0.157934987605791,1,0.529659809799137,0.105297854166186,0.303200493589675,0.49790625113325,0.603147025185112,0.222743035483478,0.336444855710807,0.0355814661082164,0.496300887005662,0.403899249871616,0.425301102734723,0.298729233255844,0.375856643663656,0.311498944133808,0.335935330678983,0.515899186367223,0.20759314878582,0.286568088668142,0.242107716247571,0.258680241475752,0.252734606698932,0.20940771508504,0.19812270413006,0.145350063572212,0.535912256750409,0.0656320795106344,0.532740360403435,0.342638046338417,0.100660875594571,0.0450931059386552,0.122549133215742,0.134900415286755,-0.000485328827957456,0.246643628965162,0.16721376156417,0.243347619499645,0.338432428120683,0.450717029937771,0.458601741647429,0.521850666101429,-0.0793590045790753,0.320364651142164,0.253131446309918,0.168981658368628,0.262124815502271,0.215890938453029,0.0869668026332494,0.22015860320604,0.300816514953512,0.0773013694945966,0.564481174194966,0.651054895439534,0.104093373310556,0.266851129394018,0.374535414551675,0.00176072340117005,0.223609819678459,0.247404674426219,0.431979631088092,0.559454967716301,0.562367344508673,0.227871408382043,0.0447435291292387,0.244153005239095,0.516248163593703,0.130341511647504,0.719685894838639,0.113154821578387,0.269915613094666,0.199838415263532,0.425253747285541,0.498253709258671,0.525360494968417,0.310345445685393,0.459963853813967,0.274518550932528,0.432933661181796,0.0423607546227742,0.204851580905421,0.350376318322877,0.35707546157152,0.29292478551205,0.277404248352371,0.241759541477184,0.585424169376684,0.299259152598952,0.715958965690737,0.220658235373156,0.421270743307156,0.494641577781675,0.466351709093189,0.279582260750482,-0.0019625108302161,0.178983501808562,0.415995776255516,0.25055856373646,0.362065221134203,0.241632232542137,0.491911383670344,0.317519922375822,0.462802966229535,0.110425000128594,0.243761230176059,0.145702582010507,0.173604070706607,0.087501371828176,0.00835606306314172,0.421521657156252,0.10584852395765,0.348162998294641,0.300597164553189,0.685146651668623,0.207251584707898,0.0958983288592997,0.217169612931773,0.239457447140568,0.350870529228828,0.448392634338067,0.290404662945248,0.242268501300279,0.281622879515814,0.29224343401634,0.00830755435424951,0.175420156583721,0.494855387493988,0.19193784901375,0.352253060375502,0.46262941222371,0.24410811121735,0.261097537376963,0.277988812186968,0.210961099055928,0.1991694128324,0.246967584121705,0.282225899979034,0.200903815741327,0.369080964242172,0.284518154167583,-0.0136307929979482,0.142697052580761,0.135068789109226,0.47159783007999,0.143105670405793,0.466560882440783,0.30649707769369,0.328959875238694,0.272495321945813,0.283816617760999,0.292501322194032,0.385393358637512,0.244108120144971,0.411637281916764,0.270635938344451,0.383025019556218,0.333199504243687,0.433833163093664,0.330971918137737,0.492730227139073,0.440871618999134,0.113080208866441,-0.0809949625384917,0.372960958035646,0.365826221593139,0.339745571069918,0.349145044600679,0.609208883518585,0.184032575233233,0.212383887332282,0.416327666498234,0.372599772070836,0.195413244797916,0.196711634478037,0.388350239595839,0.492636615125378,0.424254648170418,0.228194258536542,0.522025815562963,0.366669025717007,0.460589991592829,0.309823215734128,0.27567598720486,0.247416399435101,0.351386815137775,0.28391592105789,0.227004457776376,0.507424592961734,0.459510538787858,0.283950119804312,0.349330457546816,0.315625505776742,0.425940291564014,0.364590041579452,0.262675661735019,0.517294789778543,0.281395072182391,0.191800522773733,0.423497649854304,0.378987459514937,0.24819554804381,0.46894136733799,0.48631221817547,0.308703703573459,0.49902102709657,0.232750328844937,0.0543811052315451,0.400463148317514,0.111929666007116,0.355818633153406,0.313445930113378,0.228079335079355,0.296635430252481,0.523195425643453,0.333864363111404,0.310885805607234,0.473934647253233,0.257662068499018,0.223948810631409,0.212783968296157,0.149176821352201,0.191894892183744,0.260777256992041,0.372060858791279,0.319524970669468,0.278033736988956,0.109054526882914,0.0648453434541477,0.24806842848651,0.0921857424642555,0.289488654472683,0.231743110041204,0.171264606302501,0.372278738890957,0.329410969852424,0.141525492261475,0.260712333967749,0.271232503351373,NA,0.184745322684968,0.192152427434518,0.366481338504825,0.234774351619835,0.0467612700739769,0.22270568262506
"ROI36",0.261201493772507,0.190094735627755,0.233225131904421,0.456426920086746,0.3111980496595,0.238783920333128,0.259585228112488,0.503681550356291,0.453071104747753,0.287350069825743,0.189173168562904,0.459229959856845,0.0695098507823631,0.185877750705188,0.40677877870835,0.368527930401368,0.568394789133228,0.362807309381573,0.029831425549917,0.388363026279341,0.00848319196537677,0.210868994137426,0.560976960613676,0.167711213391389,0.186382772937221,0.235722641783098,0.488612257488788,0.379253347632872,0.668577332266604,0.114836299607485,0.0747338194821142,0.446019171233244,0.260105124967214,0.296459225337093,0.529659809799137,1,0.0804004803836022,0.219984349727303,0.783724512874267,0.577270091258093,0.575439186724064,0.503078705204731,0.0697496719419499,0.327453317524291,0.665916262666209,0.160548176774901,0.238050986647295,0.543775382677268,0.32763220533168,0.425621471777235,0.301927629774708,0.261584567065732,0.513172007542249,0.16626319143899,0.671471670920389,0.324352410655946,0.369071931506001,0.345543622614756,0.377913479849388,0.592022975171803,0.0418502106329324,0.304925100375805,0.475120185923933,0.400399266107654,-0.24854716602256,-0.0457116821676611,0.271931736675691,0.0229977812231435,0.122474418387448,0.0823818188609233,0.44826565547066,0.169716794464717,0.293675929847188,0.288639029090226,0.398948998857052,0.0597768923347303,0.255899996599409,0.0482161276515042,0.26489633280221,0.61249330598162,0.0129492736018146,0.302382409406109,0.336304720873446,0.623727981496402,0.35570552000536,0.278770348465865,0.476843413627846,0.355546206197413,0.152200346450264,0.331370700397743,0.154418434771789,0.295906500527372,0.416619358890906,0.352573882070605,0.617246821969554,0.344968291367247,0.307414372385733,0.333955645061552,0.193091261803254,0.56796067894468,0.364782927769051,0.528779258075731,0.0439498622784705,0.225854812527314,0.403213045907325,0.808807039655742,0.32854307201939,0.638257200112931,0.231222481383619,0.170025505081337,0.292757553754073,0.426331017822048,0.233074174197622,0.0658189270579468,0.476911143514464,0.480162062747029,0.612144419441441,0.436046657995218,-0.0828986308557072,0.556719710609346,-0.0542731650867212,0.430255512789996,0.0626587162659471,0.4249807645348,0.373209668220796,0.316230400874979,0.377420430260996,0.0558239874038045,0.145943233396728,0.342893196073398,0.0737081473271783,0.717445075916008,0.260752762468271,0.221631832202691,0.282391370580407,0.663952856828772,0.281581485610133,0.335085457032161,0.384666982236837,0.44171236108191,0.0987811197393148,0.0582488397996017,0.526224882515676,0.191980541133003,0.275151996028894,0.598620417904346,0.511524026995224,0.310564429922876,0.25566652543702,0.0128908127985625,0.264086875493291,0.202388966854646,0.481510525171679,0.372937373528443,0.140272120882773,0.535071160239703,0.61227394740797,0.232270251532128,0.238716384534685,0.513104416550597,0.309251648699858,0.273005216178689,0.341505374828814,0.461305595350992,0.469414687380467,0.454910337502103,0.319944799390408,0.244193885370513,0.370070487658745,0.30624087218224,0.171595901592422,0.499935298684019,0.43149475586776,0.117337185205083,0.195355984658073,-0.00339533513252993,0.433142710733379,0.272510450492,0.437313742084037,0.429215152727807,0.277872190813023,0.308640377378638,0.399183589693649,0.284376270299814,0.687829520325384,0.0815433097859032,0.353066723298416,0.122679566382913,0.215700084729578,0.610919074810672,0.622952294761946,0.168056654478604,0.485304856529633,0.236434001978393,0.360250495039636,-0.166304747463374,0.50269336003528,0.228459948487691,0.332017782992045,0.372843979559777,0.443900798704709,0.18690744615717,0.486652875208542,0.320845087331166,0.699075338081412,0.368730137493632,0.316210148899949,0.613882593910481,0.520207040292762,0.376435397058641,0.35140364362044,0.35922213971675,0.431191576554723,0.791712090086604,0.219833025916275,0.380377401213561,0.348723392501235,0.453849284722781,0.120339714664713,0.248841527886376,0.44568602751194,0.716441201681596,0.736177447056115,0.605452067256764,0.273791346812665,0.303474936491803,0.562210409429066,0.167733612502221,0.477517845666883,0.546452667200462,0.23646535904356,0.751170538192754,0.389572949871932,0.198939804259394,0.581015154350517,0.417942725097216,0.371046397284391,0.170369261282483,0.363105630568207,0.506375680831695,0.494013088686961,0.312651897207009,0.386863485298533,0.113338933303453,0.384376149672526,0.44750163371783,0.711779383391958,0.208895570380775,0.26217901575422,0.579101249969196,0.251219267374122,0.283663567017753,0.353357838706573,0.260266080307926,0.476110551457139,0.20770063360082,0.125446982379412,0.0964173950066966,0.347431219618083,0.194403706270399,0.242858646193361,0.441275645607154,0.149594164956907,0.324114488441143,0.121115911535813,0.248206081308132,0.260561720782285,0.375703158820269,0.405248858764994,0.479358648453116,0.0568582962082134,NA,0.288293634095357,0.371982418695818,0.630113794099825,0.395544420085058,0.271418326902422,0.437227218336544
"ROI37",-0.129616058649309,0.3506550809556,0.420803704238396,0.019002604225748,0.0564257369606538,0.468017811484046,0.0300336150814449,-0.0226412906108238,0.261139516351466,0.100275297538962,0.192173758926413,0.134010336179211,0.0229017968751254,0.186745929640456,0.198051427880907,0.265436081175105,0.000878721056640097,0.120446362725791,0.130710333816708,0.083696892271175,0.524735455060118,0.0946305500548179,0.0454717870992704,0.564314365893014,-0.00648511520945166,-0.0496772401076012,-0.0367979870040171,0.113374730957272,0.0946049439417583,0.149671588892512,0.00286864286541827,0.147034077521467,0.198208288230617,0.145825988014874,0.105297854166186,0.0804004803836022,1,-0.00822726252570486,0.139657567216669,0.465753285421514,0.0291470130791181,0.201616295532244,0.159457526384158,0.152001569969904,0.0615729679276176,0.396397451216373,0.375117613075705,0.352280043237562,0.147841834165507,0.106511305658578,0.400179848598997,0.253913165417571,0.0968883049252825,0.447810780284223,0.134319184613911,0.195041818005806,0.00508559204763238,0.148844271580136,-0.163895736143579,0.182673705064521,0.0654560516056892,0.133203572845882,0.188609042227445,-0.106757192540669,0.0814879235451304,0.211587044563779,0.169710270211048,0.0391386158458286,0.493671160260366,-0.120172383100817,0.0592442263934818,0.412371889069807,0.0641104042546558,0.221270784911655,0.222671040847281,-0.077494048509004,0.0203930447488117,0.330978045181958,0.125196708472771,-0.0188937863383645,0.613309702570778,-0.169351082879108,-0.195252632571087,0.0827748268598979,-0.00791343334320085,0.109920138406479,-0.030913852643444,0.0506236917439205,-0.00231646342790461,-0.10957201213591,0.450556364791984,0.318833561222839,0.119480399301779,0.235254431416763,0.0387548919708141,0.0495099690972689,0.0332866073320641,0.0722840163507191,0.0369724954178751,0.00395096163093321,0.342562571597485,0.0263724002729464,0.141294306243766,0.129611145678066,0.130440839920481,-0.000511454449326486,0.286871883199149,0.0903030682469759,0.153762521466515,0.202100693373602,-0.0576722541705933,-0.0871560463888748,0.188381723572869,0.141630190338223,0.173007203695204,-0.0245711519884211,-0.0684114359617089,0.319298478171801,0.250896876689742,0.0930060661809909,-0.00654952144300606,0.227174041106312,0.13473543536545,0.38366947810871,0.304246932567852,0.0466596769707555,0.0396956998492557,0.0039999973110022,0.0739979078602623,0.252533833149933,0.391508581821871,0.20604281720488,0.0396806708062991,0.0324183873754261,0.429474481030303,0.0973004132464902,0.150167164324868,0.258811813002606,0.0550361453021552,-0.0360314146255575,0.122935566301641,-0.119252893632212,0.112102200392957,0.144656255642004,0.173889332481594,0.230651654393806,0.166093619472795,0.103869052344855,-0.0614312304595215,0.0671131054873528,0.265649284265014,0.162984777330234,0.0453066860479689,0.113440051967549,0.277223474952515,0.0845311697102558,0.0706482506655897,0.10985112068385,-0.0215153060735909,0.27220904708595,0.224869025878073,-0.019434981706463,0.245862994780404,0.189059648027457,-0.118076153040941,0.08165413605951,0.166756483014263,0.129452521255758,0.192675754970517,0.327108694766211,0.599875555204921,-0.0169173843802404,-0.0962897054584758,-0.000316643929565972,0.096157325307061,-0.0250494814514449,0.303270835561071,0.0888902407097759,0.209891053100991,0.201158916001307,0.0557918654822398,0.292025901982009,0.177057005549413,0.104335957790276,0.04622023909749,0.503308843418115,0.173569980896582,0.170390664111484,0.20704945109539,0.331046507477373,0.254978346243125,0.305671763251121,0.132773100797467,0.352018503230077,0.0633403044322021,0.0243421628236941,0.244761512457713,0.0208636754184901,0.0957874264205216,0.576978751465276,0.133068738308323,-0.131391031806788,0.0188298080195527,0.389109311792021,-0.0446417049538749,-0.0472493978482856,0.0889840484755587,0.0913852850631455,-0.112957310540732,0.167661255477724,0.181963098654558,0.184760979456467,0.158258287326207,0.211487791228441,0.0934678650142364,0.0612732492427295,0.204227478141242,0.0650009841690682,-0.0956219959072953,0.11180485089787,0.008536129757503,0.0620107886876047,0.0764732923906809,0.213720248402039,0.548618858185999,0.362062143320714,0.0915370737494448,0.209886792271883,0.0702477026724168,0.20830859916371,0.0813502121897188,0.13202302492091,0.188591332995822,0.250437145392388,0.00331781089211452,0.0598453778393351,-0.180281400721542,0.105617741685379,0.228105352814302,0.0227680740102886,0.0919126906672268,0.0637839789112943,0.183512849123697,0.0887194735356467,0.0420755230217827,0.0787589216671446,-0.0022065838879616,0.290634675956393,0.377557800428575,0.213764024826093,0.392447769051174,0.0565080505778434,0.13881824651465,0.0126262647924744,0.184482835872657,0.231116516978962,0.119934083125877,0.431279706135121,0.0736968075984035,0.284834230104894,0.198788602809764,0.125299731738925,0.0819882137498097,-0.0201165286654139,-0.148812084274621,0.137001425805171,0.430067804285902,0.115787861054751,-0.057617465432987,0.0421543385421143,0.28609413994346,NA,0.183478250802304,0.292437533950827,0.351660358640334,0.0546576087769081,0.0427651027605322,0.105420299121136
"ROI38",-0.0102694375364497,0.198366163240587,0.0875751888416127,0.171166727009983,-0.0608573931765102,0.182044716078277,0.0464296805196287,0.027038877536432,-0.0498854459743189,0.195178299404849,-0.124314669576138,0.31654467322089,-0.087352873246218,-0.0274329786997187,0.0798541679913792,-0.0730662739941058,-0.0402869681066696,0.0668294394641798,-0.0461255187520573,0.0849256389513333,0.0887832493072917,0.11696697815942,0.162921567752236,0.166757402503501,0.125099720570791,0.172173960528202,-0.0863927392790678,0.092575470201503,0.0713204752792304,0.0830753109914293,-0.0504108151152442,0.142182665168254,0.270384998421081,0.176713073695388,0.303200493589675,0.219984349727303,-0.00822726252570486,1,0.0901594248462639,0.158683578425893,-0.0838760147497226,-0.0382075693627388,-0.0661988725455118,0.221320694626311,0.142647117815792,0.219183081187093,0.0193498243914798,0.111769488430192,-0.0140489739450992,0.164953825829925,0.136472405874209,-0.0853653922554751,0.0859288708319731,-0.00823264442350089,0.0626305432506399,0.143851708241252,-0.00389266379469728,-0.0239307822857307,-0.0746878426886058,0.0133814065141482,0.162262090398869,0.281183055047545,-0.00437792088391308,-0.10305143119801,0.0958588292604135,0.353860921107337,-0.110496740667352,-0.0116639520500078,0.168630905181919,0.0366906838110846,-0.00757758966116319,0.20543015614978,0.496068046522215,0.127432383675447,0.0810847601985575,0.095110034255157,0.235585804897648,0.320556483447929,0.353853498738501,0.029149568074698,0.0566461502001843,-0.137396871212696,0.0614666253397478,0.196052933769565,-0.103452927851349,0.597649784671624,0.241350751111723,-0.125884095128917,0.195151373386104,-0.0159077636463673,-0.0525890384981485,-0.0942714137967666,0.0829495857623438,0.139921524225885,0.145208863446471,0.35601633002748,0.0861435303908133,0.0713230502029988,-0.109251234955586,0.0388019790428065,-0.128895490786866,0.325212089864307,0.259267616851506,0.32448663578713,0.0711877588752378,0.237470900686171,0.236312050737275,0.249422808384989,0.00736958903754708,0.620032357106306,0.0639398894956248,0.05794637335389,-0.0823796263404946,0.125345329248292,0.00451396458650715,0.0166312480401342,0.159336937616114,-0.049112543271856,0.170308961544291,0.227066126876606,0.0888416935228235,0.323081167880266,0.206329625916458,0.115048215113109,0.0755679295046241,0.585377933808027,-0.0233650533763581,0.0875637713188032,0.193147863864487,0.565595345369147,0.251808572899419,0.115191348235868,0.0446162371685117,0.209998601159188,0.0619719725663243,0.125159249348183,0.0646066785424021,-0.0947254686448072,0.038264664405821,-0.0504194204076238,0.101518700152932,0.353930563264645,0.0987547538367278,-0.0661365250300803,0.271080030769982,0.0116863367131872,0.460350504039267,0.0769345424113653,0.0440560578571237,0.573413359503741,0.0877623188994686,0.1042018139688,0.17931196495591,0.179349679019857,-0.0410357225374052,-0.0519013175312919,0.109063750678139,-0.110797919369163,0.0917700925347567,0.050637970782087,-0.12389592062127,0.173525626921766,0.157693580756073,0.0544863058185343,0.224782646034434,-0.0178836093835562,0.033687933953177,0.141311470217935,-0.0325619731236617,0.181425168065613,0.109143946895061,0.0940698213263889,0.00170217049957653,0.147097565136702,0.0914668527679163,0.078764151364352,0.108720549733616,0.0570848940018813,0.272707437622125,0.0357482695771989,0.291204384449624,0.183381308206877,0.0814924405649722,0.116029471457943,0.213399563448379,0.226411439595692,0.101026392984086,0.295352421506121,0.379552420658488,0.0730035933550346,0.0672818921345255,0.349700579245077,0.269345973228854,0.253945858565253,-0.198226178967015,0.0915007532248124,0.183877526493412,0.329206068767585,0.0503375744875264,0.202630167132003,0.275622087125939,0.114227412173717,-0.0493359357794967,0.119453870017725,0.14522907551738,-0.0479978478539691,-0.0573695461994418,0.141035706871611,0.131103150931069,0.285961277366435,0.198554861152551,0.412600701523002,0.00179401759039079,0.200622493764955,0.411861486829268,-0.0350385903670461,0.118453196703272,0.102495046785379,0.332960099631785,0.321710038906857,0.2301146387765,0.146545184787608,0.11212918888906,0.146052079486903,0.25340829174011,0.334376570699945,0.1411173494431,0.327158692411547,0.356642371302858,0.0731643262790916,0.0902185684809421,0.0629614073745734,0.175313346991399,0.122920090058084,0.15699808159938,0.442761223476584,0.107461266328182,0.321980669099561,-0.0237509129418824,-0.122549066499161,0.114456830754969,-0.0507704524182321,-0.0241822814487009,0.083586794179055,-0.0020165668197722,0.0316181927272402,0.296877469903406,0.394386725632539,-0.00106538765151523,0.259525773172101,0.111118064144978,0.138946735190222,0.147400808277833,0.0939255850017975,0.0281202350914947,0.257774772099598,0.133315954700395,0.297244624118315,0.251280697226663,-0.0511130525925156,0.065136557612313,0.1417124950438,0.185946287581791,0.0862699729829919,0.22668700951741,0.035042932452372,0.380284681977528,0.0410278016884855,-0.141533180998917,0.176440238836732,0.262166231898804,NA,0.136020721756499,0.109859331174755,0.164538563167476,-0.102314557023537,-0.147334706390964,0.123954858059454
"ROI39",0.282021642847682,0.0433620791227253,0.346037156270419,0.421708710913583,0.351641204699619,0.153125847907097,0.258570277591755,0.614864302272365,0.589481371325232,0.182247117583721,0.151065498634725,0.402387267766853,0.109199727460242,0.235200863582528,0.451325864937318,0.17114174613116,0.603397021366216,0.337424301381475,-0.01160900715318,0.497442352068791,-0.106395532683365,0.0391803753369553,0.586992777811719,0.0284570078206044,0.198666195344533,0.152675895550981,0.455741129481398,0.365721450766518,0.678237856244187,0.105771761777479,0.145164160256079,0.457911904437434,0.0785706900057318,0.246836098631901,0.49790625113325,0.783724512874267,0.139657567216669,0.0901594248462639,1,0.595302322089305,0.621004341868558,0.59758944569189,0.124819555065053,0.19626207419682,0.535702565521628,0.025500525284138,0.0315266308295174,0.644468255315716,0.335954017667844,0.343244741325976,0.288564223151454,0.249609710074143,0.48670370704526,0.0820340454267204,0.671349121589051,0.264115480999266,0.477907015487258,0.403192705395637,0.373125633543835,0.652986855746676,-0.0142267127213357,0.0968633105268389,0.477347191389934,0.40489684420867,-0.307732283687571,-0.134037727187251,0.246821638841675,-0.016597848834238,0.0039348927790644,0.0911856437772129,0.380393286707523,-0.0163310281106615,0.207442172037871,0.140040047859705,0.331908935743708,0.0286129902783013,0.232527443723719,-0.0880617839629973,0.230743470061092,0.694003334024142,-0.00629820157571938,0.251299611378699,0.276548527558617,0.401900412375478,0.389525477035541,0.120201911165179,0.413068426775336,0.266582880048769,0.119598252483731,0.282054055591293,0.157667179945701,0.115216470571717,0.462405722828887,0.160395608848409,0.688939815237878,0.236421748615767,0.306372682496449,0.317261503350228,0.202617892660278,0.504617274364238,0.368483271270447,0.406428628712814,-0.103145302423476,0.179254422136234,0.324812393813731,0.735918552597396,0.156879582084765,0.642861497450892,0.288579141234395,0.109141986858392,0.164614226330817,0.413962933748602,0.306138904926207,0.0357595537522437,0.456329126299492,0.61380708382657,0.518277669111289,0.384760491835327,-0.11159404124492,0.502733721640812,-0.182064770013869,0.328661114256669,-0.0478568965775924,0.5149695629573,0.279397174323092,0.152420772267696,0.374330761077397,0.0192657691811161,0.00376395384102101,0.317374483396236,-0.128247656439134,0.737553366174753,0.297745214258897,0.239431752581196,0.224168262990418,0.579799014504521,0.117604888353015,0.34622590973325,0.321224922484734,0.386420923555077,0.0694787175452219,0.00314250538139577,0.5155905634103,0.188739717905729,0.105721768610839,0.545825002756985,0.387617086493572,0.400931763695568,0.2663122672811,-0.0776799420254977,0.251909759339727,-0.102333093393989,0.416127163116233,0.312683143155531,0.0699746577312078,0.491093302456051,0.632613396756401,0.284520604954699,0.203535556277241,0.462700855564364,0.26016504623449,0.092816916381894,0.246067029643482,0.348039792310406,0.286938865692013,0.540619477559087,0.314208277734476,0.188162799194618,0.456029087997052,0.266291269886263,0.136635920889987,0.435974872151277,0.366903893384298,0.103198215423503,0.102496558478726,-0.140107960285829,0.480768617932291,0.228916294182677,0.309530321593802,0.320893850189177,0.139957060576544,0.179143527365518,0.454810607855586,0.225222648605591,0.670322412894087,-0.0656626631793976,0.201461510284814,0.0372226603594992,0.114356820125916,0.522022954208118,0.602911720846839,-0.0408008659564577,0.272658311737531,0.00919744128433876,0.448909075410796,-0.26409731673951,0.490401787599331,0.107771549661006,0.405736420882964,0.308493003349156,0.307231256917152,0.127858124293123,0.536794526742829,0.12270740345461,0.632081799542081,0.371249535011377,0.358245145064466,0.516606239223321,0.434067405956768,0.219192762002858,0.345765655610191,0.146188093456292,0.467233124166577,0.794709884696366,0.0933593436406687,0.405266650959415,0.378257185347186,0.380214240276515,0.0406081932892383,0.202131113410565,0.204893776493106,0.736697507883759,0.553655298550984,0.618701596673965,0.199327679565819,0.110881794210569,0.495238467485999,0.0500177098748716,0.360883073737115,0.501454279962314,0.264577285416327,0.732154078051429,0.254681754226091,0.131411074081762,0.511403197012077,0.265683847021364,0.255162172394404,0.0159011946172908,0.385830699936527,0.638574871407641,0.403968574516605,0.410126678273401,0.443902252215253,0.0671998788451632,0.439776940054371,0.480505275507078,0.572590426141399,0.0135725420362658,0.0316590994374146,0.539502755593854,0.179832648402146,0.197262853297153,0.319339938739885,0.28609850044905,0.462769274146657,0.176100075209838,0.0167337602657235,-0.113516490088612,0.165743206430744,0.135003720877493,0.250522136768894,0.428762512826664,0.120402096489436,0.267217559023102,0.0774711123436013,0.263524589315224,0.124138233914818,0.416264454758378,0.347165690176158,0.320405597240161,-0.0332500305556321,NA,0.257047394898305,0.321893517420788,0.655029737723202,0.315169823846923,0.314976977990007,0.436221499090606
"ROI40",-0.0406475586091428,0.547659476553244,0.386231553364069,0.200058332763459,0.12528390903798,0.421056522584107,0.0871859299791263,0.312612749793591,0.555893913010727,0.253405051088737,0.306741427169308,0.426653928817828,0.0460211408428536,0.290376263915923,0.333921611006939,0.543261644802612,0.275619243496687,0.257512521163871,0.101417555712663,0.244539380387851,0.511875212594614,0.236173417286622,0.333895821524167,0.627960255109889,0.0109551708916126,0.0950543162348267,0.232115265052173,0.198246797787238,0.300954630248757,0.0961127284688101,0.0725331902641247,0.351792729869331,0.441910131422852,0.13465407661457,0.603147025185112,0.577270091258093,0.465753285421514,0.158683578425893,0.595302322089305,1,0.357108265048099,0.387099677204902,-0.0368345346385866,0.384313798200419,0.347386336004408,0.429553212981119,0.504718912352238,0.569311242038774,0.443393730574867,0.219631581763904,0.493901527122075,0.199541863648232,0.317144566907537,0.389962135916344,0.413338703139856,0.281037344067791,0.233171400007707,0.31405352548699,0.0539771165215088,0.748026223911693,0.0725473753694562,0.374233533642341,0.492351172608274,0.107999928756708,-0.09133161476783,0.184252766895109,0.192273047382128,0.0068299547277036,0.355175763582075,-0.00500480862638878,0.242873842628755,0.519445879288066,0.277530652765588,0.349425204360996,0.488283826230018,-0.0696278780419014,0.154818062443663,0.244785392134942,0.323325469047654,0.329550974730766,0.403938635303789,-0.0409836362262983,0.0135595003806446,0.356182676883288,0.0204404533586266,0.272716477942723,0.236925336736436,0.166463022226924,0.0742397720782538,0.106832011299469,0.135971510181639,0.428161690441048,0.260724576447715,0.521955930965903,0.526107207938123,0.243090403750817,0.225808734215339,0.135199391063275,0.0883423902959916,0.454462191086873,0.432115345370251,0.315487567635793,-0.0471640819844353,0.276119135423281,0.262066539131846,0.441995626085237,0.62953983039101,0.486793199575825,0.265018279410539,0.29067699482285,0.137563011406946,0.334989121798176,0.329106545357267,0.210264957208161,0.401696015303881,0.351136657684267,0.22180282263533,0.514987035615104,0.147396786279149,0.446814372092937,0.0434256524596816,0.625171039255826,0.126992184176868,0.645399644777835,0.729403489245628,0.28983764614166,0.204162170570676,-0.074116606384011,0.0813355524925968,0.442959642880996,0.213117862330064,0.551176226036338,0.120952175763853,0.244411267346419,0.657202642449934,0.437571371062078,0.103690874301051,0.473175209728776,0.121311818693574,0.134637330453338,0.119519655509698,-0.0601484147149085,0.430543345370292,0.259174481343538,0.29217855399229,0.454704403291813,0.521681564821812,0.174370241610923,0.0588674708236242,0.0757433349983767,0.317852920238701,0.269571918167119,0.405486616151447,0.244908972075429,0.236051951957744,0.312449509992275,0.268351872104077,0.179415326672368,0.151568446264196,0.636162505553795,0.295207140107541,0.22083098616577,0.322802028565313,0.378845088064591,0.199123085853044,0.283267292984108,0.324338164500429,0.259083793946527,0.30782889456218,0.415950570127681,0.515199019827523,0.203442394571026,0.166078652071089,-0.00149487145438251,0.146072183885778,-0.0213612190753798,0.52872129792202,0.188643057112845,0.369767703447443,0.404294428488159,0.188328155839276,0.366202459730334,0.313734360393757,0.326801405732387,0.442367172930564,0.420013215756865,0.35953617400527,0.178707645424779,0.244262076843217,0.54492130031502,0.558647116351445,0.358590246363874,0.412518629970088,0.508133130091361,0.182735669954858,-0.00717587426630255,0.469412505659741,0.134047507388863,0.281772358646927,0.567821724756925,0.474001752054701,0.0107750862070799,0.26988964086816,0.537365436819644,0.369692330674646,0.1453104311715,0.144369778941774,0.386466799796421,0.325148045052957,0.342560613584667,0.346934262590713,0.409702691790107,0.349770845429093,0.648056683735462,0.126383329064836,0.25760307938835,0.418152900552761,0.26755330885338,0.0730277673013123,0.224914642718649,0.338839675157615,0.455755842028145,0.387095842463384,0.42788580006708,0.449045180934828,0.470389382778922,0.366113604221597,0.206217903099364,0.345076065974004,0.421582122825641,0.155001821063577,0.550585636396287,0.334158294320513,0.269251112165846,0.309724427858226,0.411667046687038,0.0945878595211352,0.235679596494078,0.38681825277887,0.208335263024973,0.295006414209965,0.0740677154224956,0.41420900347055,0.103100614837989,0.200375825276594,0.293270460311973,0.445856093260645,0.273887811094739,0.557685797736854,0.627474563219084,0.420157279668635,0.197875810168457,0.241370959204887,0.0204816784910195,0.279463108367662,0.345327860412471,0.264912866271143,0.456459515475819,0.231119592002722,0.215935070064354,0.258266354260255,0.26929966677071,0.117480131564819,0.134098450488178,0.0041977502635145,0.190125965565329,0.378878771029364,0.297249660806522,0.115363231014112,0.209838313750705,0.18116426631319,NA,0.187370279656044,0.370555075197217,0.595219570215313,0.158362872943579,0.0532084844763189,0.20699431736468
"ROI41",0.330752273282474,0.0265557735528588,0.140887125198126,0.125183900064941,0.450599815728766,0.144641669199675,0.0295174062711848,0.632144928232517,0.641096384692278,0.0573257660625613,0.221944854441827,0.267071123593551,0.162897544338636,0.128329682524037,0.338067690992163,0.416721052096808,0.4650146871194,0.274402938787778,0.0394079951751148,0.435480811218472,0.077033154755381,0.0340409255363708,0.344815553288335,-0.00594003137697613,0.349723041966917,0.157804811713744,0.500281305964766,0.155334634245376,0.422108042287018,0.0130122322306742,0.319332616337831,0.252333900220133,-0.000824268406181683,0.142861521676494,0.222743035483478,0.575439186724064,0.0291470130791181,-0.0838760147497226,0.621004341868558,0.357108265048099,1,0.333364429299135,0.0748421230491647,0.126790663954267,0.569485661659486,-0.0885689589289181,0.130661277983898,0.321779084793611,0.325692589327447,0.169606313867059,0.132180990426693,0.226795861482209,0.330745287928737,0.0999362401696135,0.478878569797019,0.25730629399121,0.452546185891771,0.24703741887271,0.406177930849742,0.538485051513894,0.14009220434885,0.0234277865619577,0.262880150499229,0.547681881786963,-0.207169378876728,-0.0416336678184425,0.415572911302488,0.0788997583907604,-0.0250248539393317,0.0963751009629317,0.334642923477305,-0.00553087813550991,0.134840609379702,0.0525863336995796,0.242961717218465,-0.00220900788729771,0.0767369552378511,-0.171312710296665,0.155433804907039,0.523474254495577,-0.0844911437098562,0.421532507546001,0.35541095244239,0.419926832394796,0.391764908437955,0.013219551087354,0.376665130223382,0.587875295517556,0.0245032055636225,0.370706452517918,0.108958642434669,0.273044268996451,0.394530095729362,0.170983514594608,0.499381785459898,0.0818001899423149,0.261445203862368,0.281649178395299,0.121175766928819,0.583881397398179,0.536254803360789,0.258163670144247,-0.130973249424403,0.149918275110814,0.207149665982307,0.416625966336351,0.182194017314041,0.35707619342005,0.146308560477173,-0.104742343459859,0.165601943034892,0.243376305583161,0.256661374924691,0.0503460860683793,0.427969232310993,0.376523558068044,0.490880270400543,0.372550409455993,-0.162435476437655,0.186857068422166,-0.201874287503143,0.0303296150309487,-0.0741348494396217,0.263304923655305,0.274038079002157,0.0622026914877446,0.184201456705387,0.141607671617852,0.0460299944801683,0.0876768587939799,-0.0447964242328346,0.532622499163616,0.197132967633235,0.150281087221968,0.27617193756074,0.372629886061737,0.169868920569808,0.311120266807864,0.157591215852534,0.622966843759836,0.0989545429235845,0.112261359942237,0.48779564615269,0.153701078324069,-0.0696398725352919,0.813747709009196,0.120236334928954,0.296869968637009,0.330850935882079,-0.123722410580939,0.107170617655492,-0.00441079698482385,0.1935868641697,0.219226162189289,0.0551867614250153,0.302656046767352,0.617620437361346,0.273418106780369,0.170092811144137,0.42942986686718,0.20838424300364,0.202927543347619,0.0939032706866802,0.463106033742546,0.286115669505614,0.587722504346832,0.39643493416055,0.0841419663627972,0.296914455717884,0.0400247347062699,0.0219691948057121,0.416305752760886,0.536608166479178,0.133103513719456,0.12827692122273,-0.235247410498099,0.294275140975763,0.131856320337374,0.215189485592832,0.287044660126155,0.0580838749381338,0.0541517119839729,0.344901434304843,0.135405431416905,0.321561754062705,-0.0793028765011247,0.137459081159757,-0.137025793072371,-0.164696997008348,0.466449862246712,0.386524951803843,-0.139303748016288,0.269752029767127,-0.052285785213311,0.637987419941077,-0.288325746357642,0.163083048317163,0.0169236442225171,0.15199175858923,0.0989363868475799,0.229789457990627,0.256477507946171,0.660554565140441,0.201390031716904,0.44853576076927,0.417353305218743,0.261076101930259,0.277577794158937,0.292574784924969,0.114362882928219,0.198441908549058,-0.0285545602968479,0.262347549113132,0.524807976004773,-0.120126962952471,0.301745604042267,0.192150973488053,0.384290294935142,-0.0325579695049683,0.0347057671837303,0.200336027001888,0.579938017008787,0.443336622039252,0.546102461777498,0.00823552741385753,0.042516737263697,0.324121202716908,-0.0485427108286631,0.123253157600535,0.456415528265616,0.0960816043406876,0.719062351875981,0.150750276394697,0.00563626022992078,0.315897134887754,0.18052799687963,0.279766578064368,-0.0547243589222869,0.390109541933832,0.607610975886048,0.331567180343886,0.537917174189168,0.396425549282453,-0.198422160588716,0.443266085433271,0.454041812181601,0.334848804660179,-0.165767588491458,0.276192463836039,0.275522820977488,0.158662009218684,0.373703971753654,0.0667578708413163,0.282527366074712,0.594460488809452,0.121192204006078,-0.0357043071657623,-0.0973581336274296,0.207349866162105,0.200791532959162,0.136259369297361,0.349795725509364,0.216159611604615,0.353332716407347,0.0164716718660346,0.0810832969078167,-0.0181157257811539,0.388925411270779,0.480209287169903,0.287228338964517,-0.0972173470364012,NA,0.249636353614192,0.236135859426447,0.488619105860912,0.481573918290453,0.414620560613879,0.270726188692021
"ROI42",0.121456008704542,-0.00112363012271184,0.183348722567762,0.443564003129222,0.303812067808058,0.199231497531173,0.434636758840636,0.481991560429775,0.364515881141972,0.188891143069087,0.128902433360915,0.115448944328061,0.0938046960680764,0.0942197173986901,0.470203437017583,0.0531881466915206,0.405856818016049,0.378315636189455,-0.0491751382687268,0.14630436576034,-0.053185618124694,0.236131640876464,0.495591409232569,0.083322129336929,0.134156012818958,0.207592166030159,0.333802223997151,0.436824225557995,0.562248927028416,0.152469534411061,0.147445684954445,0.357276972966205,0.132726533046959,0.358890146372962,0.336444855710807,0.503078705204731,0.201616295532244,-0.0382075693627388,0.59758944569189,0.387099677204902,0.333364429299135,1,0.0642479163506152,0.282009526236946,0.332481765898832,0.082380572100209,0.0462416299964355,0.542889991805487,0.211141494028213,0.337194785715462,0.334976921499731,0.178379210059781,0.413931621864942,0.173258554163333,0.551107278601004,0.302730404252572,0.38967495131695,0.49688906476731,0.207328428224338,0.438931945831927,-0.0891321076011654,0.235710879530253,0.306829226165946,0.322962791395037,-0.0184594722761579,-0.209239640813308,0.15088919561544,-0.0193821874517064,0.117446725576527,0.156678839538784,0.395071177143507,0.0242901597291787,-0.0961408665797166,0.297229985702875,0.235291645028693,0.0471445581620414,0.435604669668858,-0.0158901659556217,0.092753291368987,0.533219633573215,0.190207823965672,0.134785597683423,0.166092852907774,0.374531351075928,0.353195209605231,-0.0922005629531165,0.338797064232753,0.105547892677619,0.32407195574697,0.188371861517291,0.263745270806186,0.104420074952382,0.422426515796576,0.0843843861341963,0.320920996139188,0.0522330114919645,0.302059745685642,0.199683209652175,0.173036142613159,0.299754459590453,0.230483477363816,0.199205058222297,-0.0516328655997445,0.00596640090810095,0.422430324374221,0.549359236675641,0.128055248492787,0.387275219176216,0.189618463726566,-0.104991812652485,-0.00270399836136639,0.331942399117104,0.326668916866004,0.0229969226962044,0.471852887286341,0.37134155800284,0.39880312570747,0.337765754750973,0.118997316343827,0.357996159610887,-0.172229990069676,0.262828809257349,0.096878261635616,0.296765853601315,0.22700295208793,0.0106843305445089,0.475899086026664,-0.014828246979556,0.0231920585496358,0.0371371754589766,0.01245348851152,0.588631592854979,0.439449410087324,0.113007554191119,0.121049510443697,0.600086562244896,0.0660366351773821,0.309384510339098,0.336317352488818,0.181842779455401,0.0660983877308477,-0.0490224640845879,0.297011577163577,0.204325131816579,0.202767871189518,0.327641193595171,0.198432680568713,0.298579685554177,0.160051319464925,-0.227193694272907,0.214930334285845,-0.0751577436238059,0.264410646059529,0.33983214164833,0.107299414930861,0.515819844282015,0.477100498312286,0.293931087665723,0.175308158543723,0.382806506665968,0.241435736611202,-0.0532086882302309,0.338223367666603,0.297975732490477,0.140573142295412,0.385088041972429,0.327024059475987,0.083235596292283,0.423610848087674,0.131972383097912,0.232633163726867,0.361375837094178,0.255173389384928,0.0456980159310755,0.0368409397163242,-0.153117962768104,0.394094582459904,0.273784698797368,0.229546484390591,0.311247398755056,0.240110872493142,0.177565550352704,0.46561443353387,-0.00257818506265524,0.506283200842456,0.0878102770428311,0.166298259896306,0.0551275362782339,0.220621863291698,0.497743088661262,0.679426042425419,0.11749896977893,0.217754299342811,0.0899704838288671,0.350882684803164,-0.296828410998767,0.459469949011917,0.246812810267277,0.578132616572209,0.240229072729791,0.144451806610674,0.00708540092579939,0.431785602286942,0.125638402035516,0.392798118469246,0.299771276434224,0.259493517468183,0.518386023305256,0.22903034305804,0.351564109443356,0.164139930980687,0.28271982771472,0.535430293060108,0.56910332340979,0.139260275284246,0.349515260043912,0.512599730632508,0.345304020905162,-0.013148075768861,0.132657188137628,0.151610775076231,0.521068370132961,0.473772766843156,0.491941644254699,0.271471448790466,0.128393051073296,0.416985354682383,0.0978672296380637,0.359500761536645,0.401239800107158,0.0521555543305015,0.495710651820291,0.422626389919119,0.408885965018377,0.403315883490188,-0.0391109896646866,0.166347629206127,0.046834990594806,0.287850614216226,0.510557192310061,0.287468208325913,0.328224539301042,0.334147373338071,0.270420375424681,0.384730672328405,0.417581063070309,0.328385079476849,0.0975068530213699,0.0073339302853529,0.435627127042936,0.215415501496676,0.131310188557501,0.363427706683261,0.249520421139408,0.320744215553596,-0.100626703697332,-0.0843077412604953,-0.0497448240863444,0.0859998269141971,0.128895802033912,0.280622440212497,0.401854061934773,0.0725471906359178,0.30062739706188,0.193386372049072,0.54578068111587,0.129402114968887,0.346633467529855,0.326233687215367,0.354454594217541,0.1474218729813,NA,0.299993297889455,0.0824408041682715,0.487335096227389,0.195597395880729,0.309697688407726,0.463997096518584
"ROI43",0.223044394977504,-0.033042599000756,0.303156356964452,0.00545476793396841,0.106238562089792,0.0244901582963991,-0.00904215968093969,0.0363919039249421,-0.0103812760040074,0.0876753388118483,0.233250295667924,-0.00426290739108607,0.054639386802806,0.0428901282524352,0.0586889602890381,0.0559226750127394,0.269549432310168,-0.0675099247511192,-0.028983971498553,0.360649048437758,-0.0762977835414393,0.0538170860761314,0.0659791022539021,-0.0791562297573965,-0.0664176039674253,-0.0530988199525247,0.191478093000794,0.0764960366931239,0.0464044741081007,0.117335963900181,0.0529750488165366,0.108919212164946,-0.0649951556913447,-0.0562765731140304,0.0355814661082164,0.0697496719419499,0.159457526384158,-0.0661988725455118,0.124819555065053,-0.0368345346385866,0.0748421230491647,0.0642479163506152,1,-0.0669064381659432,0.0993554663332856,0.0418317538970612,0.0437640182536404,0.0935272749609817,0.149462972955455,0.0362834346130431,0.14223335094324,0.295608653805644,0.0509010296380389,0.234620727796729,0.163148680508192,-0.089625678215243,0.0521494119564105,0.265689776646346,0.253970296014837,-0.0284292908727113,-0.00667060675176089,0.00305216942983874,0.22434637592056,0.0760790930003189,-0.0263641339192225,-0.000971036813825552,0.20091508004463,0.110140506591284,0.182530841157431,0.0405089049544999,0.125260144517313,-0.109915899136422,-0.0114393004676585,0.241041195694262,0.116430794866272,-0.0235823976325396,-0.0115483727428024,0.160162739182987,0.0035198902916433,0.0168641501610327,0.0756109171024902,0.305761391260882,0.151443667496226,-0.0541782818347559,0.136201760595451,-0.0579752118080374,0.058775706921947,0.0738396567216297,0.0569978242284364,0.185082801144231,0.496724906547298,0.186558280840267,0.0208456002739181,0.0292864973821234,0.198075955145367,0.0694114391171405,0.030624091569686,0.329116101045369,0.450254807733914,0.174265251980305,0.0535543987286612,0.0390747177775577,0.191847947368221,0.0274389750428757,-0.0520582512994233,0.0168871032152416,-0.0185312057075375,0.0406798233809186,0.0392646085790079,-0.0582605688953533,0.30871001366477,0.149620127731417,-0.0365808206311456,0.174014344092655,0.0560534024550725,0.175803238359205,0.0103994674682159,0.124118864285049,0.0858928154413682,0.099733843102858,0.0208165169346214,0.120513042842021,0.0250690205267259,0.228745203628861,-0.0232952236119355,-0.0634324810364454,0.187439661857645,0.254393935587332,0.1988515437459,0.00349702972600173,-0.0496095066939414,0.0706163742201515,0.230228438446696,0.2720316909325,0.0538065503622328,0.100514887991738,0.274669794818948,0.315302748301825,0.0935255451741529,0.117749625375785,0.0307731178228537,-0.0052101158113494,-0.0643363390171254,0.24405361656434,-0.0534443962015501,0.0812286553076433,-0.100703445927964,0.108760525809773,0.309919388332698,-0.0584874587696781,0.235550201270307,0.117966496897243,0.0725460063377154,-0.0633078731663546,0.1108509527418,0.185528162524193,0.0631390155655842,0.0958740889539636,-0.00696354703625359,-0.00992298239854905,0.334242346936671,-0.0483585598903106,0.233491499661788,0.0157120860671228,-0.0355442764085111,0.0957205455299048,0.140155086652797,0.0765122932046847,0.315772037026264,0.129655774066041,-0.0373635222558112,0.101946689043697,0.119468275669756,-0.00480542244318384,0.106941834486921,0.103489682756454,-0.00354415370702573,0.0664076620642342,-0.00713608778017817,0.198850189324013,-0.0682958491156193,0.227793149683924,0.0818786252816191,0.0736073400248093,0.0964134903705814,-0.100101991618975,0.188494797017866,0.140543311697453,0.10702394159752,0.043156714491719,0.0109932138925749,-0.174785400066722,-0.087379820352525,-0.165992313852717,0.114746861578179,-0.090670757634733,-0.0175315863387034,-0.0561697625232775,0.202746390397404,0.0786784448516775,-0.0874208004182755,0.0424686542579636,-0.0769618084346885,0.00637384935591666,-0.00199517706791215,0.0693801584504549,0.436304313349974,0.0662522268395238,0.116628356746834,-0.13956227891955,0.0891987779567693,-0.166947414147097,0.0842277867612962,0.0206365261353817,-0.0147609618998136,0.5088583204124,-0.0312288567563268,0.0343504051785319,-0.0916807781501114,0.0647809545597738,0.035933696580768,0.0608188781611515,0.0267293874508838,0.159137313449322,0.161952310698645,-0.147849611975295,0.0379883085578819,-0.0182120805175758,0.0344325593969213,0.230654742371824,-0.00083043049455279,0.0143986286844554,0.0313133589323252,-0.0966321420745528,0.0871308103769024,0.0253487714792456,0.183047051471172,-0.199244848428508,0.277347347118967,0.0227169302781506,0.120501492506077,0.0876534220641171,0.0545773141535192,0.0866932208309468,0.0352525057203773,0.106842951279844,0.0614957969216883,0.00340394592112743,-0.0242602818555384,-0.0249538554783853,-0.0623317524702107,-0.0240715955487895,-0.0317832984932417,0.107174008688611,0.088023964048368,0.0618714495848469,0.113243055081824,-0.067850636347258,0.000403695590644025,0.155466372776267,0.0499223010329808,0.0307257009661144,-0.142724010049994,0.0924771466501449,-0.0628411192551621,-0.0551570086988275,-0.0247899394319937,0.0413818338773033,0.16169055625622,-0.0853552743259665,0.0775098001410413,NA,0.020285240589487,0.196922308772303,0.0946042490269438,0.178121672184075,0.0925310850282217,-0.0127389233356218
"ROI44",0.0604649200122575,0.346355714446054,0.0769442570487016,0.413238245448179,0.252574516783472,0.384227806237747,0.353073740654264,0.298042615270887,0.282438935917255,0.333169182103322,-0.0165617069953795,0.257000725414329,-0.00588990193570769,0.0513868348428715,0.538272880788299,0.210931635457156,0.190536061883979,0.564192007077865,0.128287890937852,-0.0749018156560845,0.42590442159941,0.414778755885933,0.385627810065144,0.510993707967138,0.0119247575545489,0.322389896058106,0.131817559680625,0.458223407630516,0.182611072580584,0.0357632586413614,0.0285452319690224,0.38348664061653,0.643834695138987,0.542578333698266,0.496300887005662,0.327453317524291,0.152001569969904,0.221320694626311,0.19626207419682,0.384313798200419,0.126790663954267,0.282009526236946,-0.0669064381659432,1,0.464917536617699,0.318335232459153,0.266059079223901,0.376246483028531,0.206710249728126,0.524349744821826,0.543070551776709,-0.0480863816328673,0.411373741201856,0.312155810027108,0.242896392337863,0.63792554205425,0.215700479298355,0.112976982670949,-0.0653417552983285,0.250275611870759,-0.00863986934500615,0.683505523347258,0.0763839759860861,0.0922158232063085,0.319147571819383,0.166673335582998,-0.0459173656286675,0.122714446128063,0.359762240290185,0.129954667264665,0.34395347616478,0.420944155399287,0.108250894162221,0.310282049514648,0.359725026849807,0.00138402709687796,0.484616607580926,0.384035704576057,0.185261094457509,0.13514592727028,0.319213427992122,0.0377544660841829,0.351266344233106,0.524521393984895,0.172647705519676,0.302056205641983,0.50889895820638,-0.0129038896471627,0.429539692727022,0.196921133622799,0.056570252205405,0.220646577964392,0.43722533875539,0.316812766758804,0.0941243797531698,0.319050467592593,0.24252220487772,0.14159482299376,0.333884497111887,0.142287290619268,0.11439382054945,0.427993130735481,0.163560421336377,0.203099494347778,0.478536884498892,0.344755347603864,0.493072630717843,0.356739595864922,0.162059419847988,0.211693443812424,0.0299927175660148,0.234891847349286,0.210610179971477,0.138153005104292,0.294250483783102,0.0913643506223429,0.324791064108904,0.228764405432163,0.33157293326832,0.281576025368242,0.0729629706502513,0.524530309807029,0.473445885372235,0.297883398576437,0.319500738323494,0.198781900347196,0.242643898158398,-0.0244055038796459,0.178043221300412,0.179115531913354,0.37517169178505,0.33900909421086,0.31017438261454,0.107995588671823,0.308796392884561,0.309526982927964,-0.0122616107548232,0.0836496279430258,0.280705052933154,0.0739186718887479,-0.030164750101946,-0.045917838628808,0.233166883971412,0.0810119292879587,0.348454524707779,0.303087012906539,0.435856275294204,0.387721681286552,-0.0231120515387605,0.103897451720644,0.26168792715502,0.290579613591103,0.340021906462709,0.592341041469394,0.0375278250070867,0.316650112640045,0.310512600182371,0.0809805140165455,0.00569479330884918,0.295567078868587,0.0780086860963392,0.10482652164214,0.262491955365975,0.286198391591904,0.385554847192803,0.271773652097469,0.117634131861955,0.191772977183358,0.0819754612349355,0.296822376066459,0.4351770615147,0.306473393117749,0.16668736655995,-0.11839254468051,0.181136848630008,0.031216563916281,0.362757532224101,0.166423364301098,0.285594985156426,0.221450008287111,0.435202083990724,0.357898536365005,0.549353701669768,0.157609922750703,0.329090661244396,0.47900321169269,0.204056567081038,0.337994516354025,0.306114221236973,0.432291521966429,0.391338159177811,0.543744553278433,0.398342937535169,0.488518031191676,0.144952718417397,-0.130102047248234,0.39651776616976,0.448735766101964,0.351080085996229,0.347552410989937,0.411314466218579,-0.0798372225000801,0.248520973803172,0.412801023854934,0.297066050395473,0.269199284615447,0.167054805706347,0.368502472558448,0.207672787976702,0.701916624272797,0.0483814893260669,0.635261128187889,0.312280865089337,0.329899332169841,0.223967071576145,0.103818756387332,0.370410223404796,0.579757552789717,0.149888619985101,0.223118041428808,0.33542667338733,0.350692077999912,0.42538918515036,0.414689299277315,0.391321044280592,0.504643135058289,0.506885386692109,0.381243479544792,0.513292121062651,0.348652735069108,-0.0205877407341826,0.228288325854862,0.365618533595491,0.55688815347004,0.428908008450338,0.266397525402794,0.392021006778771,0.479968966477372,0.189375558148134,0.0536708881413642,0.45004917244626,0.256156280906995,0.336362109573258,0.259003320973362,0.412861622980573,0.335085362761773,0.346324719095949,0.360045171429666,0.334237845380986,0.289427311033866,0.341435134629182,0.154742654816474,0.441908432333031,0.38456430626654,0.328522832421097,0.0459243892951891,0.137186492371849,0.374688459187073,0.371904965511804,-0.0340284744790516,0.245070729452188,0.429760394582062,0.0294656147815897,0.466196141813492,0.207021068928837,0.454194311297725,0.389671977335186,0.520382193416525,0.120598011412642,0.551390859262911,0.379877294353807,NA,0.173336406184009,0.0988927341301892,0.426117956367794,0.00299919447198641,0.225042976815775,0.481431664361561
"ROI45",0.311177872016258,0.114303986609513,0.174418227754593,0.609893054195053,0.489977137501008,0.111723239768417,0.389970671887084,0.590995229197332,0.437802493018238,0.225290738246895,0.117078529212465,0.322983797218784,0.191360942844124,0.0724896657821467,0.539357408152478,0.210209803906807,0.613548849478872,0.553433104475961,0.0552711249687252,0.304040235151395,0.117984456810315,0.144196464652092,0.574138048475599,0.179351189823259,0.0846185435624487,0.274874545189877,0.426920561364127,0.532320110078953,0.60612636065154,0.0882864138370549,0.0616634265123201,0.696963686394169,0.232366757282136,0.478932234300822,0.403899249871616,0.665916262666209,0.0615729679276176,0.142647117815792,0.535702565521628,0.347386336004408,0.569485661659486,0.332481765898832,0.0993554663332856,0.464917536617699,1,0.084992379224671,0.122162684092996,0.485745880219462,0.317452139638329,0.555933520595363,0.337833582720824,0.132343708359079,0.461375908301807,0.109513666443529,0.561526418503864,0.441685976235329,0.511921553658055,0.289641808879533,0.395864517517448,0.455659200104707,-0.0504700789340817,0.369217047197885,0.294736891259558,0.507547809730296,-0.132828041074797,-0.100561867457671,0.104108506879671,0.18401359247323,0.089781307876514,0.0606315469629519,0.509200547877423,0.101466186911888,0.0802223695830829,0.114078823888653,0.392136090481906,0.0444171873247238,0.260802835680766,0.0803188762982947,0.202926204008494,0.499830925195155,-0.0951372829164258,0.328644795692766,0.458914652613043,0.600622931464059,0.558139990917761,0.240432517759487,0.542762280565786,0.30597496413013,0.243388598583229,0.381300386085096,0.168354761652757,0.282104677800938,0.516263753887646,0.194053181078176,0.40652032069682,0.328818465674863,0.313971077705779,0.258512797527377,0.366649331012954,0.430413125393614,0.226787907005549,0.55988093556556,0.128359345067119,0.199450440287755,0.596393508096193,0.58891909337718,0.275784103022795,0.492695690619072,0.0990334026982499,0.0667643588446557,0.128556758244112,0.380634626660448,0.285159043435775,0.0113283665603139,0.464915613264509,0.37043387878755,0.526083086070867,0.400635037462692,-0.0855746750904589,0.41218377454281,-0.0165270318509893,0.341643174173882,0.110263564216434,0.3458063602925,0.172180983836779,0.197543111520127,0.300925471736854,-0.0359916740825113,0.168375711055016,0.209885022642787,0.0821548773718272,0.534161485813607,0.262336244427395,0.119087855382548,0.192350447033365,0.499106324411272,0.140276864140964,0.205231876691782,0.50723640349696,0.40096065966536,0.107191707974022,0.138281630171351,0.409013134358819,0.167774582911198,0.289794498320338,0.576282444263166,0.422535827210512,0.571226504931378,0.13023713533832,-0.0333218864429058,0.229706365778721,0.196540991588447,0.444472419752833,0.605792128266903,0.0766889298259195,0.428788515503661,0.71342154686804,0.270494046035507,0.0630972001972876,0.329437274210405,0.169294666441781,0.140051174104031,0.206107837973389,0.352247609181067,0.515331579860074,0.540315515714502,0.33028154062062,0.219382465455914,0.286638499822588,0.307655650236199,0.267511411401658,0.58081650416041,0.430857112173757,0.139841133097083,0.288107312984916,0.0348557889807836,0.356260747273868,0.21358183550969,0.295511838322717,0.269212098335875,0.2779251370341,0.298586869982411,0.565693652044249,0.191322352861167,0.557104148087296,0.192558948671639,0.357447405517959,0.109260853901664,0.177792535681823,0.540154565699668,0.504685590544207,0.265071729465371,0.385363895450709,0.180464726577548,0.513978015150869,-0.270692600196325,0.422098334683821,0.284640262251386,0.3414679610959,0.384948753506997,0.386864670569336,0.141972955138806,0.453239156332005,0.327038396311048,0.555177810464878,0.490501537910469,0.376689073133085,0.480564635156029,0.340979353009233,0.519031350978174,0.191652281038614,0.428213256685609,0.390956391371695,0.542047039876879,0.182397492211243,0.293057388591424,0.349657096987689,0.673188560061535,-0.0135872310329775,0.268067417019558,0.364074968161923,0.649841355088481,0.592322077371697,0.63535086528588,0.262357957567759,0.293179487453003,0.528193173541104,0.254091429805068,0.530570231777841,0.513403352721752,0.0453213981801342,0.516221946624819,0.354485149229044,0.366401130877281,0.608436351533453,0.305265897966672,0.521416143413198,0.235206515147576,0.447250660989695,0.420585412991812,0.580722850837921,0.575964577047563,0.414932162458457,0.096444838661142,0.582637710820476,0.551215928159894,0.572452237712295,0.235042111289105,0.245060334490349,0.336098957878687,0.219291390394378,0.336863589114182,0.58119529590158,0.529847031787049,0.731704679953018,0.0280330999735424,0.213210311097522,0.100736589143311,0.377747397676406,0.101305529212671,0.184500694256597,0.704416112822122,0.114244897460027,0.618236817666238,0.0597472646702193,0.327288472727777,0.231815045430655,0.621403235797312,0.373174081577854,0.559310007408192,0.091949902443134,NA,0.210480730857517,0.329099786625489,0.545468160643138,0.249636591695915,0.556399452909861,0.563255296868918
"ROI46",-0.178245189705482,0.774328048075783,0.226941398093686,0.0747054593140282,-0.180637400466127,0.504445316569475,-0.0175081995807069,-0.0840911859469713,0.233614302620297,0.390967667268237,0.117193015348395,0.110938396044861,-0.102727434051736,-0.00806183119581826,0.0231405439371605,0.363239444452654,-0.0742012169552942,0.0477503863065961,0.214008707309465,0.0765950855720113,0.414507607031605,0.401613944447565,-0.0150378483125061,0.557288254342147,-0.0853083228887969,0.107324451949449,-0.108943068767471,0.0491399037014234,-0.103240401390214,0.108365424044678,-0.136502978425312,0.113730435320809,0.570212982306275,0.1070731188982,0.425301102734723,0.160548176774901,0.396397451216373,0.219183081187093,0.025500525284138,0.429553212981119,-0.0885689589289181,0.082380572100209,0.0418317538970612,0.318335232459153,0.084992379224671,1,0.452721615066815,0.158540184083103,0.156468333985859,0.0920106085436957,0.417612972616493,0.17666176202566,0.0028306012021661,0.462412357252681,0.0156540358232346,0.126019194390314,-0.143534610713758,0.0265645024858018,-0.146066462481984,0.183338904254696,0.187305481614918,0.435773980987162,0.254645683576065,-0.170686998163066,0.0608898061856372,0.354625075796257,0.204016726673338,-0.0383795118291441,0.49993695510656,-0.0876854534381215,0.0451084694558593,0.748809866391939,0.298174085888372,0.439202704263509,0.268173495316958,-0.0747804986076536,0.191743645270208,0.483057645839982,0.155821353035294,-0.155443172582062,0.484154858935085,-0.092634096931211,-0.0875213016876772,0.164870681547299,-0.176516627548903,0.440163974417655,0.181196878163816,0.136471278831697,0.080191609230459,0.0944744213763269,0.151224153487627,0.37976738986753,-0.000257159538510415,0.590957255664298,0.182107530702922,0.230088909434933,-0.0188941550125399,-0.080786077099355,0.0309499411905426,0.268281068270541,0.272274636076742,0.245691000938969,0.217042038928026,0.251422779740278,0.0824944780358717,0.0305970782097498,0.583740979123936,0.115330525772723,0.226981900339685,0.400406844593957,0.297638168397745,0.1028675000846,0.0151515424949251,0.190449777700247,0.155909108330841,0.0218515620815922,-0.0535341812580882,0.111052101442073,0.285646787035606,0.133159139383241,0.111541339311179,0.515573508255428,0.213891051674831,0.286423451814256,0.540402659819005,0.361675134527673,0.0656532850544321,0.0237109020474858,0.270714400157537,0.33906721224356,0.585114020153003,0.0568831694222012,-0.0431989676906933,0.315764051411691,0.443830037136509,0.173939009577456,0.297652891373292,0.318471089834464,0.038075413369107,-0.0194893052167534,0.0224190064160529,-0.0529667877036409,0.223705358796458,0.0872495570976742,0.349099063269423,0.121840947238888,0.429603951856509,-0.0455363098214482,-0.00861510805976833,0.133576549419845,0.241585232495404,0.500274939449963,0.0430867796057391,0.153208482929976,0.209013845562416,0.0131883496748865,-0.051229902203281,-0.108365511988816,0.0708330002700986,0.398217880648448,0.125238587082905,0.258826091889638,0.39443296672488,0.217471062943733,-0.0636857550126524,0.0503340118741462,-0.00372024277887156,0.00581289920001023,0.0015122597155017,0.393636591568164,0.36042133947521,0.0809876543562131,-0.0731676463612423,-0.0911956859419621,0.101505433640751,0.161116626922978,0.222254729253883,0.0835871256554599,0.430177742800457,0.270037017661084,0.111463817459513,0.354918418424514,0.0197005805411035,0.141459004260956,0.0451879950805761,0.443669199680032,0.436973068607679,0.338575305038553,0.450036376716927,0.216607163304889,0.156489433332357,0.439701308780343,0.472463459714308,0.64010586524247,-0.152947164938792,0.0849948175839363,0.237288254375669,0.183166195391964,0.121361251787988,0.502411795678661,0.505644436961706,0.0843250992034666,-0.00703065429591794,0.485816213097695,-0.0490781989524952,-0.0835594673464962,-0.0829522053422474,0.0917260642335541,0.229541087682065,0.33079660866546,0.144306986834957,0.41176770997244,0.116123103962626,0.178418657157748,0.328745463586123,0.134589139137843,0.189131504281842,0.0234407007664711,0.211848573782834,0.171096806141833,0.441683314349524,0.0442784221527269,0.155141913369669,0.025120748438412,0.485547870808819,0.619393135176227,0.100996964562423,0.378429443812941,0.268460554729602,0.13140689989444,0.0321195075257597,0.0946369958832335,0.275399735110984,0.198813981715856,0.0332967632283903,0.285923015842133,0.0116644732039681,0.389122246229473,0.133642791996976,-0.211274176342828,0.121514536403666,-0.137731217229788,0.130061108000388,0.190342234758987,-0.0932682131684995,-0.0357428818864123,0.128287211350812,0.617843729511623,0.436838164929752,0.280799459200098,0.42696835318809,0.106253417835753,0.116004387408564,-0.0908900736872973,0.0146747369686197,0.290885243994101,0.211864250987343,0.585881300245148,0.269857262848545,0.0482317065839692,0.112655090302503,-0.00864053859423981,-0.0101659136232579,-0.017865784557566,0.0155165286514808,0.0784429168273111,0.537631391306674,-0.0480548633497402,-0.0947696340978574,0.104630532142351,0.34267138185362,NA,0.139672864862149,0.332894390328433,0.233480412903752,0.123949042605334,-0.241436972937964,0.0355745174051359
"ROI47",-0.19523078552258,0.489697614100434,0.162526224134815,-0.121174106873446,-0.124484829851323,0.430164848963058,-0.151599695407738,-0.112055921205547,0.187022640341008,0.192070704647429,0.293818838319341,0.169254463832027,-0.0456834877642527,0.166575579885749,0.137532811566783,0.763198257654172,0.0317952996903341,0.138501362161753,0.218795238169832,-0.025346201925746,0.626723808691987,0.342899580228317,-0.0639018080693797,0.571013961129988,0.0731607283849916,0.000535327814908333,0.112668961342236,-0.0439225001736046,-0.149294142307798,0.0588198706533438,0.0198599700506391,0.00441443814235013,0.463743602583767,-0.0585988841736872,0.298729233255844,0.238050986647295,0.375117613075705,0.0193498243914798,0.0315266308295174,0.504718912352238,0.130661277983898,0.0462416299964355,0.0437640182536404,0.266059079223901,0.122162684092996,0.452721615066815,1,0.130943674044271,0.192039324397276,0.0251876814416935,0.372921157538141,0.210657469311741,0.0216299058372308,0.487400454335811,0.160540445233498,0.240093746272074,-0.130220130757488,0.118253220631436,-0.0203525168855722,0.218047363427904,0.213563105859136,0.339931274642751,0.154890014453089,-0.0675535878416206,0.0603530388613902,0.308860921510187,0.336732556658674,0.0487721544689226,0.35559676873664,-0.0591657111816974,0.103151231104364,0.527394584379575,0.19930637522098,0.384164149203444,0.390530753177322,-0.0222766915603346,-0.0175822641775147,0.243793477338989,0.172260909298615,-0.222153515755647,0.429178289276186,0.0928220807750404,0.0636852174020575,0.227252812187417,-0.138534315272953,0.257463754891092,0.0827386608204376,0.191114966265196,0.030895255415636,0.154837272717503,0.156140797044674,0.637981289011758,0.0314027450031682,0.552801336590153,0.175253542569669,0.123469026715395,0.13045676503255,0.0469301821222362,0.196491993353145,0.268682237761552,0.391194061629336,0.112378060980397,0.094584231771439,0.150335596010716,0.0162235080020594,-0.021909033921319,0.507892756203625,0.0686407403696091,0.173538686554352,0.191910137810542,0.212190515102993,0.0739690680099784,0.0597316584760814,0.30723156920912,0.217493878156713,-0.141328154713675,0.0255498343860136,0.320181107335237,0.204847012582898,0.0835304862372412,0.156454008814375,0.389594134722073,0.139887106054514,0.236024468379814,0.578582216062066,0.254245701302551,0.0849055988161043,0.0316023717963985,0.0607370152481201,0.2406196995058,0.297366604314194,0.193680685786361,0.0186972870099135,0.118125063968903,0.623490466576967,0.127305607478626,0.230661274939665,0.349813978537663,-0.0402619126755677,0.141428150907636,0.141195554683193,-0.00471230324267579,0.163747048042345,0.223756684057241,0.217402067502516,0.331431039883063,0.25468383183112,-0.0653044024810389,0.0338353745283209,0.18788853177129,0.245766861747397,0.628957620467454,0.0738015048377411,0.00634473320989521,0.261575355133415,0.0530010120268927,-0.0805697711951998,0.0448133000704969,0.156552492177968,0.466492106592696,0.315125926397628,0.414068346118442,0.341216264955436,0.340726632931886,0.0774649555104661,0.0372223043475896,0.172594212700874,0.154047747376228,0.0675814245383453,0.345550272432096,0.413946602014739,0.0155482776941374,0.11892251389865,-0.044923678885344,0.13448773850141,0.00803694521246877,0.206920851319461,0.119515252821155,0.315811192854654,0.421195072497143,0.0169138796734449,0.300098385119405,0.073117529404052,0.240296439397925,-0.0312797600754572,0.433155580539954,0.291819818229163,0.238499495541686,0.121669473764204,0.385182710379491,0.179992474158308,0.308997452564852,0.398009455867422,0.521609850297863,-0.0182668964142258,0.153462218644872,0.106523307005352,0.0471322499814244,0.00770089044867134,0.383475342436415,0.36849183833047,0.0771870497148174,0.0187137938206735,0.715685117211778,0.0329948621639398,-0.114526321135423,0.060666249614747,0.112079833884364,0.204217172917074,0.180793918094812,0.158398134654644,0.260066123676397,0.103448123316239,0.154853549405115,0.125315684114003,0.174012549961867,0.111170599909751,0.136430844257578,0.12822644977456,0.13289559626715,0.366940441314866,-0.0172103286056033,0.239639551820704,0.20365331363893,0.384822806645216,0.406585527947279,0.0423985519097182,0.116828097139636,0.0965847653921571,0.370017790381865,0.140903589682707,0.168205159029021,0.209646513204909,0.0944127466177161,0.0153393012341009,0.204567742734092,0.00412296567293904,0.247738299846808,0.167070587953082,-0.183981232197567,0.25741954108615,-0.112906312963039,0.211940148213946,0.0355765482138321,-0.0421495583417953,0.0537691595654946,0.0745247905645802,0.234801099277761,0.792102289968127,0.261808933282418,0.355234831348229,0.179434486599876,-0.0282820635658281,-0.115671551136331,0.0641183839570283,0.347117170634211,0.272149836734664,0.710976292823531,0.222797862899646,0.251808532759032,0.055370651170111,-0.0301286845426872,0.117916626017802,0.00827446431746548,0.00688983596292348,-0.0593454755250208,0.254634661764239,0.0811434447399277,0.108033457103252,0.0467281469941719,0.200837839144776,NA,0.076483128861652,0.256624574272625,0.249552192768156,0.311858179758207,-0.124961420440815,-0.0668763227779132
"ROI48",0.00519909611367862,0.17978638520701,0.253323765494968,0.44027557427897,0.173428393310048,0.168220781215707,0.331639861478861,0.365810320278532,0.397573651359524,0.22873465528758,0.0594946913278564,0.372857919217138,0.0845533649261177,0.251881449706448,0.513670081083533,0.106562057162055,0.360293259836977,0.410070306335729,0.0293777818311581,0.0749880556416019,0.267287952215663,0.11335039592496,0.373796887782204,0.347991411703576,0.0495015758320828,0.203022395316731,0.300647440562839,0.388496238670805,0.51681194017384,0.111734683572083,0.121613065933461,0.513149425935203,0.252405470201053,0.441443908332378,0.375856643663656,0.543775382677268,0.352280043237562,0.111769488430192,0.644468255315716,0.569311242038774,0.321779084793611,0.542889991805487,0.0935272749609817,0.376246483028531,0.485745880219462,0.158540184083103,0.130943674044271,1,0.266264718303039,0.378651927564458,0.388177335994502,0.119013674726368,0.640835041944847,0.32838515540454,0.573749301398946,0.398543130484472,0.232407408125226,0.348019031273982,0.138692785160239,0.410607407802589,0.0162277427478573,0.307692985878549,0.244659810086825,0.232949473835064,-0.0371602921298257,0.000517996982470411,-0.0131539768425838,0.0139415704973176,0.260518353878287,0.058608444455084,0.333555097080403,0.199840405551665,0.0621723242183927,0.196633177699707,0.367727648424028,0.00122237887247487,0.328007864465655,0.100414460679869,0.2998465612988,0.380665783957901,0.256317473146891,0.0557490640550989,0.116792942222637,0.61073793823776,0.23130511756292,0.0458153115567875,0.251986251589558,0.0252358029731038,0.207011610619504,0.034490900071462,0.183164776807904,0.165867626799809,0.391274017333214,0.246303272332904,0.357395211985305,0.0749106414338761,0.315348734962355,0.2570409754576,0.207594395913411,0.242645789196936,0.259554712239042,0.239112944524006,0.0614343133253496,0.116747614765789,0.432950432801427,0.538509455938009,0.272736181409155,0.506481708730132,0.10535403167907,0.054407671711686,-0.022641876266004,0.32375531149089,0.339341365225643,0.0927868085359154,0.381118729559049,0.230415369589953,0.549418398848654,0.414098966589917,0.11897498750223,0.282278297315223,-0.210439963372468,0.39809548697458,0.158016929164962,0.486252571773722,0.325106407274235,0.0589922949262537,0.481958910157021,-0.0657735064892658,-0.0264374352718422,0.281465190672867,0.0981725324260104,0.799013884570079,0.254355441329287,-0.00481269373378195,0.470250765542725,0.643963998143378,0.0726813621377783,0.309080177543459,0.391051142771497,0.107389753659615,0.0548097472308152,-0.0455719511471699,0.339521302300747,0.244644368000791,0.307662179587279,0.395168376976476,0.411280473594828,0.374339718374712,0.0632212005840026,-0.0946827629824383,0.347792040997264,0.0488455234457508,0.282024219852342,0.424372879877797,0.0808875908815376,0.645518697887091,0.454915296179253,0.227077587696388,0.128076536039717,0.324287328093467,0.259146698455821,0.000219368906928351,0.248065635730899,0.292748668274852,0.317777284339909,0.367463712187314,0.295501416806843,0.353532945750113,0.271608249738829,0.261250592617957,0.571196790906943,0.276138195061344,0.214766378747948,0.0106689703182808,0.163026185707558,-0.00818096613580436,0.430421193907329,0.283445558316004,0.203199313539083,0.299808789406875,0.246953072054544,0.374682205505125,0.55577932222049,0.151767196771361,0.484155913409141,0.310057060788791,0.269812231018638,0.130517230836963,0.26821492926326,0.75896187688651,0.616482098416536,0.276812320591883,0.26191397190187,0.265573845468128,0.240507505313393,-0.121678708447798,0.4665163462182,0.194698674732899,0.429460596971589,0.455055838306263,0.283663946784893,-0.0745589930002441,0.326995824499657,0.329104619216466,0.499606370455917,0.193378122797548,0.333178265685013,0.704853045142524,0.197656529160264,0.403757455480847,0.22199053842155,0.358930385254257,0.411300084171936,0.65184725539883,0.181406465687063,0.341248382673676,0.429658802227522,0.39847717167164,-0.0203700762738965,0.388335366867601,0.216310420717415,0.463939357698946,0.613980807972071,0.670076051725416,0.413356038179763,0.278278608826908,0.703477616884712,0.21797768838077,0.432528045800654,0.514155869480778,0.0539082120208802,0.431435983623189,0.333840323568891,0.385202538356777,0.453414077837085,0.0834210756810523,0.245931339404333,0.144420261082108,0.319001468622144,0.315649260485124,0.450569876479658,0.291978512245552,0.356239074515717,0.181436259137255,0.408577485123515,0.424166353726331,0.364541861876904,0.222154702227817,0.219940652069685,0.478876981203903,0.27517545912726,0.1595421766819,0.429111336289772,0.273668571495107,0.386259468121168,-0.0564638955714696,-0.0494223287820125,0.235447453270042,0.204753745790396,0.0509879948738823,0.340099715352782,0.531771394212018,0.12800578560913,0.37100000887974,0.0746774438317516,0.370592933792261,0.313448955257752,0.464049879897245,0.134170525894558,0.528833707768755,0.222424456809543,NA,0.18299092006502,0.243440989290706,0.691812877385168,0.0567834057485469,0.297880461766027,0.509163057233862
"ROI49",0.194787545827946,0.224105692626184,0.237879026700077,0.173635942600005,0.263986963850233,0.112582662121558,0.0674013438717705,0.351811225591466,0.35130881826105,0.230663837372214,0.359210845229517,0.348888626660935,0.193465050315939,0.28644454541516,0.292419608529224,0.288556752260983,0.365682498130156,0.191630078693799,0.16768106605369,0.305465803138837,0.161392352961586,0.0654454798992494,0.219708240358452,0.185281323200093,0.0502689393368083,0.0808758006109122,0.434551291324919,0.176308630415797,0.244798845737364,0.0293963771547334,0.094683465923863,0.290260344103725,0.162069924378319,0.0635088811029566,0.311498944133808,0.32763220533168,0.147841834165507,-0.0140489739450992,0.335954017667844,0.443393730574867,0.325692589327447,0.211141494028213,0.149462972955455,0.206710249728126,0.317452139638329,0.156468333985859,0.192039324397276,0.266264718303039,1,0.20384572692331,0.177393027370387,0.240587465791394,0.267621974222311,0.272914491598497,0.34306116830789,0.19898166459687,0.282812351996623,0.350684236419884,0.382244265495293,0.435896209278486,-0.00451593998260236,0.161094445601161,0.418498169136953,0.300462123303411,-0.136921757356778,0.0319867920436451,0.229161491955046,0.0370217757486321,0.089409230128352,0.0693476909704384,0.323277437733637,0.138811585550018,0.121633933170487,0.147154220585872,0.24693846718995,-0.07806109790355,-0.0270152730771609,0.0304635951276288,0.255267707406447,0.223761554377491,0.144346901242618,0.240744005043905,0.220004911741655,0.16752796986408,0.224276587340765,-0.0143881504474826,0.180109362311953,0.196985064945213,-0.00908930558017072,0.150816251121814,0.160182134345946,0.332167452290013,0.28088846463251,0.286560956578099,0.389679581458813,0.192063597131998,0.0676941547402484,0.258734237738073,0.198851348512342,0.428884661003158,0.278752917816106,0.177758737561396,-0.102245462621741,0.258848456139269,0.125968103827869,0.260722207805901,0.300596284314991,0.317579876241736,0.126974015965064,0.068199757058144,0.146171964048027,0.306552379328165,0.213623293340764,0.0664184947348396,0.419307940215157,0.302577144808659,0.221635321332702,0.494356343143675,-0.033382819486136,0.291752150860787,0.0996149484661461,0.342541253232844,0.0234502474157697,0.33478874789585,0.407375093771769,0.0743664247440132,0.134528392676006,0.173031011333766,0.070778031335199,0.166942645807284,-0.0891761019946973,0.291736597019194,0.225605547674294,0.138057300918069,0.363081540731036,0.306098071718429,0.132150263150783,0.420823036614215,0.25942107767531,0.198193888625754,0.121708601567749,-0.16560635417832,0.272419513295054,0.269064219585632,0.0539943551190081,0.326139963124097,0.226925167684464,0.24544256038842,0.28341639565808,-0.147001860196876,0.180661452051365,0.17667418711777,0.271825218602313,0.119682574062239,0.188628493318837,0.200225605892949,0.278134676266399,0.276208022563527,0.0983893160591947,0.409417614652865,0.341442456390389,0.143651751852937,0.201450629672495,0.234510453013532,0.185313327682633,0.366706122519916,0.351477220824883,0.244367765727571,0.334510041195291,0.239767515463125,0.19158771506068,0.260110430892488,0.37339926913593,-0.0161116758193753,0.023798359466421,-0.0296588497270992,0.315333559900761,0.141514368084314,0.18065133372082,0.348766905891695,0.16829895291401,0.286721557822787,0.280778807097498,0.282091537164264,0.23405058646961,0.0985638240495377,0.299173245421736,0.0197948605754739,0.0521312611288719,0.274634304119868,0.369040208526601,0.0340812624046483,0.170699702670025,0.158274806239561,0.388046762873203,-0.0586306921287119,0.228985843251238,0.0947671187351617,0.273539835837228,0.251223044932712,0.265710689317626,0.151267649242749,0.268000540770825,0.277392934426426,0.295478456790364,0.307572870106295,0.279273265466276,0.183480744111585,0.240004732393058,0.114476412057035,0.280349453427956,0.127203690381983,0.341591049111068,0.349558447767318,-0.0768040988153461,0.321670121094717,0.288287159778651,0.267711865202337,-0.0961307305858402,0.17238496171032,0.231037368948496,0.326159891503698,0.260576669046514,0.318865908917016,0.229883546621201,0.120411773275035,0.241581488246838,0.0397394230778148,0.172948145983128,0.446956894068512,0.197807725622276,0.314616157105385,0.305412170881288,0.124804599631859,0.32146276177502,0.273397933659113,0.184117995781261,0.0127146981619344,0.590529151204987,0.177980700862958,0.243125379322677,0.219274107332574,0.324044274414809,0.0444698848696468,0.297215891106852,0.333590125620584,0.284166685092215,0.0337736988011114,0.263579187808408,0.319608595852537,0.241033767881555,0.188539808775977,0.0695109849934634,0.173434792482013,0.27610466870888,0.16045449863428,0.177268146484248,0.116754216581639,0.089024863078757,0.237304236749296,0.18053083178335,0.229225224032168,-0.0339705493255291,0.283632893017047,0.0467331326171309,0.115051118152311,0.038865462981576,0.30822846310049,0.323456779275085,0.0889460699549285,0.00375693293124959,NA,0.154588465854219,0.252825702412981,0.311997793083614,0.246719799536265,0.292786008328134,0.21723917119302
"ROI50",0.491350622644236,0.0998818032640829,0.0869972343493883,0.700933092755299,0.559563117292315,0.130037485130059,0.530745347765907,0.436980117724486,0.257525939976326,0.282060698900287,0.0963166681922928,0.297921860374733,-0.0373703034990352,0.13462422847153,0.644982435651264,0.00859453638879512,0.519337137368015,0.588604119634631,0.0168472208700805,0.151297111848917,0.0331327228954776,0.214143963393817,0.431258336111768,0.152187623874046,0.0135450491592902,0.272674668663499,0.401180926656787,0.767978091296877,0.502610233198456,0.0235990487325731,-0.12966615182493,0.562123246029411,0.220933668742011,0.691817410537753,0.335935330678983,0.425621471777235,0.106511305658578,0.164953825829925,0.343244741325976,0.219631581763904,0.169606313867059,0.337194785715462,0.0362834346130431,0.524349744821826,0.555933520595363,0.0920106085436957,0.0251876814416935,0.378651927564458,0.20384572692331,1,0.320404206311889,0.207573418522586,0.436082380370202,0.160850195472796,0.439747584045615,0.682907097044945,0.3961519185093,0.246196444880568,0.333922550002789,0.227051520336123,-0.0512027316739019,0.352128056215576,0.316012237812492,0.371794241729753,0.140214475107448,-0.0771656709302675,-0.0145670002447669,0.0541492699943875,0.236043023099667,0.251004455709397,0.546856267574091,0.111525105466814,0.0179422997733182,0.146626425684008,0.299068090150984,0.0511394402884778,0.267077663010886,0.122941621095776,0.121452409393447,0.351010235027956,0.113533042083583,0.247681590204472,0.492066652613705,0.372733213539274,0.603448841217421,0.260070317232529,0.395317235640843,0.101539107517326,0.321227777147218,0.150744776424849,0.225587272785216,0.107403999010047,0.694190119065279,0.0771785927821459,0.204676169565852,0.334396771182781,0.205277638023264,0.235277805417561,0.357411169074652,0.215329803529158,0.0595406867571456,0.4584920191251,0.237698465953765,0.187017282035432,0.551992753387384,0.421152039707574,0.220674652879631,0.383774723275383,0.0812956171235434,0.199320829862471,0.157647681677067,0.351234516870189,0.165143703254678,-0.0356340359620656,0.351092119354107,0.361699341077131,0.367869072293271,0.268502825103225,0.140703770170319,0.322683906788177,0.00242416673163129,0.317472274131394,0.235691247577997,0.305714769559884,0.0606365370647715,0.211149021517334,0.253548168633803,0.0999192896040891,0.068088580119747,0.207873344531428,0.181905160689589,0.391450784412672,0.398878585243969,0.0820252037948729,0.0422098315113198,0.385207962465158,0.13116687305658,0.140423862358291,0.667777590299764,0.220965434473834,-0.0337664454576758,-0.049455897954385,0.33795239907648,0.114359554621098,0.362628249269249,0.272123688594328,0.451185309292935,0.563266133543816,0.157748111470498,0.0492165335477272,0.15880443436655,0.119300611096629,0.354744425750122,0.653449214453068,0.12232248780193,0.386293372988577,0.520674601753491,0.297096535715952,-0.0366546586024207,0.241499420350769,0.202169809973291,0.000140516534894012,0.216401827844081,0.301839047894217,0.350703469118409,0.402305180411121,0.198470093386548,0.309344053179044,0.263091737442001,0.245184346931294,0.275460486377948,0.553128585173325,0.335010541096251,0.0268176580781724,0.0721204163794362,-0.00233396292462338,0.378611242250011,0.238226695946752,0.238842138291569,0.29812692978261,0.423665256091411,0.358818649823363,0.594409228771066,0.189143481392464,0.43677489443083,0.195162943931345,0.318036790530422,0.0892412257456211,0.311861950038428,0.388871911212434,0.43754244002666,0.311301213881517,0.265673330279146,0.211906675258682,0.347434896380897,-0.211237169370821,0.495287549289566,0.349551140742877,0.447811462956402,0.331845251730173,0.280192199032846,-0.00284037281255469,0.321382461265711,0.138283558551478,0.449105277735235,0.524467602277258,0.328077592096546,0.422621209642865,0.21009965533648,0.495265069916265,0.0989098845733746,0.456091489925773,0.444808373931282,0.407236000756685,0.248509835717535,0.192914133045601,0.329389838163409,0.628942372327574,0.0188721633656168,0.202161246127132,0.311071835710702,0.451478732070881,0.413386360116996,0.447158002709919,0.308613176203668,0.334810854034105,0.46199317968842,0.326661635417588,0.529761516909864,0.384063127173495,0.0660280846948855,0.32285207440235,0.266325457882053,0.46768727207283,0.450782272920698,0.199608398761048,0.488445364990235,0.281078879371067,0.291465291842847,0.240431069817695,0.471793773514654,0.485041660306365,0.416467766551229,0.262852796704888,0.526919947534018,0.509339101146096,0.40484293838058,0.31883119022226,0.0826640738585075,0.312168451792958,0.307640743508237,0.170389559774567,0.556041831083492,0.587431090350954,0.455220209075438,0.0537231684580145,0.162266075211019,0.0810124596574648,0.361337122549735,0.0986924011260071,0.112378412782777,0.626419208489878,0.0392818527572108,0.621594583897495,0.197414695218799,0.32449633997546,0.341033204633152,0.638999694822647,0.334846203605624,0.424424895599514,0.268841006306114,NA,0.173613833248867,0.137679514044821,0.409807612645054,0.0823905450240387,0.487129970245153,0.609593274833567
"ROI51",-0.00312451233145898,0.412221220312495,0.334066038293341,0.253264265249847,0.134712914602346,0.387378260228132,0.203316896284284,0.215622752727154,0.323941191808691,0.487970910796205,0.127144104592275,0.141139919215699,-0.00155479174952748,0.133014721555048,0.327449307330962,0.287569434022517,0.306717145852386,0.329722274318214,0.218208251392722,0.142212812742863,0.466703817355446,0.328987131108185,0.282267290242765,0.583937864311468,-0.142227784841449,0.361161523491691,0.177239312734396,0.310455104584771,0.173271090625842,0.137893002544089,-0.0586828026527087,0.323393456365193,0.511012130523835,0.267930106319079,0.515899186367223,0.301927629774708,0.400179848598997,0.136472405874209,0.288564223151454,0.493901527122075,0.132180990426693,0.334976921499731,0.14223335094324,0.543070551776709,0.337833582720824,0.417612972616493,0.372921157538141,0.388177335994502,0.177393027370387,0.320404206311889,1,0.0700072744827704,0.223704465231659,0.360654626238395,0.280359388161588,0.344603402317566,0.156164192679779,0.289928142112522,0.0518503204682641,0.320350769240343,0.0121665821403578,0.562332872844513,0.221180748470312,0.0711294506674836,0.13365712980052,0.172006421981531,0.0883820763383746,0.122609548597636,0.406208116306064,0.133855647721838,0.244881226888585,0.424900595552262,0.162159961055718,0.44309655985042,0.566759453619519,0.0813542726473136,0.322360095678158,0.311437944089398,0.145118727815713,0.0961559450709861,0.459830318148891,-0.00426677312546641,0.132931838545275,0.201687142878195,0.166403684423269,0.336595695960274,0.321268552936206,0.0232322063545252,0.438940563917729,0.140964367978563,0.209283160717196,0.306818748564071,0.255352281946325,0.398976657303998,0.29435957779038,0.294449807895282,0.215977260426545,0.191946630979864,0.333227190898929,0.230894812000782,0.273249696735782,0.361317305822957,0.250846441231654,0.168479515274487,0.315062121597562,0.191623448733852,0.322690659702623,0.237601389131313,0.289528775927943,0.298547973933642,0.161948552067889,0.264506873495865,0.189658603075886,0.139688578757926,0.327599129061104,0.157019339446168,0.156861418881612,0.236422573725893,0.30726338233894,0.354398844793222,0.119810143120332,0.536485878741418,0.38114931595008,0.324136808786142,0.335776754193916,0.236761363595968,0.216972091066059,-0.0684598984286415,0.0389548142854674,0.328702357254539,0.30330922901696,0.30990128944407,0.350524227264329,0.269064356196069,0.400645367705322,0.352724482780353,0.146237312853792,0.238313298456721,0.210933831949338,0.186575168938433,0.0515269606441374,-0.090835617142707,0.181409264827356,0.192718525152234,0.320658315719101,0.327721331527298,0.415079993243812,0.328552760564493,0.0282594218909956,0.212278386882269,0.321634657706393,0.257314173355831,0.313748952869899,0.384208723783937,0.198795237022681,0.256488328687491,0.24681081494711,0.164298845090687,0.139710298405902,0.303189166205164,0.260632222522173,0.177883743523233,0.461824189390619,0.368950955541341,0.0941648878546288,0.212814596217834,0.188627606723323,0.189258346804401,0.252958661601847,0.406906473935499,0.457622186779473,0.300119727291805,0.131817534107871,-0.00984262478496135,0.196602077803761,-0.0079059817494678,0.32954768482376,0.147116386164837,0.312525080689266,0.339996928035144,0.363998327454088,0.423880816512722,0.350195534728707,0.263429951913368,0.264326654199126,0.485813149106572,0.247702849164345,0.337494768454081,0.390431366912608,0.362807269600681,0.449983877133951,0.430942893388343,0.327081627270317,0.399152212490151,0.139668750852676,-0.0477786173529194,0.373285776039996,0.365668194437857,0.380170109860976,0.479369229450833,0.322841338663964,-0.00791807196076276,0.179369211771835,0.395250211487753,0.187728357619442,0.225808667790609,0.21424453842498,0.317189394187255,0.226598161762354,0.50317409034305,0.18382075972439,0.476050354087528,0.405173694198725,0.321724379778383,0.24915130490395,0.22869685658614,0.33107622428876,0.376729067133434,0.175869667527409,0.166151141642963,0.359338146835293,0.277004477538313,0.247677512471978,0.355660043149494,0.514634508547009,0.443196738938057,0.312291016819868,0.36736567893378,0.414633662155301,0.331845134305657,0.066148171527085,0.225419066928081,0.320131639996894,0.487709284273109,0.260708853286009,0.218771236750666,0.235404755606079,0.39396580330791,0.248651437524567,0.0560338188814019,0.352211784687962,0.189336116998824,0.333983456103241,0.355634654213608,0.273030158826596,0.22533903982224,0.289821159199332,0.374482931995993,0.315909676645556,0.308227213305815,0.378801977448662,0.0979742526608263,0.348198530981484,0.218173071137473,0.260992208178399,0.235827915484278,0.301369478913216,0.386040829807144,0.307568735942315,0.101242328955389,0.233712350917442,0.343659826946437,0.0526014532344688,0.314741351231164,0.0849434020052735,0.348791680731922,0.377822243163719,0.369718946141318,0.120673180681124,0.211064178980255,0.358355052750958,NA,0.224290851539153,0.269742519543782,0.423740206232317,0.131074600825631,0.164696107541759,0.298484955045222
"ROI52",0.26473311336935,0.0851565853956752,0.220508445560463,-0.00994398052768568,0.377492812326848,0.269350641209418,-0.0751683944198672,0.183584507603191,0.246273977278043,-0.00502478576029907,0.488256580052162,0.17639595758113,-0.00568714097131785,0.228640987376569,0.0772358755887972,0.324470618238126,0.371508619987089,0.0616364212605111,0.185027539521749,0.415817245424073,-0.0120294929337787,0.158914237476731,0.148509884620457,0.0375842554231683,0.213686990331375,-0.111575974255648,0.406472752794197,0.118419250442639,0.0820946798195418,0.140393428476528,-0.0896711160311456,0.0787942788195871,0.11052356368315,-0.0442795624409457,0.20759314878582,0.261584567065732,0.253913165417571,-0.0853653922554751,0.249609710074143,0.199541863648232,0.226795861482209,0.178379210059781,0.295608653805644,-0.0480863816328673,0.132343708359079,0.17666176202566,0.210657469311741,0.119013674726368,0.240587465791394,0.207573418522586,0.0700072744827704,1,0.12816506385994,0.343071174006221,0.257655125843709,0.0496476068632158,0.156737760337926,0.350057995652853,0.335373682372796,0.137535950292507,0.226731678918315,0.00674574502920998,0.399579146915314,0.220310226263426,-0.159301812253566,-0.0639041530744856,0.519201395063376,-0.0186528675525993,0.105787265285867,0.0125824467436963,0.355281309648303,0.056513620656496,0.23217462630975,0.335945606786639,0.193504530575395,0.0318619272893675,-0.0683640875802188,-0.0529843477174968,0.0415243772283107,0.0775209852853394,0.169716661708808,0.234319784324353,0.151596746996164,-0.0388787757747253,0.267627708609455,0.135437146899132,0.171391797136407,0.373731210142015,-0.0948088816260647,0.217638760679893,0.320862505262051,0.376358985223801,0.130827592268799,0.205332509337835,0.295573739106955,0.208036318482729,0.0301798401682515,0.140596169308389,0.209971810584362,0.446556019310291,0.298920031728852,0.168761463357242,-0.13091177782497,0.187168994320436,-0.0325237909941028,0.0560462032879315,0.205269431676843,0.0385026317830665,0.179537567890494,0.16115288705294,0.164207926649641,0.172070672005905,-0.0463220388194577,0.0744998506766301,0.217956114607937,0.266562605486976,0.0211873339734951,0.353991146780311,-0.0343256889630848,0.194703338164159,0.158601920934777,0.172571948732351,-0.0531497566856636,0.250846612417666,0.252133190318085,0.111192255112942,0.169487484451095,0.366580943070814,0.172634994807242,0.0976140148436396,-0.00602190054087785,0.118926731845477,0.141129083770881,0.227815357092788,0.153292170591399,0.199502890453733,0.275256864598108,0.462177327198732,0.136007175413625,0.286608985198861,0.187913437162758,-0.11406241427475,0.28391998008102,0.194820449961596,-0.0344191070090996,0.221244221004832,0.147716359527984,0.0558122314351843,0.442795387666574,0.0293436943089494,0.027775976627989,0.206258601144366,-0.0599464342159166,-0.0580859482026671,0.349441275815135,0.155051912990551,0.0904174051722986,0.123772915247424,0.119725308622329,0.284884591578024,0.346851281478608,0.29079043925953,0.335226747830622,0.173342974947025,-0.0947646848083233,0.218372929533123,0.218884069764805,0.118183482027473,0.393997746076668,0.140392363883176,-0.00573582769715808,0.280324063013194,0.441621539759298,0.00118022627568421,-0.102507910754898,0.0309658850111427,0.292482256814655,0.199632640506514,0.286425152517252,0.416162705966257,-0.0801316340377754,0.160807744225245,0.0441706375576261,0.228783406871194,0.0108014135335066,-0.118617493698773,0.310899909757663,-0.0718633111116501,0.0434819958278728,0.0943091334115111,0.180335138410494,-0.189130501604494,0.24140342076182,0.0491578475879461,0.346053725313658,-0.079333575290311,0.0973493129528309,-0.0594946538191372,0.241818289758279,0.228672746603083,0.169285931037711,0.272259426435045,0.133518041274829,0.201049834784624,0.159872974857121,0.243414708212839,0.347275779056649,0.104214397577979,0.274687672821454,-0.148435767415804,0.277700320838837,-0.0910498766660226,0.200027333359948,0.130207460130684,-0.0293786842977919,0.367180785275594,0.0577539406895817,0.0704945415958956,0.0897936631236784,0.0700074461495305,0.172070710874643,0.173915520274619,0.0605824733237849,0.137186665732517,0.177633360235682,0.0405412452029855,0.0644777600732181,-0.177696649722245,-0.0128593141350032,0.331285212526125,0.16654935118844,0.211022415159849,0.179341831639577,-0.155142940628402,0.141249548748957,0.245256407161812,0.0497498181578147,-0.0532428952864412,0.331514434324672,0.0720075519694088,0.083381196883175,0.156299881324055,0.172076780520574,0.0865929816343694,0.164433333468612,0.171924701017881,0.126132171831838,-0.020279873460418,0.176241803213614,0.0649244125863403,0.147100945609349,0.184132668707863,-0.0639093539664019,0.118279547213767,0.202594763211711,0.299517060197644,0.111037913160367,0.0889560662935564,0.035875426956959,0.58162287555849,0.0524621117672227,0.0779717966567274,-0.0816595009845372,0.204611294563966,-0.0973957994005871,-0.0449357827501645,0.0563436149487906,0.149042290308147,0.363301002501876,-0.0325331183876643,-0.0173612654778895,NA,0.473656612841663,0.235929963109261,0.107493035513871,0.553208491102422,0.19535764162496,0.042044792044123
"ROI53",0.19357231443811,0.0219211094959567,0.0579331116833897,0.374747630249328,0.352635271096879,0.0437508369899768,0.309422467364224,0.496877850827998,0.385927721004374,0.176387448271479,0.0908881608902083,0.571149712125919,0.063328462952345,0.56452043564456,0.461395970601595,0.0962432126327124,0.357530819524021,0.374991738706346,0.154873241157298,0.0472625514344363,0.133992960359826,0.080095462645663,0.374053190339692,0.194319481776106,0.119514880443262,0.181428285180808,0.441436390801835,0.458795639808315,0.390116374922149,0.116022592825181,0.161884204509607,0.360531459898808,0.201798107468919,0.460233701729831,0.286568088668142,0.513172007542249,0.0968883049252825,0.0859288708319731,0.48670370704526,0.317144566907537,0.330745287928737,0.413931621864942,0.0509010296380389,0.411373741201856,0.461375908301807,0.0028306012021661,0.0216299058372308,0.640835041944847,0.267621974222311,0.436082380370202,0.223704465231659,0.12816506385994,1,0.254597639951416,0.506230080815889,0.423445885962926,0.377532717744345,0.328778424744218,0.300948808592102,0.278990513137342,0.122171932356278,0.338408923204443,0.214933505498543,0.393981579480684,0.0162286574411371,-0.025314129564186,0.103262514365598,0.14259226392401,0.12463958485026,0.20356161775476,0.421953318023628,0.0972451860290721,0.0910645544424973,0.155009779911044,0.276190839863616,0.0450542009446363,0.224446787207928,-0.0755562179614461,0.20138631663868,0.320805085580584,0.147740469687104,0.218454834463011,0.22379644277098,0.696378453918367,0.41492878066733,-0.0272067567555151,0.321785023694478,0.162594921983252,0.230532039478207,0.103157139866139,0.0820237382731646,0.154370655793349,0.380033883984138,0.186721039980669,0.309583819832177,0.16822587115236,0.286055208531244,0.2757270038706,0.165367185245442,0.275133041221955,0.286347404441045,0.269725978221213,0.0191323630588037,0.200470499258455,0.424275232293691,0.540327178396613,0.205861313000121,0.60648980171352,0.105712358359263,-0.0199464621133682,-0.0181475240890567,0.326285200338335,0.283274146030102,0.0246572348378006,0.426817514704015,0.197209920865489,0.73552659274513,0.397455618742598,0.0710289449935575,0.338712139862983,-0.105564379136492,0.270541595645932,0.145805660479078,0.294692778424546,0.215400368333105,0.0394922759203933,0.519490779425118,0.0772091508315897,-0.0830383974752806,0.128082295922747,-0.0915747920258616,0.592681645715981,0.351427964379789,-0.0908827602256793,0.290040777223317,0.565966989946203,0.0910385223267609,0.310978339620098,0.429301609803888,0.224806257490663,0.0796805354461917,0.0349433021425707,0.250198973489126,0.284745628058287,0.176850494770162,0.329611656324687,0.227490331173703,0.463632403271821,0.24642605097355,-0.0511288651636945,0.231433682365838,0.0286092953858696,0.258401973684507,0.417926442778241,0.0442497697171244,0.759775880624345,0.457631885637922,0.259381444793429,0.0126063962492145,0.262576573246491,0.243249569491899,0.0422038321007905,0.128827845486078,0.364390765875297,0.55691441555091,0.462653053269128,0.321287956868324,0.616600473630464,0.256389146408616,0.194465086496553,0.282473814626798,0.400280373370758,0.414281672848851,0.00700639850450699,0.162095667113548,-0.0784909002166274,0.385908531682379,0.237008840052507,0.111664032194837,0.350225853200729,0.193958821594447,0.336788708546911,0.484578174947807,0.397458967251591,0.35516537803604,0.111969574621105,0.277664124541494,0.00620935624759874,0.0223359551346293,0.582824627352171,0.447902260097321,0.127090774317101,0.242044406272569,0.16032572397504,0.400054262528838,-0.129523509076403,0.373197530585648,0.170114528951681,0.386005626884551,0.223709815962241,0.191879415244004,0.0727136608800809,0.48136091474068,0.207007747937748,0.536402120307212,0.383764223553177,0.342114513878942,0.619824417350353,0.188633618081693,0.350802440002795,0.253445836319824,0.241846359413313,0.306841465561061,0.389590472416867,-0.0497434158910698,0.305957978229475,0.325403035008713,0.3930052718359,0.0606301366484377,0.311507311313296,0.224685134116776,0.353868551711945,0.694362787786825,0.503714721377425,0.246533955994884,0.165023174463117,0.835224622705513,0.0978304126705449,0.305029688036234,0.462507647779494,0.15008469875211,0.317053621982005,0.27196602566211,0.273233950673198,0.402910142170516,0.152318759267757,0.282818273075753,0.0905718425963354,0.285949878962893,0.308390106268342,0.375168027477182,0.447152417884344,0.243764484524122,0.0577333359438711,0.405160163957183,0.436450757596438,0.327351653324074,0.0907214656606396,0.135129975991388,0.210853438948801,0.219703817952416,0.16269052508886,0.340917551675134,0.457332721983979,0.368584759194158,0.0150212550186404,-0.0952125705671234,0.0682571461725223,0.212351429271892,0.119662922637597,0.33765246010655,0.474901132605009,-0.00226747709366762,0.485861341657215,0.115878328330023,0.256565726377704,0.102349247448678,0.490414862047165,0.316255749713626,0.673493911328927,0.0950872800726994,NA,0.247618840569799,0.0892620179295451,0.44124896213872,0.209873394520497,0.449999542945206,0.512568211848851
"ROI54",-0.0828313009841228,0.404820795313236,0.22622707607781,-0.00294222139200496,0.0503175129434548,0.351619176080385,-0.0594174492284831,0.0802987755357404,0.167158678309931,0.211020709940945,0.301736863525076,0.203877766411162,-0.0571484248039934,0.27344779879425,0.238899050949903,0.458522093789248,0.0941352769629816,0.143295836188769,0.244044300066944,-0.0190944303555326,0.430958363748305,0.272419695138292,0.0663657768884482,0.444719422970271,0.0132484515993209,0.0839825162253498,0.315162430704875,0.0715559294495628,-0.0166520414946141,0.0451135290003449,0.0247036644737867,0.0646681254756064,0.392363375918163,0.123119665036078,0.242107716247571,0.16626319143899,0.447810780284223,-0.00823264442350089,0.0820340454267204,0.389962135916344,0.0999362401696135,0.173258554163333,0.234620727796729,0.312155810027108,0.109513666443529,0.462412357252681,0.487400454335811,0.32838515540454,0.272914491598497,0.160850195472796,0.360654626238395,0.343071174006221,0.254597639951416,1,0.246269035613283,0.269693019922026,-0.00615046830150711,0.19915865720208,0.0851175730645183,0.146287314103041,0.251466605325867,0.398475430487116,0.154023188612099,0.0723521904380151,0.179271419893897,0.214726079234099,0.345646415579905,-0.0214322568124223,0.635335379555874,0.0100734299907285,0.310159468925459,0.398459318386599,0.135981935496719,0.386066862522781,0.231478819622748,-0.0864007558447873,0.0751375927831772,0.210380793929987,0.208076453980133,-0.0795586693740781,0.703154775643177,0.0812896740721073,0.0307043094193197,0.237412629394807,-0.0031302442560814,0.140618139772538,0.14741426191581,0.0829936881143273,0.0539334138199033,0.0278780462141175,0.335090692978175,0.57356519917743,0.110632854506457,0.450913204771211,0.0939870615632161,0.188220003945545,0.123980577951348,0.18648359437532,0.24747085037662,0.244797533408851,0.328088394875164,0.176189927900525,0.175824041656233,0.143952828261295,0.096036357017406,0.0519234308703963,0.383913606380485,0.205966733617637,0.167528599788124,0.119385064908512,0.0845712101128982,0.107228830568593,0.0172349387540133,0.273154820550464,0.264259474324616,-0.0831289168460741,0.099229737398541,0.382404184014617,0.363057598169975,0.15719457838717,0.132238311003289,0.344490868021306,0.213324771273439,0.283044175014532,0.489222263218734,0.0443636691666327,0.173027941203449,0.127012267649657,0.106125574100579,0.123500826949717,0.350119080404723,0.220041237716389,0.100920974572722,0.0492014748259663,0.501970534062537,0.221532090195478,0.330645158003186,0.541982143778765,0.0550484641224959,0.110058008710532,0.121747433259283,-0.207273549982792,0.0952203900840346,0.298220034964482,0.161405106308673,0.2068907131941,0.161858173518003,-0.0112978013746926,0.172558978320594,0.0678427264847528,0.346208749663238,0.483643784331976,0.0171527618501645,0.106786569652989,0.215582276551161,0.23850997673979,0.0317145047122541,0.0772846656121706,0.0302474415592057,0.319582605127392,0.631583201805069,0.251080109894616,0.35637966987919,0.41382044953255,0.024754271021649,0.126054479642522,0.221340621334891,0.240170084183718,0.177832855174713,0.252214871540199,0.472840040290934,0.168508738554473,0.257988945853484,-0.118911326799832,-0.00828653124765864,0.0908597099317607,0.210121723935655,0.156988253654999,0.157253103087052,0.632683951017474,0.168467421567007,0.628513347248596,0.207490582543501,0.293286727560995,0.0430422573491025,0.378530024233596,0.350783849713612,0.164852332690873,0.233359263175052,0.334281599289329,0.222950696782621,0.242890589646144,0.332117448912131,0.389893880608039,0.148714513497169,0.0730566596907868,0.144594842380576,0.212216508240046,0.211490251845212,0.413131610954678,0.150693321529459,0.00542495238372522,0.0889402788002495,0.476510870210816,0.107555661847921,0.055113184978373,0.302434206844737,0.247776688339387,0.0281687507131467,0.210991153639009,0.201121740100458,0.217996509086082,0.236345777614586,0.13766967451581,0.0952144031042261,0.450923674617044,0.167034301158593,0.164107290513904,0.00766026892047957,0.201386609491264,0.277586229982597,0.0294012829714023,0.22991774612418,0.237414562721398,0.601294806721158,0.315536535514889,0.246635216189018,0.223518665595282,0.123780854179521,0.379471861895564,0.0517460951724876,0.104992254031825,0.314199995547657,0.235872711337099,0.103761080905421,0.113657014348867,0.120507700235373,0.155078058305176,0.306461056503891,-0.0851561369174164,0.165802946691413,0.0603844460323978,0.213195545344477,0.18249165673736,0.0946395766772428,0.143501990935631,0.0782294805941063,0.288430650135323,0.474717117169517,0.176608987908323,0.371750627806589,0.192687509626486,0.0173342258456592,0.0918336557654541,0.138366608872953,0.111560199309555,0.0928756754581159,0.500828843955977,0.273553705096914,0.31994115485404,0.179529844674797,0.0924941603587721,0.00671081093653098,0.193736076466498,0.0128259953460691,0.0159883177294422,0.361331982762125,0.186844857001286,0.176141320069235,0.115361185076227,0.362831869816331,NA,0.294493039888226,0.221242328152508,0.294600372911645,0.268350768669609,0.0628573318369585,0.102705973435423
"ROI55",0.22805552844071,0.00385817962145763,0.364793928375781,0.437672372121144,0.295185495294821,0.090629730164695,0.351125208428789,0.511127637545236,0.37386538465344,0.245419156816373,0.274554812431109,0.34049977788081,0.133012234359584,0.312262848547131,0.617785703618073,0.228955419923748,0.707161873881005,0.51819650378944,0.0996455145300453,0.382880100898667,-0.0307907603697711,0.060792063893549,0.406576283739768,0.0450024780097103,0.149179066554217,0.159519513721575,0.670639238164648,0.44237290422662,0.632547577221425,0.136477750624772,0.22988148276213,0.559946307555711,0.0420915092664142,0.328681463953939,0.258680241475752,0.671471670920389,0.134319184613911,0.0626305432506399,0.671349121589051,0.413338703139856,0.478878569797019,0.551107278601004,0.163148680508192,0.242896392337863,0.561526418503864,0.0156540358232346,0.160540445233498,0.573749301398946,0.34306116830789,0.439747584045615,0.280359388161588,0.257655125843709,0.506230080815889,0.246269035613283,1,0.40744267358192,0.409166347020624,0.504498417511357,0.583070238527702,0.454186329689833,0.0232357089798421,0.212910928623588,0.44637445190926,0.505682336799539,-0.249836940674817,-0.0594552152375855,0.383597882726813,0.0401379805641996,0.152761532726361,0.0506531639829458,0.700714264961017,-0.0214382931727279,0.0571700783118754,0.134945891776736,0.443395660658637,0.0548811604734682,0.255749387932519,-0.145237471116082,0.272393894554718,0.534436866666283,0.0886962858392664,0.430407972120182,0.364282853852231,0.442128305971202,0.439533632104315,-0.044898759552553,0.317326398117284,0.290177143933326,0.127304669345085,0.144314008001849,0.345109722011417,0.343341597836504,0.498216298402421,0.250520170844414,0.546670273056387,0.0371433929174093,0.358663723767,0.422447066342576,0.27236715855109,0.486163405889238,0.404020586297886,0.228471947335654,0.0154801086559478,0.122485699667458,0.478739128653832,0.594352054888886,0.150060510966157,0.468888797368576,0.232697182621363,-0.0753867421709316,0.169306960188991,0.418179715553251,0.287253706297713,0.02428545715175,0.549358541719635,0.419367836145722,0.541307325292608,0.46772565363288,-0.0971669684214017,0.378255367125785,-0.193788341144987,0.345980843816748,0.0572527302350896,0.443972437035455,0.272812531852058,0.0689378110862524,0.363056578671325,0.046385891639362,0.0470860683629832,0.137755585950457,-0.103816474118318,0.733495237533154,0.391497964224746,0.0499619775472034,0.293655984046073,0.615616724029293,0.33678762547312,0.515601063630591,0.520910365804319,0.489525596557297,0.168588510086453,0.0463549084623367,0.419099462787215,0.34762348088184,0.146749871652785,0.497745736088604,0.285303044581618,0.426275622342505,0.354675112212147,-0.153547841537528,0.263544269963889,0.0276217827777047,0.333546869407476,0.399936830546646,0.0924302595380824,0.519193378685658,0.575838138193308,0.35832296468719,0.192445706085237,0.467139200399574,0.383390018147491,0.096653934748261,0.224661422976153,0.495186747135757,0.3075774007247,0.517213497354478,0.417556738175212,0.328583309360175,0.477086014619177,0.352104398817582,0.270762819638002,0.525457936541195,0.486461014629006,0.0934137562484713,0.104684018472071,-0.241528248137155,0.446459415962289,0.296317959090437,0.279448767809506,0.568968716364498,0.220941938327317,0.389976516132655,0.601557163442473,0.200305574701735,0.584377129581545,0.0572179516291008,0.292489267513319,0.0417005368685944,0.133005149936262,0.594428019599037,0.653977409787506,0.0804040350874748,0.280102674953159,0.055314380630648,0.44677141942447,-0.203618252121425,0.507022619283588,0.144538110344267,0.447107549944992,0.34381899420076,0.192228848864724,0.074904191409178,0.445465607689343,0.23221264648446,0.574622619719763,0.402708680740382,0.425853944541623,0.58055101590582,0.299431416113766,0.264035491059537,0.295481753323729,0.179417783195569,0.493149330549126,0.669333548611311,0.15029260874203,0.50524878451696,0.457325774586968,0.534649700915616,-0.0180884967203876,0.235068738016919,0.341744218084336,0.56678042381427,0.642848765091759,0.775381851384734,0.357050070290658,0.117408974707244,0.475435023165677,0.0614213478992775,0.454761585254804,0.79573378623831,0.239301785197764,0.537847419978675,0.28310532437072,0.293269416276614,0.472179542366545,0.058004092198387,0.393491337243138,-0.0355805526216302,0.447131995470856,0.540012578069472,0.586037040756095,0.408540939306302,0.368196924396546,0.115337247022428,0.560840895043366,0.592617864713142,0.490158769018672,0.054796175005192,0.153865529425879,0.525798202974749,0.250172052852902,0.191084121490784,0.437645077631674,0.313105074451641,0.482485867862632,0.0396365103987963,0.0202018265499241,0.0183532887753492,0.303250582335645,0.183300762374204,0.330473868749961,0.60291517977046,0.0461012641298582,0.460415222630611,0.00230499246658006,0.343085483225849,0.178113610683326,0.529942277082296,0.542290673387008,0.315059014275554,0.0556856271556988,NA,0.269569393506299,0.392655034064977,0.636594291075939,0.401519040076041,0.451730129257084,0.591326264548802
"ROI56",0.293144715385399,0.152863297642602,0.0917911414720421,0.442015239803318,0.415211136831019,0.241755201834586,0.40733013828609,0.365237587302469,0.314624932989073,0.255921806266724,0.125351386897524,0.332223484245365,0.0242363587663016,0.167935362081514,0.73155326540807,0.233187497789242,0.299091290775994,0.666701535496231,0.00712234066464785,0.0444039655423587,0.284246652589075,0.213119126026934,0.261574958352193,0.275012188776599,0.161520791676135,0.261473893473835,0.360497314835635,0.54606435165579,0.309445420128222,-0.0615868098379918,0.104297675392172,0.387151763827179,0.299034539694453,0.608768788731877,0.252734606698932,0.324352410655946,0.195041818005806,0.143851708241252,0.264115480999266,0.281037344067791,0.25730629399121,0.302730404252572,-0.089625678215243,0.63792554205425,0.441685976235329,0.126019194390314,0.240093746272074,0.398543130484472,0.19898166459687,0.682907097044945,0.344603402317566,0.0496476068632158,0.423445885962926,0.269693019922026,0.40744267358192,1,0.295936742019084,0.180636693550691,0.221882131977884,0.250570808281237,0.0549251962053538,0.318219545493919,0.134075319609251,0.32113745602468,0.176688416676468,0.0989903554414956,0.128948200622808,0.0322083625455716,0.269039695885156,0.172348575979597,0.492814871084315,0.157245967681352,0.0473906383466616,0.177024718428256,0.24639448423014,0.0135622116277777,0.282669765201621,0.111600958846896,0.184151934312543,0.182776890366617,0.22671282129678,0.30769637076938,0.577375762370012,0.482279704935708,0.391915758423659,0.16221619501257,0.317749581058385,0.180798527720611,0.335790718698251,0.124746868954277,0.227187340827487,0.257791144266832,0.738484720500124,0.146873202631722,0.08612009613038,0.146672356146693,0.254183702474877,0.299898557738853,0.313470117651483,0.200751059563875,0.212683207686174,0.242181294197701,0.134520063736341,0.19466187254915,0.498861616730452,0.321845954840964,0.314947736978259,0.355664845862322,0.0888298809365867,0.124196946591569,0.0579206073520225,0.182135492132834,0.235694602416422,0.11378791160865,0.383115685396971,0.131714914378322,0.425489781440504,0.301975146551197,0.167610562300846,0.179344569953282,-0.033010476414317,0.203776305115703,0.278349757055629,0.265532038215971,0.210643883472695,0.150228513616541,0.16033866014391,0.139982186200141,0.0930845223083652,0.184898174319524,0.219928285801068,0.432975821582325,0.379457366355103,0.0193031094823703,0.240508193481095,0.348330991405374,0.0635510280668051,0.161072965655307,0.496862666637775,0.245380570523363,-0.0221863615495628,-0.008352523751214,0.325566939388484,0.0930073342247355,0.231058265119539,0.401652510851043,0.329115744206266,0.438544289896639,0.178885840358416,0.0293474605819717,0.212990263445635,0.203883904622567,0.210583781338502,0.58194990703153,0.0868351366030031,0.256668303696035,0.406215997790614,0.268230423025589,0.0887674253872641,0.283027413323545,0.219244494907474,0.0677941819749169,0.202831980272861,0.330290621864572,0.332727554448317,0.40595401181207,0.229641208161878,0.304088484022217,0.18295668652933,0.185856108914852,0.414056350216524,0.424506296130735,0.368368911792394,-0.0456781968846711,0.123940639241395,-0.209374665707868,0.32580800897258,0.178741286692464,0.256793682083511,0.300285568257413,0.34000532600058,0.29824681754965,0.672211020478451,0.157807162515484,0.252665532709436,0.278169226758586,0.156136200069125,0.122145607409909,0.121299862463072,0.509352610551621,0.422821704009595,0.322004104698654,0.241222697807665,0.262899786046871,0.403455443861242,-0.180064631437068,0.341480680352855,0.253632634346568,0.334627698570055,0.299895422249132,0.262183343597767,-0.0323349481808386,0.355017422314239,0.361616688724447,0.355118929593033,0.422539095288951,0.235612512836373,0.3781406105638,0.0774728884229447,0.470323639809154,0.0878714880415275,0.420937385746279,0.314238399173822,0.36453188660431,0.141481120461886,0.149116268516901,0.329127521603368,0.700539883521288,0.0321062359300693,0.217713669099605,0.241435977526686,0.349172324310593,0.440576831814766,0.528402494959865,0.309053855375069,0.300465362181751,0.421854941111887,0.215536333017889,0.379064285670989,0.488194295102942,0.112262592105311,0.308230420170532,0.29060695894018,0.438720903946375,0.293433559478475,0.0957330709401016,0.373574119739511,0.217832483357364,0.272423153953314,0.216958799842052,0.460952159002244,0.430073506739027,0.353847583373365,0.104222006780385,0.545448824514723,0.589936477619191,0.21637406140529,0.169213225314314,0.323363198226503,0.254221792892514,0.3054967556336,0.207366668143136,0.444867893417853,0.438654321402058,0.473958650148041,0.0628939644600266,0.0307587753679786,0.270591991081959,0.28114051198672,0.0594482238648158,0.136382506367537,0.536927663717121,0.142276331694518,0.540920717575694,0.147581787287887,0.275815388110746,0.28329178653127,0.716986505448821,0.366525311664493,0.397950885428186,0.271346046856774,NA,0.143629289890752,0.14478771182582,0.451892396790346,0.148368631154429,0.472917027825228,0.551980893600141
"ROI57",0.477259364666472,-0.152408215576358,0.208216823706647,0.493021611070618,0.668920024753895,0.0210013267356919,0.362076890227128,0.780754449703202,0.484691146157191,0.0868857696734675,0.229139247707363,0.199433154829315,0.103383295522528,0.178864784900518,0.468551730991741,-0.00160982846229545,0.493651613167627,0.395233691125966,0.0540387063131722,0.391997511205951,-0.0768986535876516,-0.00995912494304403,0.62481782451258,-0.0436869281038874,0.145991707817981,0.208126582908675,0.40226704953899,0.530931725927875,0.549263917076927,0.133538671406956,0.125649488934972,0.432810326939214,-0.0698620902402338,0.342840702287191,0.20940771508504,0.369071931506001,0.00508559204763238,-0.00389266379469728,0.477907015487258,0.233171400007707,0.452546185891771,0.38967495131695,0.0521494119564105,0.215700479298355,0.511921553658055,-0.143534610713758,-0.130220130757488,0.232407408125226,0.282812351996623,0.3961519185093,0.156164192679779,0.156737760337926,0.377532717744345,-0.00615046830150711,0.409166347020624,0.295936742019084,1,0.378038409730173,0.354328644383627,0.575529517901028,-0.0178623061033012,0.137053848502347,0.306691271515646,0.477672332501911,-0.0703081132612415,-0.208069090855965,0.156442783807417,0.252030678789351,-0.00135161862649619,0.148305295175781,0.340062219447328,-0.0935221983134005,-0.0431606789060486,0.0137711478948925,0.139297498965471,0.0306295701279133,0.159379052064928,-0.0966950620276763,0.0180477880800203,0.675165176233956,-0.0748869173109041,0.185315865993387,0.343556912300496,0.18932009430107,0.669846285118148,-0.0741122446347469,0.364856821107494,0.26839291033711,0.162630875949029,0.257079137336857,0.183172864328918,0.0833168737431967,0.461140484301092,-0.106184089538089,0.358881826981539,0.187858581348231,0.237412962328684,0.297395817566473,0.205424849653381,0.280670668641692,0.147481448203104,0.307382714651117,0.0209016892332868,0.236568392371367,0.414254280373735,0.495986452025548,0.0692087349992961,0.386879374876282,0.122116957709229,-0.071523323711048,-0.0852511577560968,0.316804305539978,0.397771470467849,-0.044841029427575,0.408538588228098,0.575847069778116,0.313831223099327,0.399922878757311,-0.0846627822755876,0.432677508237135,0.0521175499015103,0.121534923817675,0.0242432852417063,0.239627164311307,0.059804661598345,-0.0895221904908808,0.179272697823514,0.0521137205255292,0.0209314855834134,0.0697849957190462,-0.137796482709349,0.290625430067176,0.316998636906546,0.102163401354335,-0.0722316659737673,0.259720042350052,0.0407033036221582,0.168974956941383,0.270960913252836,0.367452290945796,0.0164772961826702,0.0105670746052521,0.300809239638635,0.210729898834764,0.0498544198407546,0.369009994254384,0.121692549738283,0.614519083420746,0.246425064679375,-0.0503356156618959,0.139272367312502,-0.167645370392465,0.424723774835157,0.402747574561594,0.139780264814033,0.250550118156698,0.683047287313441,0.259947579721116,-0.0351769899550707,0.302466742147135,0.134941446640708,-0.0622893863680116,0.0275855004642118,0.32210855287553,0.250272068011055,0.683021013072083,0.42459008587818,0.166284012540134,0.317079707142714,0.149676420181991,0.0279172827448955,0.523930217700398,0.373092280071201,-0.0323540334758632,0.187479760456522,-0.0629793497546542,0.329412416006882,0.10533302609003,0.133646567565997,0.190784667338317,0.149186755483588,0.196096283998659,0.407967261187451,0.154358366072354,0.473134048375658,-0.00912828134603731,0.0898753842549045,0.00505470058512122,0.0348915677368579,0.162872974487829,0.410955539651751,0.0405096267865061,0.0719400356867954,-0.0942799610853347,0.670546564746676,-0.381692428083008,0.415856801922276,0.236723419055871,0.380203828741934,0.156698195039731,0.0630487149062466,0.13407118570139,0.499581203594324,-0.0170278470616427,0.367776949961474,0.579943297435666,0.356911545100617,0.15312431631105,0.231305961767062,0.289896330698061,0.181582694882072,0.152353054985189,0.358295273367965,0.390663078830279,0.0465239019194064,0.19519583857323,0.388850907844787,0.434287125865623,-0.158949296607746,0.0617587204937024,0.110505280691955,0.652860443125727,0.257823147588024,0.386231482345902,0.142006037700788,0.031949138666376,0.286271785403604,0.125583044316467,0.302652147178686,0.31846262314961,0.102559740886978,0.441431151373048,0.239657512304601,0.263976110238163,0.452256412581309,0.152991881327547,0.310276836384197,0.0409829700843576,0.433702326296007,0.615245585192637,0.235821059741194,0.686651772356828,0.338195836403573,0.0206152817389089,0.486840572634678,0.448103380069981,0.392136866038071,-0.00233368766041469,-0.0918110430409297,0.269598621699759,0.119963299284445,0.251394921301876,0.426151424847993,0.624333247290514,0.57719503968364,-0.0113666795764095,0.154403444724164,-0.196268618286675,0.206301520918121,0.255755326091676,0.2213320435708,0.504482416586134,0.0895342531595587,0.464107139168586,0.031959003639508,0.315149202024778,0.0126783220625292,0.511733087612072,0.315526305780543,0.292139949051481,-0.00409711809533164,NA,0.338845148729347,0.148563451352693,0.351943783012446,0.207682317700073,0.53927416432592,0.428664622768217
"ROI58",0.135464788812658,0.0161636721076122,0.274692451075757,0.234756688335703,0.313356557088393,0.0658594088368202,0.239612840719644,0.421055347115929,0.320047498616384,0.187428351490579,0.429179931565227,0.20507339174329,0.129118340787674,0.313372695464935,0.375764999655571,0.18495174513248,0.471172459842021,0.229468141167762,0.173940836699261,0.277526226729236,0.0341735870323095,0.0561204028604174,0.314498107739937,0.0862190985371666,0.0222653513729933,0.112188180292954,0.490105567259555,0.305772604940668,0.336924332030304,0.347774863551573,0.0896298043976861,0.341002931035488,0.0575217336086667,0.107416638189906,0.19812270413006,0.345543622614756,0.148844271580136,-0.0239307822857307,0.403192705395637,0.31405352548699,0.24703741887271,0.49688906476731,0.265689776646346,0.112976982670949,0.289641808879533,0.0265645024858018,0.118253220631436,0.348019031273982,0.350684236419884,0.246196444880568,0.289928142112522,0.350057995652853,0.328778424744218,0.19915865720208,0.504498417511357,0.180636693550691,0.378038409730173,1,0.420282420415726,0.350557680689036,0.0983424924597158,0.208232745210461,0.412162082429434,0.392492009951027,-0.144237582975446,-0.198066054951236,0.258333726692056,0.247953209653784,0.109738655761951,0.111273298384324,0.457506195297566,0.0230391250102279,-0.0415492457378502,0.293581014578487,0.269426972804523,0.0161034824200418,0.217365763397828,-0.124453860542702,0.259909378450209,0.295417250747487,0.150021084642531,0.214476896803638,0.169774910112002,0.146527032001217,0.360821295931196,-0.184200686781175,0.168852936580958,0.184982135325563,0.155235073944773,0.129281816005161,0.297021812350165,0.265874031901859,0.321204873653351,0.174665344617231,0.404236505437577,0.0427897530503995,0.216986220400684,0.401326971913574,0.250027043796345,0.427322669872202,0.278811064008414,0.0786976122998528,-0.101930158142452,0.235206367381392,0.28834482939894,0.306053123210336,0.133608997753019,0.235178478739564,0.185263715747877,-0.101814099536209,-0.0345080432797022,0.440062297146015,0.356510533783962,0.209560679295192,0.392653652682316,0.297802757341712,0.247242395327114,0.493100655289802,-0.0315183903833562,0.377205950110964,0.072544673807266,0.309711100625899,0.0455064637006514,0.257927715747558,0.288102715379728,0.00111458561613877,0.200068150809205,0.134330885494595,-0.000696670795628645,0.0817428098479573,-0.169908789557125,0.350378438818901,0.485720701093156,-0.011712488221464,0.225147185568563,0.44804928618453,0.155505380462249,0.533625170816688,0.32790151587777,0.265455826039217,0.153396546775694,0.00447821678548367,0.146084149164347,0.631340868320594,0.0354855279009153,0.246687878364334,0.0644236099993545,0.264137865995532,0.356538226292907,-0.159043437266539,0.356347800870253,-0.00993970817147593,0.255670864025257,0.158074414443738,0.288069997326693,0.277000214056931,0.294036499499301,0.348084875212067,-0.00816056749202887,0.324012899698908,0.337789409760782,0.0155865569149265,0.221341479446839,0.244319137262914,0.163299662628417,0.331252512416045,0.525264649769686,0.275360151814726,0.475861197374165,0.23203815811396,0.151561292579139,0.323865999438837,0.376983734600717,0.101555593695935,0.295409542393074,-0.222381607924858,0.235018813980365,0.442468608608077,0.0862746086691733,0.419408553721106,0.100618108652835,0.274850914519636,0.366387379853258,0.235191537909648,0.323904604925945,0.0188584154462686,0.252340109476809,-0.132606678211083,0.0308886473766204,0.289448017141407,0.522457303894974,-0.0533118467172633,0.0340021337128145,-0.0368505779963238,0.4098014980891,-0.107705445413578,0.318787603753334,0.0588954657226303,0.581434104509417,0.173432736571722,0.0483470284576348,0.15554599390232,0.248159144698061,0.115758886856902,0.343829748403898,0.25080624326575,0.456535997007216,0.320575665032291,0.188845643604105,0.151242143536968,0.355949729581978,0.083729421487632,0.434904359844848,0.326427171995823,-0.0800889357515027,0.42379154435425,0.379454588954398,0.280655416211266,-0.0760871929457212,0.210787993020512,0.153312591466945,0.356340374895715,0.313741503923779,0.348584151185635,0.211779192381505,-0.00283094983785122,0.262523929290703,-0.0595797679575706,0.228729292866277,0.469785759102162,0.190941822661192,0.255617413621575,0.26083354166299,0.239111869770162,0.283067895358709,0.0422139567342608,0.131805904559041,-0.175313237148698,0.43939246461875,0.30470328721426,0.247331754942151,0.267802139134021,0.363771782348549,0.145096514505777,0.359610077819192,0.355235965482911,0.202812438167074,0.0229658550064216,0.0930383710308771,0.242948815985904,0.113619097951781,0.116212215180321,0.202039707903711,0.164511945074437,0.257914707913705,0.0562856868686325,0.078621705761431,-4.47325135377478e-05,0.0488320494454951,0.210881370494765,0.343470514938677,0.358253347491295,-0.0100700930448691,0.341892969599442,-0.00184979842590758,0.349083831223249,-0.0539318325817167,0.326508499675657,0.333041747108399,0.154011215714655,-0.0479611035313896,NA,0.301953787457329,0.217133483748951,0.321889939750691,0.249565997868816,0.304730915325375,0.31982428872666
"ROI59",0.466188041099433,-0.0978336800637403,0.199418419239995,0.217484397479886,0.401337361225556,-0.162170886399558,0.112935411270429,0.397885732623224,0.284972456956844,0.195360392313334,0.35879994740415,0.283674969868197,0.0809193177149809,0.249361765135663,0.35410162419911,0.181242539434233,0.760197266444611,0.289056826427334,0.128449571886478,0.515561957138997,-0.244221137554576,-0.122443019558703,0.186875760227037,-0.261733304331583,0.0513851024359864,0.030542326322506,0.802245726836244,0.281173656802767,0.346103468335034,0.0483393950463492,0.0106793875575434,0.35796989782861,-0.142987387761351,0.0430426518704516,0.145350063572212,0.377913479849388,-0.163895736143579,-0.0746878426886058,0.373125633543835,0.0539771165215088,0.406177930849742,0.207328428224338,0.253970296014837,-0.0653417552983285,0.395864517517448,-0.146066462481984,-0.0203525168855722,0.138692785160239,0.382244265495293,0.333922550002789,0.0518503204682641,0.335373682372796,0.300948808592102,0.0851175730645183,0.583070238527702,0.221882131977884,0.354328644383627,0.420282420415726,1,0.23775011758055,0.0921792102810926,-0.0529110933686858,0.478386055035816,0.733815474279955,-0.374121311920708,-0.195403638939414,0.494303536804899,-0.0179761846298133,-0.136018900318455,0.0937409697240191,0.594618359623049,-0.248892495168461,0.118935178774202,-0.0313354179302633,0.293007705409807,-0.0125998146947429,-0.0716971624708913,-0.392671750505174,0.126223720554242,0.313268763873994,-0.212630294554367,0.669302735539889,0.525776367099344,0.072784330999101,0.579978467322529,-0.0322235610737647,0.223688157412166,0.459155179209882,-0.0582693200164042,0.242355183434122,0.2074091094069,0.265045788015046,0.396608911746236,0.138007701204642,0.490309776695613,0.0896763386100285,0.170349622446603,0.305146345713403,0.27444621762652,0.536567714424679,0.360361576225505,0.192495841048723,-0.00293452074813483,0.139912818212746,0.253391132366753,0.218314226010175,-0.0554723283449546,0.214512796071817,0.143138296885865,-0.0494233605407579,0.283757957902614,0.38427055041317,0.0620387101488735,-0.100830182485265,0.372798489308765,0.394550689976769,0.361932940568357,0.376546841432398,-0.316014615152666,0.284250398326906,0.0110744212363038,0.112747356091227,-0.169157951253849,0.172079379915384,0.0380223802039897,0.0182955376883952,0.185402168993874,0.147621667253697,-0.00763846649628655,0.0301882734917317,-0.368706067117635,0.306185908909951,0.314439878571616,0.119564755171693,-0.00219856759590832,0.348321093295939,0.38062076572255,0.498891477834887,0.566158031340282,0.613582523659809,0.0703916807128418,0.029707944030297,0.295030347563251,0.247351693729398,-0.0629787234820597,0.309566347752978,0.121340743092424,0.340883667674151,0.492779783639327,-0.179489934240991,-0.0216289065475253,0.050110647415627,0.178737968454033,0.141390918327268,0.149236396037827,0.273893354682638,0.364480470997582,0.340432356541089,0.118896436260234,0.295470560309504,0.445080660674079,0.204817751436681,0.0974271144033016,0.33774082865107,0.181417306801994,0.426359923812964,0.337815110111284,0.260979268433187,0.459428589352097,0.163500947061784,-0.139416085343133,0.614448398760798,0.690649184667546,0.0625436406497557,-0.0297980487489965,-0.195757243418138,0.275748308005305,0.165996207079556,0.170606799690263,0.491570045046033,-0.0600128087280718,0.229359963540765,0.35692242611101,0.261489592248093,0.278257624760278,-0.265972715375844,0.325195021615523,-0.189894271366395,-0.147821198621687,0.192953930576852,0.284883960816479,-0.256083766887542,0.0852349978176615,-0.190034549262049,0.554654015860755,-0.221377162433689,0.21095773318043,-0.074829859333238,0.240245058855766,0.070447315022372,0.071207893232453,0.277039121083544,0.40438765409378,0.0565574729392103,0.378776981221114,0.499838867938666,0.417791790805651,0.259061610366639,0.274929629861352,-0.0772541687170859,0.170623701209182,-0.115174362057906,0.279359490841797,0.283814166320439,-0.105744003414328,0.460658384942727,0.11077077894598,0.413758072734472,-0.0345238876341883,0.0334709156424546,0.301861411958103,0.334203655325057,0.302317918458556,0.398834139649605,0.0324571699475395,-0.11935305261059,0.208721708307337,-0.1467793990946,0.202441682286469,0.50400632072991,0.286971501909032,0.300187968066002,0.139471822104747,-0.0442111354025306,0.243969573590151,0.0555275664390547,0.451759384208915,-0.220257428365383,0.452311844973827,0.335780792503395,0.388076024612109,0.424134706287435,0.193554289780648,-0.0390517775243058,0.472101858000379,0.503921635387078,0.293427295389254,-0.164747860531309,0.0342192707596923,0.170284508293385,0.111087231458579,0.123125836523801,0.167280055859577,0.264378728920186,0.340789119762454,0.0985478825691544,0.0850332001314045,-0.187630900636114,0.147280428730222,0.274571770638459,0.0794492090965191,0.390653543948916,-0.150122532542449,0.457744043998922,-0.0919390567308339,-0.0128538807720608,-0.124618069191489,0.44496709280917,0.695609615610104,-0.0350832672320612,-0.20972953361206,NA,0.16732060754824,0.307803490869878,0.233281856345507,0.588982748297131,0.590698503218154,0.327130087614296
"ROI60",0.20051099710739,0.293185303673059,0.348583888957749,0.318375289981081,0.349808505993358,0.211474444185572,0.181812168698156,0.619129100287639,0.607387120026933,0.152623382382214,0.259673839496825,0.301215681915705,0.161191036437078,0.18331886591488,0.36840710982604,0.40078632563798,0.411888269487264,0.306361570436412,-0.00536127438553631,0.434011908743765,0.157688979341806,0.0889596709509825,0.507242140915303,0.223946368838046,0.119414459497141,0.15107154477991,0.331518228016506,0.27988990737443,0.469593449817382,0.10117615497019,0.157606981707224,0.418417342662551,0.161133929981276,0.174179867555261,0.535912256750409,0.592022975171803,0.182673705064521,0.0133814065141482,0.652986855746676,0.748026223911693,0.538485051513894,0.438931945831927,-0.0284292908727113,0.250275611870759,0.455659200104707,0.183338904254696,0.218047363427904,0.410607407802589,0.435896209278486,0.227051520336123,0.320350769240343,0.137535950292507,0.278990513137342,0.146287314103041,0.454186329689833,0.250570808281237,0.575529517901028,0.350557680689036,0.23775011758055,1,-0.0138667522508624,0.175690652654919,0.484888309478053,0.341198383314722,-0.281644179476749,-0.0488147982318649,0.269469081311072,0.128921601825835,0.127156520483336,0.0155102088447811,0.302362080683944,0.194905819695486,0.162788037116611,0.174266875181189,0.345133908535986,-0.0956527400434669,0.200155388543493,0.0206994804810237,0.194430841392687,0.66191725468192,0.0752138736762368,0.148853793312383,0.20861095373315,0.289655262833074,0.268671809685686,0.08607644864504,0.325888015824981,0.374060409045679,0.118082796772526,0.22191332361766,0.112266500309086,0.287644922000444,0.368397787495283,0.238730769991012,0.572162073263648,0.169464778133695,0.274704980772323,0.218017260835249,0.159492333576745,0.546521128181243,0.369425133163134,0.316692035303389,-0.0785849812832326,0.251471823084945,0.313792976441127,0.531343907048405,0.387622355160106,0.478384128612344,0.221490396879085,0.072148303185515,0.161142799173475,0.385504376099041,0.422426462957347,0.0938827609991844,0.45189051934402,0.590265077968455,0.292827742249296,0.478426595423082,-0.0864519787695063,0.461853149702397,0.00628818903650178,0.405600473152694,-0.0501851686732573,0.516951597156615,0.543433237781761,0.177449540116429,0.201461745983039,-0.0814996539480892,0.0151528046686462,0.268009900454975,-0.018593458414516,0.494370964305588,0.216971922672363,0.334774740208283,0.307037107760534,0.440264653339285,0.0969275303269994,0.359382018470002,0.168332605304926,0.327063759859867,0.127237387301428,0.00403810402818819,0.517377448586219,0.19974120938971,0.17886442645599,0.448799528180939,0.382702182734166,0.298572516728614,0.103233376299332,-0.101228039689304,0.234539964540003,0.0908786584863002,0.450891085131521,0.290463955371644,0.149076272096404,0.253161135845465,0.496681315485232,0.192580363475645,0.165395153002315,0.61259025872675,0.201891574831539,0.146590221348733,0.184245466763863,0.362061967217336,0.21930083522754,0.499158667089956,0.378110211375411,0.141226238649017,0.310626810988455,0.262374718110113,0.198277503486308,0.344921729267719,0.271617890538087,0.0253703350384722,0.236338412655602,-0.0864067078966966,0.445914973244723,0.13705572657659,0.286673060547919,0.298958287665346,0.121559487832858,0.1699164454834,0.323460149949533,0.229202360814914,0.510331610108127,0.100122102685343,0.229886531222682,0.0173928438011183,0.120629708640197,0.383252265824273,0.547040976357261,0.128941374082655,0.265902441004922,0.207792987746855,0.402527414876234,-0.188982606352584,0.420152288609377,0.127678425409379,0.29130727703109,0.316110291066732,0.363975702593885,0.142482667360042,0.46479182903952,0.270799461805469,0.4243795778796,0.333886473362665,0.161746063329415,0.291262893843363,0.382893860156216,0.257614285164319,0.284934265144241,0.252822373522526,0.349014643439391,0.653016626261547,0.0932305230070452,0.252671513259407,0.421000063699225,0.335513190656548,-0.0566657613510562,0.169545953830877,0.25870804097044,0.641173964710388,0.357189716942688,0.391858427536427,0.187998176263934,0.185698843757427,0.278197496883714,0.082807600515445,0.330829353621068,0.355290915121386,0.196595289944844,0.664290990890554,0.289034103392801,0.205421216089416,0.408941863467349,0.279037308326867,0.230683768361552,0.0834587270715917,0.412212193858705,0.525327383814731,0.24878229300068,0.297288457334056,0.436295649241564,0.0433539340780998,0.322183703402546,0.426930062924442,0.475004549057691,0.0578500556756965,0.292537990378696,0.579946259453682,0.194497344937071,0.297888491881951,0.288747331408922,0.169794348226155,0.370662080778808,0.184739278820108,0.206317805506146,0.0742050840883553,0.158038548758998,0.14732172978688,0.249998907482527,0.351942905358952,0.161612431733447,0.219828794674175,-0.0132724637795608,0.294362122737319,0.169264819288949,0.337769758320403,0.235975986148313,0.196644494186986,-0.0237109296904847,NA,0.155651227383448,0.321673615044196,0.473327120965749,0.228459306730121,0.207828399338288,0.29933066312478
"ROI61",-0.0352883499324264,0.146245665077918,0.0493088190265351,-0.200896292004065,0.00943104926890834,0.0878896229681951,-0.165471233797267,0.0525188687571105,0.108889216704758,0.0722840593796038,0.189481219724654,0.275744074629644,-0.116276545372805,0.194284695730812,-0.0400436232448516,0.307249739006742,-0.0551884906250987,-0.0449738656017974,0.200432036047953,0.106293299119907,0.160933461230243,0.00288345033299434,-0.0430370329188385,0.110463734153156,0.173876042274521,-0.0473152691030312,0.14463628620886,-0.108496048800561,-0.187377699725741,0.163771956018149,0.113511691313905,-0.0931692935021585,0.0893982559701039,-0.0849326721967274,0.0656320795106344,0.0418502106329324,0.0654560516056892,0.162262090398869,-0.0142267127213357,0.0725473753694562,0.14009220434885,-0.0891321076011654,-0.00667060675176089,-0.00863986934500615,-0.0504700789340817,0.187305481614918,0.213563105859136,0.0162277427478573,-0.00451593998260236,-0.0512027316739019,0.0121665821403578,0.226731678918315,0.122171932356278,0.251466605325867,0.0232357089798421,0.0549251962053538,-0.0178623061033012,0.0983424924597158,0.0921792102810926,-0.0138667522508624,1,0.0910134676136505,-0.0623057585802253,0.0816679583153993,0.0152415581008537,0.343573162795125,0.30587701379519,0.229532997161372,0.0956247607169621,0.0543917431702914,-0.0252334662698228,0.18463831190824,0.519494749146937,0.0820405704343347,0.0568012266134163,0.0597608875365296,-0.0592358859851087,-0.0155771938655537,0.213371573501747,-0.162611116517726,0.154298120318802,0.0841045722912164,0.0584700422555515,0.0519836412976936,-0.0476488589715495,0.189103297814274,0.193478393898313,0.261890298280414,-0.122290209016165,0.0846076612102954,-0.0497079378374992,0.219006716983069,-0.0829422154060145,0.230363860419236,0.119725539669962,0.082859020839231,0.237411086258849,0.0574872377500903,-0.0720515370107676,0.186186033238167,0.266812972238941,0.0566837152003815,0.0571250082023805,0.471077246098959,-0.0875879731072616,-0.073288259298893,0.18143058956992,0.0807071140569222,0.153118850558523,0.210569554593776,0.0611794594824171,-0.0221119080036432,0.110557874457053,0.258538333276008,0.0824605664103144,-0.10377966768234,0.190084036953565,0.140992319577673,0.0468061508406453,0.0339702051424948,0.119613354942353,0.0487149748065576,-0.00401918758633448,-0.0401666741155938,0.185446503202895,0.153064939321567,0.0142874975620952,0.182454212087594,-0.0260035603011596,0.204016191436076,0.0528354698659161,-0.0234308662281857,0.00218030356048483,0.0106488663126513,0.238219677505378,0.033129856981624,0.206869861867392,0.178132672071752,-0.119794764082302,0.319548334247028,0.133954836695869,0.0661808298691207,0.156942071055799,0.192725429748809,0.0054440108056644,0.224183846339142,0.047587507378907,-0.0469326019538723,0.259969550673501,0.251821022957067,0.106316637925002,0.170508783246492,-0.176893093493799,-0.0747597110738491,0.115851237156426,-0.0465257614420974,0.0048771876943203,-0.0060684319983387,0.0926262499934534,0.228023915248849,0.181727768833359,0.403867832649656,0.075877378385089,0.29753823709788,0.0215700937657131,0.200224933303569,0.163413716203882,0.151985844359014,0.0151297533823096,0.09090305040818,0.0903025557201585,0.12742633146357,0.23226663152186,-0.0749944180825004,0.12859791173104,-0.123567394932298,0.123335745356527,0.249577748559172,0.229081979303909,0.289953801328986,-0.059293020984422,0.130897544165708,-0.105532938794022,0.196344514218355,-0.159275529007907,0.0580443473661485,0.14412370003496,-0.0483398166446157,-0.0216757017278579,0.0694596643179928,-0.0504047993322072,-0.0218070188836538,0.229812100166405,0.150814172218245,0.0952069450650471,0.118346837696402,-0.038596189528118,-0.0243060383156958,0.00286272579880155,0.103732566274153,0.0197290516885178,0.372387105342227,0.167691282497551,0.185420585357998,0.0336932453196636,0.0516456190017857,0.0436793003014514,0.0463487432371363,0.0811432306028255,-0.0505691252645195,0.231825413219197,-0.0579240350601019,0.0286290622619827,0.00969770057855357,-0.00145343339255021,0.103522083509754,0.0776391057461917,-0.0984977298272944,0.167380212604575,0.112085561300392,0.215329787087756,-0.0377546561907224,0.039058110379509,0.0657061601188131,0.125873036267518,0.155086911986009,0.096507439210392,0.0200198479987092,-0.0403444397866694,0.163838358860482,0.289681617850349,0.105562788317562,0.0239337186790973,-0.116806270494811,-0.016964030775307,0.141064422143714,-0.0132591373084769,-0.0474798198302806,0.0824535028953393,-0.07821955171723,0.101235082149124,0.0714703296068492,0.0349287822761649,-0.0709058500558608,-0.0530440875947273,-0.106691920866033,-0.0731554024287449,0.0346544996423711,0.224346736955339,-0.0278260166702562,0.186120879298224,0.296711015459553,-0.144564241131256,0.0456819218132582,0.0582894156128652,0.256849931520213,0.0142740625509762,0.245549499077255,0.166851477274024,0.258503805173536,0.112198914356582,-0.0790851382730117,0.0239142363319107,-0.016902257384863,0.0779819563392902,-0.184404515549485,0.10266645341079,-0.0509763701427225,0.0896595705213341,0.00224650404875767,0.0314151990116413,NA,0.145405306155135,0.10035564983476,0.131747360024284,0.348484889167875,-0.0462227652985704,-0.0847945536828836
"ROI62",-0.157037404063135,0.478343281462323,0.104228329660654,0.305312402956117,0.0770510463958982,0.443771637554159,0.203656669268997,0.222318849926628,0.179832593004903,0.47502289935769,0.0979498224825645,0.146682123302265,-0.0897256638747872,0.0208497261832602,0.370653814939662,0.247391739775695,0.127327400460701,0.357547060143502,0.271341298413447,-0.204525319557439,0.443331537925329,0.548050976442193,0.357405195803779,0.615445151439736,-0.0226123246043557,0.404747060161593,0.0886092645450411,0.353613307457265,0.0969552195288467,0.171978261929023,0.0164942966095868,0.305783726209977,0.751944068891268,0.390288264827453,0.532740360403435,0.304925100375805,0.133203572845882,0.281183055047545,0.0968633105268389,0.374233533642341,0.0234277865619577,0.235710879530253,0.00305216942983874,0.683505523347258,0.369217047197885,0.435773980987162,0.339931274642751,0.307692985878549,0.161094445601161,0.352128056215576,0.562332872844513,0.00674574502920998,0.338408923204443,0.398475430487116,0.212910928623588,0.318219545493919,0.137053848502347,0.208232745210461,-0.0529110933686858,0.175690652654919,0.0910134676136505,1,0.101897605674039,-0.00718126333028675,0.316260152672561,0.243451463252519,-0.0674424366832536,0.184089001710004,0.486868597621647,0.121363856959765,0.257779584046054,0.600461719930823,0.126397074964536,0.493207507720419,0.494246410930805,0.00262974592713286,0.459579522350485,0.479778422065392,0.16093571792048,0.0654689755208771,0.383589471295036,-0.0988265917111706,0.0384679442914279,0.453502360323914,0.105419614700041,0.32924964702361,0.49121651646866,-0.153261476179182,0.418337966808668,0.179149728141375,0.0566029343667284,0.287209965960837,0.205474258270123,0.605997024860588,0.224545399648836,0.368118008365447,0.24443135052793,0.122798691170957,0.203222861459544,0.203516098462013,0.00182028702083374,0.482617675712269,0.366036887342875,0.233837363012723,0.364309336473649,0.312590733544681,0.566871893450836,0.323688849063724,0.217578613466499,0.224955315149444,0.160993231001356,0.319979567345801,0.180398682682009,0.236974319185962,0.326867284959226,-0.0255634025731882,0.282051746536309,0.235037386798333,0.370659067382436,0.32119712342095,0.134741464121655,0.709047858702402,0.498837334717496,0.222680844898179,0.454576044467093,0.233922196089133,0.2950149830194,0.0160032360752301,0.241223117994111,0.157362672373208,0.474547146595135,0.241793501792916,0.238804919112157,0.0482692456006652,0.37672952267523,0.373718798367894,0.164688368209454,0.251626470794632,0.153319476859655,0.0444540617985936,-0.00127369914444447,-0.0487627258555817,0.0701408789175649,0.181072691789203,0.52810405744167,0.225451410351379,0.407123576400709,0.310490996653584,0.0785162772567728,0.177935370143589,0.355277602869546,0.396599559305953,0.270333859104049,0.447626803994782,0.172338269873738,0.337706063130382,0.245227121189677,0.058337205802212,0.0621400560154444,0.335091369842721,0.174804595683146,0.179244175329277,0.353551133809678,0.3276275078989,0.284237665932647,0.173299632892522,0.230452483497223,0.158929368934042,0.101753164103933,0.359158109513023,0.419856293698226,0.361785004609619,0.154453881395341,-0.0522213368684594,0.191116355298574,0.087243604978325,0.269149755511545,0.21869679033613,0.328643100300024,0.393209526499889,0.52503719734922,0.569337968327602,0.331476121270963,0.193758169914607,0.277188621369161,0.6000423153934,0.440099061848449,0.428031371059565,0.534549192798158,0.374894735688721,0.331830190273499,0.68593789091318,0.528257794858559,0.596019755456235,0.0318569255965208,-0.0781999750510879,0.408017956048078,0.643247989040426,0.347896991052212,0.377049643120463,0.454008853763813,-0.00591366714284629,0.144761544988832,0.434885114623972,0.258619626757904,0.155098383026035,0.118294459322883,0.372313835010724,0.213122328922142,0.736503105632928,0.181916783409827,0.713615739630594,0.331021300462344,0.231304420125681,0.393662026399089,0.244802011906175,0.413967788723222,0.348042190393772,0.182155838110879,0.203296092387581,0.569741642686434,0.234740633455031,0.366480289223097,0.312326605896104,0.499519389983131,0.54507463739916,0.427701015759308,0.515329550826263,0.567031755052029,0.292037670515428,-0.0726965565181217,0.158484199512263,0.441622730524279,0.609039311575977,0.384831385446538,0.280969949626048,0.318800997618057,0.587715635713228,0.20177794335037,-0.0511675521024134,0.4119583547389,0.153513873076538,0.295065853992077,0.351255339445115,0.176092936238802,0.215111153716858,0.324011510313196,0.564866939176033,0.356496042032763,0.313080981441131,0.383396360828245,0.218459055395174,0.310553958614091,0.326119385060558,0.186232107592221,0.0173179187711486,0.173871640638067,0.463453187718905,0.5666059660759,-0.00668068746878761,0.219862592141141,0.36535618531967,0.0375122141511389,0.390327360548699,0.284639935983619,0.363656005887565,0.417331153919163,0.272200393015712,0.0104888385070163,0.500450316467481,0.430946581313997,NA,0.176380697575886,0.158992112693234,0.353070868138551,0.000540039604566828,0.104368692296815,0.344521229046086
"ROI63",0.358172693127839,0.327451614544797,0.300978300379107,0.24345993371314,0.359319983587874,0.152352730732612,0.171702605195511,0.273306793889823,0.512318861787967,0.126491549907012,0.406082183798539,0.237661224487906,0.0818222303249055,0.30863777353448,0.215465010141543,0.280662143390942,0.536685377466934,0.118159753257839,0.0922972828728602,0.495640990349875,-0.0428778113844245,0.146190497636805,0.264245740815095,0.101421053052571,-0.0980124632831121,-0.069857221699863,0.392925060697672,0.266501144656488,0.386386407079854,0.155139317618129,-0.0142289626040985,0.355540477518113,0.10335306569235,0.00223165039324153,0.342638046338417,0.475120185923933,0.188609042227445,-0.00437792088391308,0.477347191389934,0.492351172608274,0.262880150499229,0.306829226165946,0.22434637592056,0.0763839759860861,0.294736891259558,0.254645683576065,0.154890014453089,0.244659810086825,0.418498169136953,0.316012237812492,0.221180748470312,0.399579146915314,0.214933505498543,0.154023188612099,0.44637445190926,0.134075319609251,0.306691271515646,0.412162082429434,0.478386055035816,0.484888309478053,-0.0623057585802253,0.101897605674039,1,0.406844855959583,-0.227109012193667,-0.205668481137726,0.328377400662683,-0.00821340434013018,0.120242946690099,0.0704518514637627,0.343868514425607,0.211326596858549,0.180296689539984,0.294153400573241,0.34912968242781,-0.0673833533774874,0.0365943742685487,0.0233758241361673,0.109767049797441,0.422056753643942,0.0820103563505684,0.239463913478458,0.193633197566906,0.0507431205202283,0.35218386289362,0.0687172113656321,0.175864531172544,0.343588240070191,-0.0709399070557021,0.1869025428092,0.335832960929056,0.275760579743013,0.299326861456654,0.280015985633306,0.533736835381415,0.181542634364252,0.101304122977805,0.178196231690018,0.140575471285521,0.514638555530197,0.35834193445853,0.235788198291421,-0.048367011221254,0.148454289856024,0.277800741249658,0.32181132041986,0.400851627601844,0.288635268517262,0.188449342849324,0.0928572601802576,0.329901937149484,0.398998508851409,0.200443926884376,0.00352249914042238,0.390397417148824,0.650982976656497,0.130498864480656,0.378764219384937,-0.0868775375233767,0.410951578222375,0.0400918550190258,0.397090565812614,-0.049073728501803,0.621559738582251,0.392246560120118,0.161257817580518,0.189704931823159,0.0265194082357896,0.16022692089875,0.211258476588153,-0.0474704148221468,0.348473963477806,0.218205788540799,0.190406401283284,0.165677307849596,0.390530682685819,0.238783388583347,0.568087988092749,0.426866160721554,0.266962417894188,0.0800164004273303,-0.085765049670176,0.35066659886372,0.202474749061534,0.118852979407683,0.223246784562538,0.268420024549683,0.164750804397106,0.223553139197947,-0.114281846010725,0.0518554443313262,0.0532024287239774,0.333474152742285,0.087599126064853,0.211732749266324,0.277199408020512,0.272980317833389,0.282700318601572,0.0729553138107739,0.439113024453382,0.350081453837019,0.132350639812744,0.211981528092346,0.207669460365936,0.0496805604320916,0.257236726872999,0.239753887814844,0.21170316042858,0.407635673791607,0.27967422430906,0.023234978123835,0.397831280413523,0.290089222122178,0.0987515819512007,-0.00983257570493364,-0.00106143751762396,0.376214229912193,0.125335726694652,0.252591156088664,0.365777662611204,0.00247757892482462,0.213398354038204,0.201340853172683,0.328977278625776,0.418571177578132,-0.0651443882200637,0.362064638086747,-0.0693135982660271,0.0498824208152272,0.252074718374244,0.425465283148477,-0.0525355103186827,0.151358168637929,0.0423177753086114,0.305727060371912,-0.152148435504011,0.467404963495302,-0.0389956070540457,0.312333953700052,0.228829843881342,0.188409089145644,0.104486184852697,0.277382697889866,0.142908919344798,0.361518591563409,0.316796176961055,0.271270279888546,0.278352747217981,0.365175022906372,0.032008581599542,0.232086711119696,0.0723964497616337,0.379740264356745,0.432461728075997,-0.00917489034702779,0.326350052637311,0.266862536311166,0.251891033201739,0.045083672038079,0.0983120755771267,0.205394818702231,0.425396737373756,0.266278101296159,0.223807800281665,0.150112335127883,0.106163501713837,0.197921345890531,0.00890201403055541,0.226542438346552,0.293635462204664,0.233936690750253,0.427154622384743,0.232240780294486,0.0276895001410943,0.280451952883796,0.291772536177399,0.196440951000691,-0.0665403727642219,0.344621785329303,0.311106669225028,0.199799713957848,0.175952762274103,0.245195398300342,0.129011791950571,0.195127273114811,0.288764992746571,0.437879002087737,0.0700636361208705,0.112173611917995,0.402607731831152,0.169276847281364,0.0607477518996741,0.240252003229654,0.0162579096663258,0.233823221183031,0.351248071082897,0.202957686412762,-0.0864097696637436,0.0488912418747295,0.272157488296706,0.103746799326725,0.284044099713979,-0.152670030180784,0.135538163642987,-0.124343754794277,0.123590650640594,0.0563375343842658,0.260964087381415,0.397613213325657,-0.0197263853292771,-0.100433946720061,NA,0.187524426737218,0.278666346483189,0.273246750813805,0.336814751961203,0.256983664841697,0.162710528987579
"ROI64",0.504688921783609,-0.0235899220804028,0.0657499418192098,0.352620436467133,0.500164684907351,-0.0940956280130977,0.344381364648377,0.5689683338497,0.504398201441627,0.123766184486806,0.247677292924087,0.265957542402496,0.194483810647755,0.27648948245535,0.417127330699331,0.167755726241147,0.578009996371698,0.363873360035964,0.0788103234984528,0.327194256525231,-0.144825235378595,-0.125837054038428,0.246726594301791,-0.194017235155329,0.158844463330549,0.0916547566023595,0.689824705857902,0.404310913510475,0.451128950693242,0.0602409124198997,0.0823878044655025,0.407857375549379,-0.136104710980801,0.214056137334714,0.100660875594571,0.400399266107654,-0.106757192540669,-0.10305143119801,0.40489684420867,0.107999928756708,0.547681881786963,0.322962791395037,0.0760790930003189,0.0922158232063085,0.507547809730296,-0.170686998163066,-0.0675535878416206,0.232949473835064,0.300462123303411,0.371794241729753,0.0711294506674836,0.220310226263426,0.393981579480684,0.0723521904380151,0.505682336799539,0.32113745602468,0.477672332501911,0.392492009951027,0.733815474279955,0.341198383314722,0.0816679583153993,-0.00718126333028675,0.406844855959583,1,-0.289021800039896,-0.256510447148273,0.401804548265667,0.08941096465062,-0.0685835019489018,0.119444228286715,0.56476378973491,-0.150804250715971,-0.0309373064374142,-0.0614817630187978,0.17623506702238,0.0628872209442796,0.00628644834639129,-0.36440489888647,0.0759121149035954,0.476253500257742,-0.184971487886953,0.59016013785495,0.488311096653026,0.253463544401912,0.67663520059745,-0.140783889456398,0.233351498183903,0.550370341363782,0.0573726212841682,0.250521530552014,0.148480249216292,0.185411151583646,0.474396216227508,0.0280087350709085,0.354602807604519,0.0425242378660758,0.34853749866261,0.273687856775427,0.166855316561048,0.435772509690115,0.44287530979562,0.180972109484385,-0.0330709755919297,0.0874854903455788,0.411430242891992,0.316285089368355,0.0183883406049296,0.282546132285392,0.0922612608553982,-0.203821670057431,0.136780128641314,0.310956140909728,0.343602375284023,-0.0473180786574335,0.40153385593539,0.409773559701373,0.448566861232025,0.340222513272591,-0.250976416434747,0.267651162152854,-0.0738906666133599,-0.0151378410406053,-0.145537150790788,0.15855597878705,0.0286217092645927,-0.0796487153912135,0.18764351753924,0.158453210661435,-0.0793084827667354,-0.04857134500361,-0.220110778531757,0.368258649198141,0.31250698707793,0.00732191303492816,-0.00211301024077872,0.333487661195609,0.265029318528852,0.395072531330832,0.521913659301807,0.569913463447743,0.0269436813967475,-0.0312420797755093,0.320545657524654,0.224216767825078,-0.0430958622888941,0.390539745792784,0.0233618624061732,0.47689828023783,0.392020404698554,-0.28823532957741,0.0420527682636143,-0.0865803015815204,0.225169474445228,0.260606449508818,0.0594438780934809,0.332905092121894,0.502938941978469,0.359838328562047,-0.0128099487220393,0.253454594610145,0.314435905992034,0.0362698035368309,0.00429567520830248,0.390230406761312,0.33438731163567,0.522755842998229,0.403819309300419,0.261267422578005,0.36017329007946,0.0422008302954363,-0.0898139679355344,0.634917440236112,0.639833278721984,0.0186417010869757,0.0460644163975167,-0.280037334599137,0.216725363853031,0.131890953180007,0.0768267119719233,0.387460606024598,-0.0310448603485654,0.132411940301461,0.437533372196747,0.234563072696115,0.319938492966208,-0.199106027320043,0.178398279334685,-0.265385489832958,-0.232860455557474,0.262825359108982,0.376972563230922,-0.182363498457877,0.0868054641870967,-0.193256700202036,0.578167972690543,-0.223902676568259,0.287476198309476,-0.04574764673081,0.262854041589468,0.0208228700602169,0.0247079255036973,0.111275909010306,0.651307706373464,-0.0131331658541161,0.46110347377089,0.570676558473279,0.340863615392865,0.289611957924093,0.243944764121102,0.100341452295758,0.139116557019554,-0.0375482172840752,0.312600655666227,0.311388642891314,-0.157932674339321,0.352298237659105,0.280709542032401,0.475703607681276,-0.102416953894114,0.0682200054516894,0.151410390263808,0.393826293726318,0.401568627557386,0.412772345133408,-0.0321242098775749,-0.067590281958067,0.347825450947455,-0.0734610489990828,0.157977975250665,0.397721738224537,0.119338222279277,0.393949253662076,0.170703225665428,0.074125202538065,0.251227393968543,0.0144827594108068,0.433949689161149,-0.160984113087612,0.435991459081051,0.538025790694062,0.294165100469308,0.628552664157948,0.304943268646353,-0.149356463530344,0.502067739298499,0.497993647514569,0.278126671190755,-0.178311831482679,0.0101017806712226,0.140930375206124,0.0685230538251838,0.207294260036482,0.291805165047033,0.39810416360709,0.471457937233217,-0.0481373065083504,0.0213204616815795,-0.249553082803746,0.103745958153139,0.197571929403179,0.188425275771395,0.489488062839806,0.0483982691105814,0.525702609287363,-0.054482365679907,0.141718742849992,-0.105120213158226,0.516493271557492,0.652146498767436,0.195839494392078,-0.211664274949539,NA,0.210465253692034,0.174649650327576,0.246360288683365,0.459477456026448,0.705239503397296,0.380645995810293
"ROI65",-0.137006166149088,0.0717451239701056,-0.439939662887581,0.0613707768813948,0.0366398204057857,0.213425510283157,0.0821755749968433,-0.0577420404712111,-0.137383495051522,-0.0865237759006709,-0.0615537605621936,-0.11031937446424,-0.194936994362872,-0.136346766755611,0.0822049900856711,-0.0668517924156539,-0.299779426505293,0.0275814855588282,-0.0687817909880387,-0.383092159149339,0.290140739112331,0.464342816619472,0.0782742091137508,0.241285875414819,-0.0377381162703157,0.203175166218585,-0.258728617917186,0.125015839164926,-0.199855020076797,-0.0640156278914718,0.0126676540771025,-0.137926254067049,0.278608821842782,0.194716386859056,0.0450931059386552,-0.24854716602256,0.0814879235451304,0.0958588292604135,-0.307732283687571,-0.09133161476783,-0.207169378876728,-0.0184594722761579,-0.0263641339192225,0.319147571819383,-0.132828041074797,0.0608898061856372,0.0603530388613902,-0.0371602921298257,-0.136921757356778,0.140214475107448,0.13365712980052,-0.159301812253566,0.0162286574411371,0.179271419893897,-0.249836940674817,0.176688416676468,-0.0703081132612415,-0.144237582975446,-0.374121311920708,-0.281644179476749,0.0152415581008537,0.316260152672561,-0.227109012193667,-0.289021800039896,1,0.203421685930702,-0.250874054303663,0.117341866499477,0.309804783311958,0.443641616989464,-0.127975168238879,0.252750618955959,-0.122368794160051,0.276013044158075,-0.104968139505323,0.0336108850351842,0.252797667044137,0.373948088574824,-0.0536487389563349,-0.258505134580132,0.423762396739304,-0.274322202183254,-0.0587972767422482,0.129420631458062,-0.120929479362441,0.115596896377899,0.12839296619786,-0.313878808301194,0.306052590624824,-0.0311888545094342,-0.0135034119763248,-0.101644211776333,-0.0203253244392219,-0.0486051395508025,-0.315843814038426,0.147893780691438,-0.0252164948452311,-0.0370082853014276,0.0648643912559928,-0.290896314493227,-0.276758693291985,0.0948342985138386,0.166177658222731,-0.0430085228814099,0.00624788802415116,-0.0653087105324775,0.161804583657133,-0.0262226787412584,-0.108453238457908,0.0646920318844378,-0.233691820596511,-0.0257226087954051,-0.121585122220489,0.144751713564873,-0.0158479664666484,-0.296591120096811,-0.060010568115202,-0.181595564312121,0.819352600031013,-0.0572621727652375,0.134202310764199,0.0799944793892579,0.465131043859743,-0.125060952577819,-0.028716175729856,0.0351511189527065,-0.0185022989282003,0.0826131171730965,0.0968915971587655,-0.0608266140406284,0.395663692438419,-0.0705837900581067,0.196530304353005,-0.0312993529269052,0.0268852041948675,-0.158890563146362,-0.169219171053585,-0.219328091885055,-0.107342358621345,-0.29962422627768,-0.0417721323423357,0.016482836095062,-0.279371482754895,-0.0420383293645023,0.149701652038343,-0.151352142544907,-0.0264447197718443,-0.0114447310050374,-0.130100252619125,0.218527111187445,0.113036172427082,0.108356260674029,0.0253870961660715,0.131646514074119,0.0399054015080159,-0.0208307886519117,-0.0787164683482086,-0.0248562173745661,-0.209731163208084,-0.150805283914121,-0.0894039952231928,-0.075036072755656,0.0742433175438651,-0.0519911828075375,0.06506599893324,-0.138387749323654,0.0602913696921266,0.0474965054783139,-0.259828986802133,-0.189431161361232,0.266821802432217,-0.086477046365741,-0.147716982175437,-0.016348890367541,0.0148608208239342,0.0939052536528287,-0.0822061036739461,-0.007998393869894,-0.0936957562401485,-0.104712954732199,0.399877808161708,0.0652121408690041,0.0412443849255342,-0.117183108676334,-0.111314862068734,0.359405163128835,-0.0306093374824879,0.250801372515978,0.204891036111074,0.0339872285019445,-0.0984568290306967,0.369082827025514,-0.0701635503839603,0.174144646918738,-0.186632142870142,0.0283654925024995,0.0147066617330283,0.369207182848197,0.108364961007101,-0.121202077763318,-0.0796903068757503,-0.171530455553043,-0.145608922829576,0.132710358928936,-0.12475782042714,-0.115133914119858,0.0251994633677648,-0.0222315859889937,-0.246578844766588,0.275665663401544,-0.173468899121689,0.303950762119906,0.09088072137727,-0.220895639660867,0.161444609674979,-0.172423603573851,0.00477050148460724,0.0694823859338649,0.0367227156484419,0.0315330630710213,-0.0414830487966634,-0.155187094260942,-0.11345002411368,-0.0579316984685328,0.185467297771535,0.200611054038191,0.0723274279224963,0.313399075469826,0.0814762034447568,-0.137148525270036,-0.220550112797844,-0.212592124813416,0.0180160607179925,0.322348621214544,-0.00853566489075856,-0.0125564374613801,-0.0280128908687405,0.361924672174666,-0.11722806951489,-0.281009614915863,-0.0750800620503217,0.00332780087339303,0.0119017476106423,0.228805791340831,-0.131464468153836,-0.143481068945461,-0.086218654049931,0.255169174499869,0.0783711038928714,-0.0600938080813309,0.137618782246232,0.0547614615389281,0.0493307827286978,0.157783529385094,-0.0517743285642224,-0.102414516171973,-0.0103975551716495,0.19751909098916,0.0605182968713969,-0.0400869112089345,-0.0921065028107552,-0.0108616935438943,0.0433636404429277,0.182936970675843,0.439777811533478,0.0619852147807027,0.146938096763296,0.00928301226625997,-0.245414029015724,0.16739425040315,0.68884572279148,NA,0.0346703744465096,-0.579234994894658,-0.0793554349088894,-0.295761084378406,-0.0772697468660613,-0.0572476385526744
"ROI66",-0.201063418462523,0.333949768961768,0.0799185867684303,-0.164184858789465,-0.203644814555087,0.241402482877916,-0.158044100680525,-0.153585029969984,0.0159141950979699,0.225522283827948,0.0749008189420444,0.250175020537989,-0.0371203991803601,0.0733996750199129,0.0213370203879304,0.272713945950979,-0.214787974524929,-0.0405857439485077,0.152210944112532,-0.0790227340332719,0.431392401709847,0.188816638617071,-0.159208161900436,0.412428867094852,0.0070091259533312,0.0117062181620252,-0.126123803509462,-0.109839558107231,-0.28874756004604,0.0141205513019924,0.148367577040492,-0.0329504107806458,0.31191539947356,0.0463046922581397,0.122549133215742,-0.0457116821676611,0.211587044563779,0.353860921107337,-0.134037727187251,0.184252766895109,-0.0416336678184425,-0.209239640813308,-0.000971036813825552,0.166673335582998,-0.100561867457671,0.354625075796257,0.308860921510187,0.000517996982470411,0.0319867920436451,-0.0771656709302675,0.172006421981531,-0.0639041530744856,-0.025314129564186,0.214726079234099,-0.0594552152375855,0.0989903554414956,-0.208069090855965,-0.198066054951236,-0.195403638939414,-0.0488147982318649,0.343573162795125,0.243451463252519,-0.205668481137726,-0.256510447148273,0.203421685930702,1,0.0854855157855735,0.0934708312964277,0.304822354928863,-0.0382110638412002,-0.0722788464304205,0.41794802587199,0.343358759885437,0.146292267491838,0.167175747052002,0.0839958984783973,-0.0709050974899755,0.313993679822689,0.174938212157548,-0.367177007131039,0.35606500617125,-0.127503852341794,-0.097764482104566,0.0852654496556914,-0.297701078821597,0.327239796260299,0.0358434597383663,-0.0425556633447634,-0.0275145566492927,-0.0151409512159442,-0.0197256157253374,0.226581619993885,-0.0504095797613769,0.392959275019225,0.0493623539412031,0.0954744327801106,0.152889053850289,-0.108543175364022,-0.104879724527815,0.0256004340475419,0.157064099800037,0.0252654747041514,0.174488232456106,0.311128890003207,-0.039689733862799,-0.106987212922662,0.264977121240965,0.0616604459062882,0.147862036124624,0.383127932905102,0.092978574817543,-0.204845855823457,-0.0585479915159271,0.0994997068283605,0.0499262852870765,-0.26138326375859,0.0234688387434875,-0.00123876125037497,0.280129140139261,-0.0555716827437572,0.0393949518176475,0.194310445444516,0.267509456527892,-0.00550462197661432,0.259333379459389,0.262905440240735,-0.101243403698426,0.092502669116456,0.1081303985709,0.280987506678398,0.335809516752419,-0.0420271974913881,-0.066695068610264,0.0660462590683529,0.376173266269905,-0.13237809109153,0.130683546739927,0.0829251524725767,-0.160846213097628,0.0274294138737837,0.0664449322110493,0.0232899631633432,-0.0186702146485768,-0.00791337243398862,0.13279050320772,0.109967635741973,0.189440522180212,0.0355600246393696,0.000642628466510472,0.375052449305566,0.0771523105233755,0.275284324987264,-0.0826565457300665,0.0524182106740829,0.111708642097874,-0.127546611063892,-0.132400625466748,-0.0159569460529977,0.0831911372426439,0.128811062950605,-0.0784470713083077,0.302696188800315,0.0794763075912094,0.237022744324597,0.0381882980449386,-0.0046272873355545,0.039886418727816,0.161387947303814,-0.124441260370676,0.180407885438472,0.303311429391511,-0.160627588071385,-0.10128677825863,-0.142420165378244,0.0840140173030861,-0.144356321207901,0.0778738832969558,0.0189534421631983,0.156611270055762,0.173587880502136,0.142024176846341,0.226456389959218,-0.0360246878534384,0.125702523094809,-0.22406966936714,0.385655140639456,0.120884581397369,0.186850062615121,0.183301673993121,0.0954225404787603,-0.0837911746892077,0.296355127027799,0.233000660657722,0.42590768158083,-0.204262203580175,0.0953104411973477,-0.0713205182494996,0.0414909372217007,-0.158374400613924,0.201141813613704,0.252034566048891,0.049101819844528,-0.0936839698401008,0.33361380373092,-0.101648706096309,-0.178201734149692,-0.193697418990669,-0.0619397891127754,-0.10776355227498,0.109812995844688,0.134483588811724,0.180822689241142,-0.146509171617202,-0.0587190890525521,0.0964233515597947,-0.0438333164769921,0.0328050366968416,-0.0571914683410352,0.128830866688273,0.0779184908021712,0.279921793061967,-0.171405568318983,0.0359523512614304,0.0373867802443506,0.313725237108276,0.409061571777297,0.0184342844234484,0.204965936123657,0.00270523072222272,0.154303561908834,0.0425738891528883,-0.101141439714908,0.0293316215165495,0.0429632260399111,-0.188552995698174,0.166619190854639,-0.111565945432377,0.259112499020007,0.0474498996192938,-0.343034697952526,0.0430748953657224,-0.114267863855338,0.0575178393622848,-0.0848982662584956,-0.14863131085653,-0.0777871359184857,-0.0932076912759373,0.25702028986358,0.371969035712255,0.0299500149567889,0.382448818099523,0.0834489268608644,-0.042425560756725,0.00281829091982892,-0.0363395420382531,0.276787281185479,0.0576273087031396,0.524690376044352,0.27660979832172,0.0503483766948017,0.0184606554644347,-0.0223179362096395,0.0264579596079347,-0.0302069927789143,0.115001069376156,-0.125527212173325,0.339083540813217,-0.0840566657794496,-0.134195345252469,0.033864565408046,0.28688419970382,NA,-0.00729140037257651,0.144036835037726,0.105240677976501,-0.018025098598438,-0.210732160632287,-0.0471954595898834
"ROI67",0.207590887022683,0.0872467092757457,0.211897907674201,-0.155503682545197,0.17043241019333,0.32097662574665,-0.16670561398489,0.267842261386267,0.356018088497896,0.0623446058891684,0.418512302439334,0.205351142203513,0.0326212442219734,0.286490640401231,0.0965306795119619,0.563316866530145,0.35820809917741,0.0290218684444627,0.201081612289797,0.538135751774662,0.0255784325014332,0.0487072653302461,0.0247278175729771,-0.0532430477280611,0.295286081314354,-0.138468937798039,0.530050516346255,-0.0521324977983219,0.0279993010327211,0.0610171157065445,0.167702256768882,0.012936801409738,0.0378334455012465,-0.193788035064967,0.134900415286755,0.271931736675691,0.169710270211048,-0.110496740667352,0.246821638841675,0.192273047382128,0.415572911302488,0.15088919561544,0.20091508004463,-0.0459173656286675,0.104108506879671,0.204016726673338,0.336732556658674,-0.0131539768425838,0.229161491955046,-0.0145670002447669,0.0883820763383746,0.519201395063376,0.103262514365598,0.345646415579905,0.383597882726813,0.128948200622808,0.156442783807417,0.258333726692056,0.494303536804899,0.269469081311072,0.30587701379519,-0.0674424366832536,0.328377400662683,0.401804548265667,-0.250874054303663,0.0854855157855735,1,0.100845414303436,-0.00347975041651327,-0.0412285937520895,0.336949465031228,0.0655491707664741,0.227674055287524,0.199148305676998,0.199911273954915,0.00775106144051206,-0.104130119067872,-0.218257802102283,0.0426792745624471,0.0629086379037534,0.122604364529168,0.607394236399017,0.375889242473026,0.0265898300405542,0.168630986942693,0.00227872048855011,0.169149125511567,0.725280926138384,-0.150989440227821,0.228935357928129,0.227769781985434,0.541745056369353,0.143446657506359,0.335941818028866,0.38691243305722,-0.0397135740912614,0.167939546627519,0.205185524854822,0.195832852272708,0.622226317752407,0.636583244641117,-0.0104010803493853,-0.148119700302196,0.195602760227007,-0.0300117671852324,0.0380247838135087,0.184814962900165,0.025071651646509,0.310283046498402,-0.00747344440986332,0.315648298372461,0.0648905887862586,0.0263444668968474,0.134233920933748,0.295364043790529,0.172774357640158,0.171342548684618,0.339027787460992,-0.0892837112271644,0.101682417989507,0.0706851102870067,0.0635974332388395,-0.0802119297430356,0.125160056933156,0.370027767559035,0.0367800761070165,0.0563374452777066,0.363080130398466,0.15180355417205,0.0331745941713242,-0.0303835329497414,0.158233149229821,0.176202452344565,0.294914343068223,0.233691556593902,0.15864642084972,0.413994543671008,0.508202049125672,0.0228816938249142,0.613870987678006,0.2034145594967,-0.0497086733070869,0.306587626216365,0.207289310850839,-0.248767992156356,0.375114165759087,-0.000780744502616292,0.0786612406766407,0.487265229742509,-0.0771325631426858,0.0440568450855548,0.193941727709288,0.0186637550390495,-0.0856626125933546,0.204345436169327,0.0512670984836979,0.151404623094626,0.154345444430076,0.226944600799171,0.413015442453975,0.421669211121197,0.363208009932625,0.146663254900768,0.405258315477772,0.0168254464816253,0.37201277909361,0.302608584654278,0.119943482111011,0.228382276447583,0.131623739972893,-0.10824761708844,0.255321399064784,0.523861356230119,-0.0443751234276958,0.0595210319858113,-0.283071696541534,0.152784788878927,0.103416536799534,0.271536531149551,0.420342321073299,-0.190571424771142,0.097580223431535,0.101889417798252,0.193250165015505,0.0238539688584712,-0.192919630689516,0.102501843516099,-0.137526752499021,-0.217869882036606,0.0985380010565397,0.156926482672337,-0.277837905669764,0.207206176310652,-0.0122742827625468,0.399505702244685,-0.0759087834675474,-0.040346476311025,-0.188783866582692,0.0643607403345557,0.119302625829089,0.114917481868135,0.29498311408354,0.308159665758573,0.268081208668884,0.128529543853583,0.200790887392934,0.295038890708797,0.028585336959722,0.218557581613576,-0.145607926780418,0.215583404251371,-0.210174394965407,0.116637769899901,0.144876496582764,-0.136430523103156,0.331112882950728,-0.0160540951672745,0.175982833019407,0.0541658950523411,0.0426404116698832,0.226588391860717,0.17169652268989,0.186250716138267,0.226104152334294,0.130047391088487,-0.0214233178557558,-0.0118364713457774,-0.325054834328709,-0.0662254893122118,0.437781304883029,0.282833476152438,0.294001346471095,0.102766509346918,-0.221760796087275,-0.0235347707034486,0.0685828934094616,0.168777220258714,-0.134150331055527,0.29364388945827,0.220124067899507,0.195739835547406,0.214472472437848,0.129116335924562,-0.140282894146526,0.206759690671548,0.21685016790518,0.0329403925677185,-0.223776121054977,0.275262178584492,0.0893000979106256,0.159798943734158,0.161126941835489,-0.132997598667663,0.0177615614838037,0.230534023321983,0.285007772304639,0.0873715235055548,0.0617381271875151,0.100107035294996,0.410531681124925,0.0970493459770777,0.0124444525823264,0.0568688620074222,0.117912270955963,-0.153670865280751,-0.0993162368559259,-0.0797100249530184,0.155108243608291,0.550047836052181,-0.125630936544492,-0.0838106089513814,NA,0.315075884563306,0.306508047684489,0.174867128483722,0.777724616689342,0.176966530464521,-0.0025182993450741
"ROI68",0.0806373853064821,-0.0140145113437504,-0.0273675299557337,0.0914896859942351,0.137797231883668,0.010361609391567,0.151806936100299,0.214678597834776,0.118074374659968,-0.037746718030231,0.100810056040884,0.137230840273284,0.206505145310239,0.193973757580914,0.0527480016564458,0.102450125443366,0.0167515169923661,0.00915977628864077,0.0579412206228078,0.0417032609612088,0.147105145002184,-0.0143137959858726,0.13328409895573,0.0848563708643896,0.0177931014751298,0.0265427937234612,0.0114114406103018,0.104976539616214,-0.00192795568951089,0.359262737706161,0.129596181711009,0.156009704007066,0.0255254742771147,0.0896395244406401,-0.000485328827957456,0.0229977812231435,0.0391386158458286,-0.0116639520500078,-0.016597848834238,0.0068299547277036,0.0788997583907604,-0.0193821874517064,0.110140506591284,0.122714446128063,0.18401359247323,-0.0383795118291441,0.0487721544689226,0.0139415704973176,0.0370217757486321,0.0541492699943875,0.122609548597636,-0.0186528675525993,0.14259226392401,-0.0214322568124223,0.0401379805641996,0.0322083625455716,0.252030678789351,0.247953209653784,-0.0179761846298133,0.128921601825835,0.229532997161372,0.184089001710004,-0.00821340434013018,0.08941096465062,0.117341866499477,0.0934708312964277,0.100845414303436,1,0.0372173850514427,0.0537478419899065,0.0307766145593776,0.105079703834213,0.0138372717274604,0.0841275572336571,0.0503757098438352,0.0534971900663459,0.0569502274206352,-0.0148589497005291,0.0929167604766536,0.0526535502924588,-0.0236139224758766,0.0970387549419172,0.0980008911665851,0.105061915039921,0.154734215304547,-0.0886633907068676,0.0967683883790811,0.139787651917961,0.12880998607553,0.0557989305697131,0.0530979310746503,0.0966694886599114,-0.0209640761469508,0.00335749917176834,0.0611662925362014,0.0525486707616267,0.357297425391426,0.196808848342705,0.234688400285345,0.0472809996113475,0.0446604661409401,0.0395279749834561,0.11036464382007,0.284928397553451,0.160645807984512,0.0577446124451955,0.0831070843923979,0.0891521622019642,0.0801301612168623,-0.0552343367306339,0.00742361891546502,0.0871968079061299,0.29238554814361,0.19803644344086,0.0856795235731704,0.0491614531096697,0.191191965569259,0.0700357291951862,0.0512911800269551,0.131728974986469,0.201104922391273,0.0697669258000766,0.0497558648501669,0.0296198680519601,0.0569252909540148,-0.0583787758123954,0.0453048594418452,0.164671178183876,-0.0823389496270999,0.0182950164613675,0.0179219656817199,-0.0273689819025643,0.202454409896569,-0.0479671862698232,0.051451588996751,0.0447188424604422,0.0586059841316013,0.0191781980210356,-0.0354062170472546,0.161667044995079,0.145311437456452,0.0215001388153972,0.0543489694347798,0.413413529810454,0.0561045167426326,0.123223767495154,-0.0177802667433991,0.25355810557704,0.115800824956861,0.0566115352674068,0.281711086203945,0.0286990034416714,0.204314446222261,0.0874729484062874,0.143162536253894,0.0302663731575398,0.19904029402436,0.131939452818147,-0.186604299766745,0.0740730050288297,-0.0116021452544214,-0.00669357091978152,-0.0106788031728581,0.206653993905092,0.207757419929302,0.226091628580378,0.281024394139283,0.226886436941984,-0.0446184329727432,0.0915546326332433,0.0983657219121135,0.101654499990271,0.018954827043279,0.00567479441501363,0.638954149905402,-0.0349819858571391,-0.000935446924471462,0.340591149176529,-0.00671531074311026,0.0343409865618411,0.0363577745034313,0.0842530631335371,0.0399305153220354,0.205656105817489,0.017943875480479,0.140293193225363,0.0132557932109403,-0.0194389765579079,0.0418709204964871,0.00844559024335151,0.10785676663518,0.135259668258021,0.00329464672704628,0.0700728646162821,0.0517846004172888,0.0604197234987066,0.0401580959139082,0.1179958433812,0.171553424862245,0.0668597589598584,-0.0259933384546894,0.0750047859734829,0.108878727864957,0.0815756570163816,0.174037831778728,0.0672757896875626,0.174388707288534,0.0396745126045089,0.0540878718553955,0.159406545457895,0.207244148517833,0.0964409056258779,0.0907865900918632,-0.0215547697582697,0.0259288750971239,0.030002801598361,0.219613500832912,0.0620499015280973,-0.124662785290451,0.210873616035655,0.0712521590037995,0.0768079055914831,0.120532747187683,0.0822290108342865,0.0943138055301906,0.101273209845396,0.16698815215074,0.128753250944109,0.0382240918240722,0.0967907971541951,0.107460927234542,0.0609269588729924,0.049040403364136,0.0926054592096711,0.148992851088262,0.0178184201558245,0.155322942050894,0.069408944886665,0.0552292626849804,0.0648984289917532,0.0478003979350393,0.244953868957451,0.133501788552222,0.0396970705073016,-0.000877868144337082,-0.0211674778905647,0.0272780177497745,0.0706011161623068,0.0857039676506252,0.0210528174396167,0.0200407441821053,0.198088536327094,0.154384533833496,0.226605360066488,0.169278192537472,0.0349256780655356,0.221462050497692,0.0884401930657146,0.224808623762816,0.0309169700679046,0.295734643112534,0.200659157912021,0.0603748697215039,0.186714779868408,0.0973369698600862,0.127827902849676,0.0440138746123439,0.0626437444995988,-0.0213095151790089,0.205713336559353,0.0380040771575404,NA,0.0785365285936901,0.00507764266275799,0.0543157772090937,0.0514528442716227,0.12635313866164,0.0555544171963477
"ROI69",-0.141899055475988,0.552998188808248,0.28968523738131,0.0911965138347727,0.0606577506905962,0.392337787503853,0.0803699956904983,-0.0168108509918265,0.135987041528306,0.25500047104993,0.208457126319583,0.076468333002292,-0.076957972922534,0.0808509856328917,0.251280022176399,0.282800057734771,0.002426649699703,0.216445739740953,0.148480093976596,-0.122929479511198,0.546875874720304,0.29773404163356,0.0800465853246008,0.606924099430656,-0.0600376560650274,0.213600139783574,0.0546233848233947,0.19028126581119,0.00711650881981188,0.160178942593165,-0.00221315809172086,0.117693315146183,0.384043308562821,0.259998578444814,0.246643628965162,0.122474418387448,0.493671160260366,0.168630905181919,0.0039348927790644,0.355175763582075,-0.0250248539393317,0.117446725576527,0.182530841157431,0.359762240290185,0.089781307876514,0.49993695510656,0.35559676873664,0.260518353878287,0.089409230128352,0.236043023099667,0.406208116306064,0.105787265285867,0.12463958485026,0.635335379555874,0.152761532726361,0.269039695885156,-0.00135161862649619,0.109738655761951,-0.136018900318455,0.127156520483336,0.0956247607169621,0.486868597621647,0.120242946690099,-0.0685835019489018,0.309804783311958,0.304822354928863,-0.00347975041651327,0.0372173850514427,1,-0.0397111516762678,0.222269903959171,0.563419249164194,0.0329600683667461,0.351974624927118,0.296102395547976,-0.0848176277200173,0.244463023396112,0.414036259645652,0.216575844132357,-0.0118431597957264,0.713127713206466,-0.124608310053348,-0.144539007636708,0.24702092316485,-0.0460325088192783,0.192357926438385,0.109550387435246,-0.076350876242825,0.1618188201114,-0.0341854880240524,0.458181926373313,0.347037188266627,0.167812957096058,0.427673606402728,0.0475346235751147,0.18160670103415,0.126827811838941,0.0536495687625885,0.0571903678783465,0.0466565825008088,0.196193338179669,0.19064677725757,0.461505366383622,0.134909376350808,0.157852644788703,0.090003745810793,0.390207700639913,0.141706622230284,0.0903106518022525,0.165224011210474,0.0791721094831827,0.126820070779419,0.0948532097922206,0.234333036406167,0.197838990436912,-0.0057510403323875,0.0247208216177142,0.258323225889007,0.432919699241977,0.202047597950837,0.1293297029359,0.438152506641827,0.35763697090108,0.320285774005124,0.371098337599496,0.17602270253282,0.0124293401813419,0.00571213418005599,0.109341959674404,0.211691284582262,0.636223956616377,0.19416495030754,0.12658379358158,0.00147185018794294,0.43070936128153,0.128939782667623,0.456375925167091,0.349369627408043,0.089816568311519,0.0668885129387272,0.0650492626643875,-0.0997792096723038,0.0250841271697357,0.192871165944233,0.379517194077642,0.164820999686713,0.234682964149161,0.0805905659070903,-0.041089654689135,0.133969414206738,0.360405674989831,0.420067684531097,0.107638957682431,0.263464292863851,0.28443769570786,0.128483210153017,0.0640714951082448,0.0424162145319731,-0.111708110643921,0.219883460452009,0.294602609722431,0.0610596289354557,0.295682280068422,0.413982224924497,0.0495594677318189,0.0201992867540285,0.21183946380226,0.158444200515021,0.0891497070661835,0.281194474425613,0.560835566282425,0.141404969759231,0.0103499831137902,-0.0873442364254381,0.0603001908109874,0.0946258756954825,0.148570754415423,0.15755964162724,0.167407750983063,0.480024976957782,0.302770448964005,0.684169578819352,0.219525337167584,0.15530812619515,0.100311565587242,0.623001348873184,0.346896400086664,0.303383934980637,0.43917687277422,0.320965717009058,0.220179507650502,0.539573418156563,0.286083654035839,0.46124781882275,-0.0479637846917368,0.100186442162961,0.276384062706127,0.328816503192203,0.168113559774951,0.4487935609823,0.208498700835932,-0.12748069976664,-0.0098689706739067,0.433159022030222,0.0747911894680789,0.0372683509339448,0.0178700001429236,0.159722822846033,-0.0500839302353749,0.383758881664046,0.129194198026581,0.403648413536604,0.112265800637945,0.137681290927241,0.332428220938996,0.257672918562671,0.249089365751784,0.178619494603207,0.0197304241466433,0.268177964872703,0.29424104227367,0.0573446441806524,0.195284984122486,0.195095832662714,0.642311114734311,0.461286135554453,0.205256135125518,0.584684075824839,0.224799828291345,0.210359660928976,-0.0412752130344961,0.0518356581405512,0.283177065355861,0.421039218068039,0.12295576969874,0.089077511992783,0.0841721330810581,0.329941642721455,0.187997207779779,-0.0658611029092231,0.131613202595495,0.0269880989241128,0.17007387338125,0.21389555699303,0.00668654614840609,0.130403316743154,0.151911355335017,0.572950500775046,0.3960257033076,0.226213323529411,0.392549290712232,0.171087649946103,0.0983082988122615,0.106796928375216,0.104909762081546,0.0585120969132058,0.181415227168868,0.532121922490297,0.42255383446883,0.165411980111276,0.204819361965892,0.192697717086779,0.0499169333150225,0.175447709459788,0.0302890185706762,0.118926154121374,0.601003128253962,0.153945929300949,-0.0517381066397073,0.208535851004044,0.484890816407113,NA,0.156155678280491,0.252325635282363,0.271008135758496,-0.0447700578595768,-0.0486203772931959,0.178421187999756
"ROI70",0.219893429915822,-0.0369553450906817,-0.391018925806671,0.204029528954695,0.16722585821013,0.0705166655941895,0.130346332641601,0.249292299545032,0.107352009003029,0.207130089898791,0.088508986881766,0.0908132179861671,-0.0517794792754809,0.102914585252817,0.190729444266913,-0.0108505306326751,0.018277562560771,0.043558838056207,0.0585742024655169,0.000935911752472896,-0.0781039390689498,0.277392503316462,0.184764783157365,-0.086813943383849,0.0686754407317435,0.356075554793171,0.13146672860443,0.19459228880493,0.12270281355368,-0.0336470352674532,0.0538019774855484,-0.0387121223178156,0.100265088526256,0.186020795132536,0.16721376156417,0.0823818188609233,-0.120172383100817,0.0366906838110846,0.0911856437772129,-0.00500480862638878,0.0963751009629317,0.156678839538784,0.0405089049544999,0.129954667264665,0.0606315469629519,-0.0876854534381215,-0.0591657111816974,0.058608444455084,0.0693476909704384,0.251004455709397,0.133855647721838,0.0125824467436963,0.20356161775476,0.0100734299907285,0.0506531639829458,0.172348575979597,0.148305295175781,0.111273298384324,0.0937409697240191,0.0155102088447811,0.0543917431702914,0.121363856959765,0.0704518514637627,0.119444228286715,0.443641616989464,-0.0382110638412002,-0.0412285937520895,0.0537478419899065,-0.0397111516762678,1,0.0843912891636187,0.01391595569356,-2.46179479143145e-05,0.283148387432541,-0.0336029046847763,0.0883267770815424,0.0351052015520895,0.114917958196841,-0.0974989629125518,0.0820481357033758,0.0508291981975625,0.0873836357217423,0.186878802720794,0.0838294810288631,0.238131995502962,0.0839620953371337,0.20327991287876,0.0216082439189155,0.350641801617208,0.0576575001517831,-0.0908061445094053,-0.144920182588791,0.159561983651561,-0.0716629262496131,0.0940990150984245,0.263479867725844,0.102178217318895,0.195635822415475,0.127404021526406,0.0281688436340972,-0.0607265467296762,0.241887326867364,0.129152255197377,0.0805267152350638,0.079555119183383,0.149952240094392,0.031210319856168,0.225540996738241,0.117356035377707,0.0553591816688398,0.0909851780990739,0.295897606568989,0.0582291064087653,0.0760228761931145,0.151982817769825,0.0994930161931245,0.234167406754615,-0.0049712712217626,0.384010723018468,0.139219466474794,0.0956923655230789,0.00300963575171332,0.288937004146249,-0.0663770387356979,-0.013116700478929,0.103135148654001,0.130159495073785,0.232616328960768,0.0908311557010809,-0.00789581844282564,0.0625243899813236,0.146550407716823,0.379595632489952,0.166419310279136,-0.079086391447878,0.11931418433868,-0.0715951612354318,-0.036115262008824,0.0483148559918753,0.0759521360507368,-0.101435163192174,0.038643458436627,0.0405282198792896,0.0745513409080026,0.0976159888573412,0.110440468900949,0.0191118320520715,0.143181940095218,0.223179520889398,0.0793632574608791,0.0434404840250282,-0.00592610290448848,0.153867477323988,0.103677917774879,0.0262897884771653,0.12478988273781,0.230895772029131,0.182842418389018,0.100787941137344,0.110942655292856,0.101548612195831,-0.0403207564250872,0.185903412135343,0.147755237170795,0.143284873197748,0.220251151156494,0.223031468942252,0.179690025519878,-0.0138460884426592,-0.118911634109429,-0.0553418916094853,0.291377367682125,0.18405218730393,0.0982237840259139,-0.00633320869428597,-0.066267688557564,0.073606447779986,0.105638582359666,0.0960741767236089,0.0874225957154648,0.429753995042544,-0.0280744354339598,0.137234533076564,0.0938634691493992,0.0747658359934543,-0.0598753098512875,0.0532068525565594,-0.00182176011727276,0.0907188378999066,0.104445802562153,0.0985404313164722,0.0204554396878337,0.0354607096237874,-0.0540963328180468,0.103695297191298,-0.159606569260316,0.190388659100672,0.30771069830854,0.180083791008561,-0.192056323198885,-0.00641855036276844,0.0433380635519723,0.275632534623287,-0.0720355858651924,0.173764927875862,0.208545500003506,0.241405202109122,0.129372694141511,0.0897355580811666,0.109718981381353,-0.0603786913944711,0.110510446031798,0.308234139596134,0.0980717424784954,0.067696813881526,0.0691758494928674,0.0934668845702862,0.171663657366834,0.0310193856168673,0.0288593792897633,0.061525781193541,0.0654810889285287,0.0366948315823584,0.133884031927333,-0.0821150473117108,0.0504021551330538,0.129416222296429,0.0894520547800085,0.107915574284274,0.0733143169086407,-0.00378356035145691,0.217545611348256,0.0774626691483092,0.133392136792905,0.0977325965926253,0.0662417184707455,0.188170953545441,0.145937984154947,-0.0465675224234124,0.0990199081766952,-0.00372338733964353,0.258633019589542,0.205663670283154,0.126945474152135,0.0389706829050738,0.0617786898877644,0.0851301932936002,0.0429137092491559,-0.0308892706014895,0.137067031012839,0.0382039955063309,0.0654870264993853,0.124651386172295,0.267834905989212,0.0771923638369585,0.0111682739318683,0.0128663457973705,-0.0849060723144838,0.0726091262905304,0.0474118705124246,-0.119279364726499,0.0975732499239189,-0.0636569911142708,0.271967150907879,0.552978083307218,-0.0304864495607917,-0.0542514030715332,0.132548781119153,0.0740176935321514,0.0170520002918371,0.269208396079725,NA,0.0821874858122095,-0.44567755475753,0.016480665066687,0.0591395075291779,0.179028518480809,0.082395439133415
"ROI71",0.336684026994526,0.0463895965423755,0.169078186715781,0.419306515186512,0.479865555212669,0.0868803822832705,0.336047299408707,0.48279504034471,0.291038975142218,0.246096896602231,0.312288698383867,0.274376522912476,0.151228840418926,0.222323863548867,0.618910531198381,0.185235310923751,0.664132555730201,0.56751827816668,0.121712409754425,0.279289686606263,-0.0188252822635589,0.110459636067293,0.320743775243561,0.0426984811396317,0.0515709564485101,0.151435929362132,0.710791704688032,0.501212358911341,0.443814839244369,0.10050963519883,0.0776941358004131,0.469546587053171,0.142346496318782,0.391511385402724,0.243347619499645,0.44826565547066,0.0592442263934818,-0.00757758966116319,0.380393286707523,0.242873842628755,0.334642923477305,0.395071177143507,0.125260144517313,0.34395347616478,0.509200547877423,0.0451084694558593,0.103151231104364,0.333555097080403,0.323277437733637,0.546856267574091,0.244881226888585,0.355281309648303,0.421953318023628,0.310159468925459,0.700714264961017,0.492814871084315,0.340062219447328,0.457506195297566,0.594618359623049,0.302362080683944,-0.0252334662698228,0.257779584046054,0.343868514425607,0.56476378973491,-0.127975168238879,-0.0722788464304205,0.336949465031228,0.0307766145593776,0.222269903959171,0.0843912891636187,1,-0.0187271085811538,-0.0638916357585661,0.155473137950668,0.359414049222401,0.0313115450547147,0.193805020091102,-0.177860148631006,0.236928326677243,0.323617180622497,0.131336112769177,0.418454949322089,0.407486361175874,0.337233719411127,0.511547604133659,0.00219247905336653,0.310276186563763,0.257250539683037,0.138376956043089,0.233910230970573,0.292921099575139,0.368626806057701,0.591530145048892,0.189691992794397,0.319339844422317,0.130407611707119,0.291049300903111,0.356165604782335,0.36944510082041,0.472470432126798,0.304861935838769,0.243729510641406,-0.0342085636110384,0.123733409110068,0.483840414258647,0.349195392192008,0.1413901325345,0.322754780313768,0.188812205536304,-0.0582704748826076,0.0934744645120225,0.431131791029696,0.181735467829104,-0.0189642839497462,0.504113299590607,0.332469158396117,0.350481133085901,0.393532941607341,-0.0353199266959911,0.284522980789741,-0.0269376755498814,0.296332486592751,0.0443786153439295,0.289727187596087,0.218138464550742,0.0758881134200407,0.225775611477953,0.12842112817115,0.0633735372991335,0.0490417072359875,-0.0442972385201382,0.442824491463342,0.407089752343957,0.0597326655065755,0.181059046708945,0.466829800307709,0.293457158207078,0.518704533318934,0.609116628557282,0.430798566650479,0.145264191834524,-0.0792008515072088,0.319131461222657,0.305209170027262,0.135666573132461,0.37087953994817,0.227287513168164,0.389560694525366,0.380273491446569,-0.216272056478851,0.148304351979421,0.153284764258187,0.222521474714446,0.464778024732712,0.177112489524246,0.348476663549116,0.449497904792401,0.371187487635638,0.0606710310880982,0.32902901629997,0.392065543071203,0.110504803916526,0.257737643876251,0.417376645490718,0.280613886837267,0.422947942256558,0.390034714846646,0.294637816705055,0.495962444740875,0.256614231168424,0.188814291076433,0.591576839824825,0.624265033016772,0.0555330648516548,0.00270069334382106,-0.161363632911214,0.361796881373103,0.274368407921906,0.179193457511381,0.571190709069762,0.190201964988539,0.390639289469247,0.626216645078304,0.186893094577742,0.352320001550414,0.0386198176444706,0.364727968184218,-0.0915444021788513,0.081762321123877,0.393340282022455,0.529611508098852,0.0926035786859975,0.241117422411478,0.0874775169511905,0.512106414186601,-0.208943121292795,0.352342365734745,0.152755753717567,0.436307302576575,0.251590541340994,0.186761798571005,0.0118461593030816,0.420453396897077,0.235772641470288,0.445682952337328,0.541239148747376,0.449440479655869,0.40231045034106,0.214524965936041,0.277214645910966,0.186115891040892,0.215762829595084,0.446591991955585,0.378074296923021,0.0174326347640895,0.463389300164684,0.368361982101118,0.612444143794604,-0.0652055881704739,0.190940464534613,0.343642353306182,0.401750247033156,0.453935477871143,0.566391319479311,0.29673778829267,0.154693107534439,0.358302859455751,0.0492966252363469,0.372416120379415,0.701959422259017,0.0748342668686629,0.327688489223032,0.368504169301463,0.322528059705381,0.333825362569158,0.020040373882935,0.449035344478907,0.0351666153711266,0.484218408335828,0.333882011673248,0.482185411553538,0.432990027520718,0.382599832186436,0.10235121968568,0.62149738028931,0.672941077218575,0.320561450767701,0.0627069950745513,0.137283762394623,0.275922121953045,0.288014201213439,0.228302569214914,0.330171487099322,0.380448440361462,0.44803608916165,-0.0528030334797384,0.0160450113278364,0.0476991236482764,0.281398346998947,0.201159165645278,0.29346330281759,0.5941855798646,-0.0444773905937405,0.686211281994081,0.0192456514069549,0.270483071536351,0.15875978049561,0.631448765071042,0.577063654459423,0.265929909632197,0.0739054234062569,NA,0.286155984683477,0.272529168736516,0.407969233720182,0.396765202954309,0.586152110870791,0.602148636285363
"ROI72",-0.211647787104055,0.815115273314933,0.13126221394228,0.0167788659239653,-0.114932908663409,0.555561825954789,-0.0245861694181039,-0.0383685872582799,0.369909738828064,0.39583034043807,0.151410706338913,0.124996106596543,-0.0679302814642215,0.0354779208589484,0.0753114859021297,0.467734465836001,-0.164977638890622,0.0149293529462791,0.283705375087159,-0.153605278127116,0.634989554344488,0.4667820213385,0.00468306233859169,0.762201968990134,-0.0785565809754836,0.126044072987314,-0.15745947452333,0.0891648389915104,-0.114652440052208,0.126077255400888,-0.0436806572783187,0.0681680147847644,0.658554866338273,0.177874421846937,0.338432428120683,0.169716794464717,0.412371889069807,0.20543015614978,-0.0163310281106615,0.519445879288066,-0.00553087813550991,0.0242901597291787,-0.109915899136422,0.420944155399287,0.101466186911888,0.748809866391939,0.527394584379575,0.199840405551665,0.138811585550018,0.111525105466814,0.424900595552262,0.056513620656496,0.0972451860290721,0.398459318386599,-0.0214382931727279,0.157245967681352,-0.0935221983134005,0.0230391250102279,-0.248892495168461,0.194905819695486,0.18463831190824,0.600461719930823,0.211326596858549,-0.150804250715971,0.252750618955959,0.41794802587199,0.0655491707664741,0.105079703834213,0.563419249164194,0.01391595569356,-0.0187271085811538,1,0.22741969178291,0.426958056297517,0.294447844278245,0.0209764125564436,0.163746675232922,0.578848257765101,0.145539094429449,-0.134051423772359,0.521286880308617,-0.208933949248389,-0.18406794245202,0.280158339542493,-0.141725865970117,0.366138244671366,0.157084495748505,0.0892310295628549,0.0935675201981347,-0.00344702952281863,0.0559420691434464,0.380418091467299,0.0176151785853872,0.717167797303157,0.152284577497749,0.20390392325613,0.0844629435968589,-0.0591042155322304,-0.111562481565998,0.176980652868539,0.287002593601973,0.208515636723028,0.261079625803964,0.222540103139507,0.134768742354771,0.073605573502787,0.689801495047704,0.111559088914586,0.171501349024401,0.33344505936303,0.214540397319317,0.0750356043460364,0.166823953121286,0.204969068827271,0.17376188236314,-0.074451795093305,0.0604584430093063,0.197241567665663,0.367861604792701,0.124818329958557,0.0567975595286378,0.537950583179132,0.326797502182185,0.247132692591781,0.633599481231422,0.333458131423512,0.092154608165437,0.0210563869893969,0.216132916898854,0.295153500754467,0.658450054599386,0.127493619728917,-0.0449719330727418,0.11066761304494,0.545907673232757,0.151839976482703,0.192726520953929,0.270069468749737,-0.0257730709398395,-0.0177738180721636,-0.00532462893268875,-0.0452084503723976,0.123966302423657,0.107148685780598,0.416411447794201,0.212867463659931,0.336111504056483,0.0428308084746711,-0.053059664309177,0.154414030692718,0.260286639879506,0.466805624525983,0.0790273133298703,0.199291077004992,0.206561176298098,0.0851381418790221,0.00699003733278749,0.0151702838478229,0.0599517175554465,0.416329074449954,0.0568692967251084,0.226682722682051,0.211268421482632,0.326158961029683,0.0252490814622088,0.0555334308050644,0.136588838506236,0.0324988089051778,-0.119240353044261,0.361771594109936,0.444918266490844,0.0526422882981346,-0.104125896865069,-0.0689825766994085,0.157800943412076,0.0636705327705149,0.200105214892125,0.0882397845550713,0.38570264618972,0.271324277702277,0.24463920741544,0.370319161267358,0.0240644095429137,0.167356188438023,0.0451298043364132,0.621580346051529,0.349668756422902,0.309041951168786,0.393853206888902,0.32707456315067,0.153526912406781,0.592355773610561,0.500068761429628,0.709160982729392,-0.136877267765379,0.0629918186274084,0.294535765650329,0.269682304244953,0.0100220807186548,0.43028229262475,0.495580231322039,-0.0567274466662527,0.087325696365937,0.529583955855008,0.023510264300862,-0.078973480177622,-0.149667074817676,0.123491357226016,0.119858576553541,0.440235750734641,0.124717333821292,0.49006818904139,0.0602437550470869,0.174155978934853,0.267496490239779,0.00859166718845567,0.270822189117374,0.0364821469016276,0.213892754486808,0.164941984621407,0.435609309102826,0.0498632488300595,0.213098446962286,0.0368882450151589,0.421262985604459,0.69370999261462,0.185519498230883,0.449831827569293,0.210236989218774,0.101977618655912,-0.0633141928070628,0.140074322389776,0.247462626877722,0.282306605529018,0.0180393998794892,0.279521226085784,-0.0205474775062078,0.440622974891722,0.143059854354942,-0.172454010343194,0.0884142793738038,-0.0517915767500069,0.175424120122619,0.0680008018269355,-0.142184100218924,-0.0642524447750449,0.124884311717214,0.577515989256248,0.573996715837852,0.282025990638846,0.481753421875589,0.103100542855942,0.123132039174826,0.00432077187045522,0.0473668273020927,0.263541942450573,0.176818254338563,0.63664010797331,0.380035088062808,0.0645716772896204,0.121233731051144,0.0602572804787415,0.0337583402269551,0.0321814602781854,0.101180381162268,0.0715934015188665,0.470358280488634,-0.0372968007557523,-0.157217315466387,0.236793227848958,0.35460093426256,NA,0.108529226769629,0.20933434367914,0.253497126307102,0.010085820722105,-0.170087858342528,0.0208596940619832
"ROI73",0.0560940620365042,0.317975890837645,0.181922568823973,-0.0929044016796683,-0.000562610613402308,0.21798942255725,-0.172854955104938,0.0108190546020377,0.11916773409597,0.120355698547954,0.122421681494877,0.447417780747143,-0.129646541503225,0.105936553173805,-0.115334559578521,0.30212506865132,0.0760913229780038,-0.0838748935001422,0.0805479591995356,0.349192980279656,0.109366845479353,0.101138823995525,0.121447536042993,0.145783858415383,0.120565351575021,-0.0398540653406002,0.080276277067068,-0.132756894924955,-0.0472270937356549,0.0217994599092801,-0.119014225815052,0.0359700542127009,0.274332974043527,-0.147883844596043,0.450717029937771,0.293675929847188,0.0641104042546558,0.496068046522215,0.207442172037871,0.277530652765588,0.134840609379702,-0.0961408665797166,-0.0114393004676585,0.108250894162221,0.0802223695830829,0.298174085888372,0.19930637522098,0.0621723242183927,0.121633933170487,0.0179422997733182,0.162159961055718,0.23217462630975,0.0910645544424973,0.135981935496719,0.0571700783118754,0.0473906383466616,-0.0431606789060486,-0.0415492457378502,0.118935178774202,0.162788037116611,0.519494749146937,0.126397074964536,0.180296689539984,-0.0309373064374142,-0.122368794160051,0.343358759885437,0.227674055287524,0.0138372717274604,0.0329600683667461,-2.46179479143145e-05,-0.0638916357585661,0.22741969178291,1,0.171166446927521,0.192598638078507,0.048738976438802,-0.0402347171893777,0.179410217574144,0.286389688400944,-0.0165680525713728,0.0365675697150394,0.0608461768875813,0.150463388147665,0.0418254062952749,-0.144176423206648,0.665786456424934,0.349861285917279,0.191312483700469,-0.0638127467833081,0.13502950446523,-0.106025871921751,0.10459784161583,-0.0398322827146422,0.271931491655414,0.316935736005324,0.454816159499455,0.142506901340678,0.0285371658462892,-0.000893386807112623,0.322109363384099,0.150205850541715,0.420912009215174,0.0578569756432751,0.491838893125912,-0.0830807906455889,0.0965886084483574,0.311835927010744,0.262420826095098,0.178192368624679,0.679274154076947,0.235061813419639,0.0655103547180045,-0.141127982943182,0.184729565139197,0.0130092679160013,0.13752013455569,0.158456106568583,0.107739724744796,0.015219163903867,0.307858483086721,0.264049743323747,0.297905695755249,0.0140462077928209,0.192190624049636,0.243038149300299,0.544096341343975,0.0252775794319898,0.0567241042431131,0.159011054797914,0.546150366656029,0.142013563894297,0.0501275703057247,-0.0586904486293038,0.316833554011559,0.175708885117949,0.121545856724398,0.12549720439009,0.0970860360555343,-0.04709294584164,0.23320040716137,0.169106094282159,0.151373909517853,0.390147521578595,-0.0100906022498544,0.0933459967609368,0.195939109812867,0.497093067022159,-0.0874915589836539,0.136057691090586,0.484744852645826,0.0346666574583087,0.217763219489699,0.0872290304069452,-0.105311061763962,0.132555475447967,-0.00338497156846455,0.0144186003588645,-0.0925646845721491,0.180032621760748,0.322625043590929,0.061303007240097,0.532996214605895,0.256128833469353,0.147662740077915,0.0589101748248245,0.111146449400963,-0.0137492770280223,0.136557492444873,0.0472885015146409,0.196674219716828,0.0281754523102244,0.128509269264884,0.157687073679716,0.0637921350309705,0.132930391391299,0.107701345946172,0.313713983016275,0.107160443322233,0.42645788645359,0.197869502389773,0.0314004047237914,0.097220208264535,-0.11946049396511,0.360842621403937,0.0775023629466448,0.0439957345661443,0.237036769066306,0.14957888047327,0.170506223333416,0.0568917881882462,0.0177144418519505,0.0470716403935605,0.357632924422487,0.260277165988601,-0.0356636454989174,0.137359090690068,0.099467733329116,0.0188899862528927,-0.087798849560069,0.227494367608555,0.363518199714688,0.462009303038822,0.0417526986570261,0.237072150938876,0.215595582667146,0.0110054237544213,0.0335663472096864,0.124958331185978,0.349511707496113,-0.011751732555923,0.304903448105363,0.12572695563199,0.0253903739813594,0.236763043039894,0.1962399565679,0.134246819862991,0.0294291867073894,-0.0267433836329526,0.362675581742428,0.192383678271872,0.294843332835109,0.207822783610785,0.0491722449613053,0.109327743784503,0.155985009363953,0.279947940636495,0.113397354895953,0.0680387086855912,0.154584470692935,0.101653709909934,0.429945596641121,0.247033552142232,0.10522852314738,-0.219191384616133,0.235779006164234,0.602214161847738,0.0549246857664087,0.144382354326953,0.000925308596729962,-0.146367741661758,0.155490412009668,-0.0983538839473648,0.0019816425157592,0.0199452246587192,-0.0665687599527946,-0.0480715433533607,0.334824683891954,0.153353927122695,0.226139952838893,0.216541677642906,0.174662833839866,0.228523327160631,-0.0343629524253615,-0.0775366979662223,0.0228771924110872,0.581653914413716,0.270445500924776,0.248359898488805,0.170870598271517,0.247042023569033,0.0113642634807846,-0.0920954080755738,0.0760578441643164,-0.0985932899774341,0.0840436687195307,-0.1989493416124,0.271666460570376,-0.047294680568585,0.0318948676253065,-0.0129550092099207,0.079256206495884,NA,0.16714673117495,0.255585060263938,0.185759636624196,0.28450014812939,-0.175395682011602,-0.0967752363545513
"ROI74",-0.0585207882474807,0.404024384987563,-0.0277265839905601,0.0989158178937039,0.0253638368826863,0.493659162959527,0.104068353520479,0.140158235954556,0.106859282308634,0.306790170405349,0.203101256088312,0.077275409926324,-0.0536133064298135,0.0812639436979662,0.128008708024107,0.357533820582528,0.0151481433502271,0.0385937784162724,0.164164323985562,0.014871451202907,0.215903339072895,0.647958359969519,0.217358186555476,0.326255318579875,-0.0234917230419334,0.194679223262811,0.105796303565974,0.165877131977732,0.0867831543637848,0.199279400123667,0.00416050118536915,0.030816288031395,0.573795986494861,0.0511823507039197,0.458601741647429,0.288639029090226,0.221270784911655,0.127432383675447,0.140040047859705,0.349425204360996,0.0525863336995796,0.297229985702875,0.241041195694262,0.310282049514648,0.114078823888653,0.439202704263509,0.384164149203444,0.196633177699707,0.147154220585872,0.146626425684008,0.44309655985042,0.335945606786639,0.155009779911044,0.386066862522781,0.134945891776736,0.177024718428256,0.0137711478948925,0.293581014578487,-0.0313354179302633,0.174266875181189,0.0820405704343347,0.493207507720419,0.294153400573241,-0.0614817630187978,0.276013044158075,0.146292267491838,0.199148305676998,0.0841275572336571,0.351974624927118,0.283148387432541,0.155473137950668,0.426958056297517,0.171166446927521,1,0.227481794355449,0.0764022048252696,0.167890302726393,0.465857482131612,-0.0483833433408486,0.0347837213614757,0.432151662976353,0.000598548528173279,0.0206271801440397,0.215731492621203,0.0380900057646577,0.269836606623512,0.262682933834453,0.0601087634745296,0.331315551502076,0.197610518343798,0.233312365408984,0.35329803700742,0.0817671044407927,0.384089868657534,0.150405315338658,0.264676960948926,0.0885683746831968,0.127031970176555,0.163539470571113,0.344002057412267,0.0777204412843084,0.280425054161164,0.135029730049795,0.153200184914125,0.0663556277816176,0.163910243538121,0.459471841934724,0.201926358889084,0.176616139409311,0.216631091028531,0.18245615299707,0.211737284224752,0.0155790898032383,0.297896241970206,0.259240575132648,0.0521295647183709,0.155887279575802,0.128917673575178,0.379076423583087,0.228524382990726,0.162713921153963,0.45934743240445,0.360226079827165,0.212568971679149,0.503040111460996,0.23193177243355,0.240153339038826,0.15735583459081,0.382523007962817,0.160877647593282,0.38063763237215,0.217300586812448,0.341521144191121,0.347907994222536,0.27309385578072,0.363137100607973,0.120839042855543,0.347183418776013,0.016607271266213,0.0467246381411382,-0.0622753712956135,-0.116998163874856,0.149152098228016,0.240656836569934,0.228471639591536,0.161413596405595,0.257705611763117,0.0261526825171065,0.128827830068751,0.0973329094045921,0.32179403785363,0.367128981725115,0.134307710715027,0.0269992705925854,0.135435252830378,0.228365904084638,0.0904270249959688,0.0556375242412059,0.137243428824048,0.37571454908135,0.24588623091159,0.31721652799019,0.61748816931516,0.180353606548549,0.0599442284646083,0.118396260155038,0.172451278026467,0.133273659509646,0.128771380247638,0.17271817508988,0.16927010240473,0.195319848729196,0.145554300702311,-0.0427807201949468,0.143374227533093,0.0622584973996692,0.217479541450388,0.282743763297848,0.35985976354582,0.36547579074133,0.334182068180477,0.290970469254503,0.0527760305957057,0.122059852195023,0.13049593024472,0.234585932343313,0.340653952552433,0.256203098292276,0.386771344418021,0.266947930661918,0.291359914526199,0.244562678568817,0.411006632468451,0.344447905511501,0.042693900183064,-0.0793809192713507,0.250119543111214,0.284101635027488,0.414204175970461,0.216346862197701,0.301066331095048,0.0910099833477861,0.0458489558226895,0.33881056928192,0.127655108089866,0.000280405908957582,0.228930430673256,0.276828048509865,0.294053327024385,0.280960396012858,0.16394065024126,0.358502975685125,0.307746893114682,0.204442478515981,0.203926657090547,0.261614271796992,0.200963492762258,0.119810787976902,0.208020363048086,0.138468368861074,0.253682240963191,0.156159557350706,0.193389844134908,0.180132922929706,0.316679786711221,0.321023826198193,0.212533455735754,0.17403505149055,0.205804558668292,0.262670288138313,0.042831292300047,0.25386551508707,0.310405297637144,0.26197636804813,0.163405989620612,0.255099102750321,0.037755296252155,0.272851537853091,0.0831862374495192,-0.0441084965005863,0.075829914194943,0.0133590641733635,0.235135834559013,0.392586094341415,-0.0357789824189297,0.0404470153823779,0.162679297156475,0.339518332569589,0.298291758371903,0.271762177257268,0.180733686113347,0.105755788079194,0.0770578597308767,0.048785898380188,0.0799417857977464,0.167906177968058,0.17873949231099,0.326448518602164,0.182004907881676,0.151132324118206,0.132847459423015,0.0703853997198518,0.0108888601643681,0.170534309408478,0.249005348939937,0.150768977527186,0.221250521797891,0.0352381915749695,0.0353953402091666,0.144277672162401,0.368075225470138,NA,0.229603023455548,-0.00290009269388374,0.143360722717944,0.221590174513494,-0.0279959086179324,0.0195977649260438
"ROI75",0.00815166313371252,0.345851511552715,0.333354654562747,0.179292306096778,0.186706574938681,0.254725084788143,0.0785244794952232,0.169879018544962,0.254760212894941,0.334739346257885,0.283409544814389,0.255422899114162,0.0156048091267262,0.210127552464343,0.374574927650624,0.417459125729507,0.556388892815096,0.479023314612104,0.159073475230565,0.23416694810646,0.432830159176835,0.22402685681709,0.197254111427079,0.533874847931022,-0.0263435230740965,0.174646902377118,0.349428491637097,0.237726699756009,0.142093131537494,0.126597758243127,0.0240492352027891,0.381893192686372,0.411953825363116,0.130510916470782,0.521850666101429,0.398948998857052,0.222671040847281,0.0810847601985575,0.331908935743708,0.488283826230018,0.242961717218465,0.235291645028693,0.116430794866272,0.359725026849807,0.392136090481906,0.268173495316958,0.390530753177322,0.367727648424028,0.24693846718995,0.299068090150984,0.566759453619519,0.193504530575395,0.276190839863616,0.231478819622748,0.443395660658637,0.24639448423014,0.139297498965471,0.269426972804523,0.293007705409807,0.345133908535986,0.0568012266134163,0.494246410930805,0.34912968242781,0.17623506702238,-0.104968139505323,0.167175747052002,0.199911273954915,0.0503757098438352,0.296102395547976,-0.0336029046847763,0.359414049222401,0.294447844278245,0.192598638078507,0.227481794355449,1,-0.0349658998987009,0.1918034318183,0.0506977448172294,0.234856518818889,0.0909563986429396,0.208766688955178,0.194618789704348,0.11143119375315,0.251707786434337,0.169686423316202,0.258259043386182,0.343855327105825,0.120028735666719,0.194042246005434,0.17076596049045,0.180910264559961,0.366666189778882,0.246995231128117,0.548624100861874,0.563031918421429,0.177422939020077,0.237424860394893,0.0544577395279062,0.265289153358572,0.435040436693918,0.347957699411558,0.321350310322662,0.207304880632784,0.138433292009148,0.260297901812276,0.198908775605579,0.40379018755855,0.235696305969645,0.338447484163416,0.207993587650319,0.335076836911811,0.338712316368685,0.168576994630365,0.0747287071400396,0.319266201187999,0.275638248654283,0.21714877862133,0.351460835812856,0.0183853210814033,0.322967100352598,0.103696002453802,0.641852431714903,0.195336174421495,0.441159965907869,0.396831436851939,0.221637174951959,0.241514400082087,-0.0750948277505018,0.0321770205983114,0.217265616644703,0.138096626741101,0.379067482012776,0.282929908065447,0.161669093010275,0.499657048268047,0.395435861037228,0.394751112599748,0.394466160322823,0.289041727129647,0.334737770058239,0.137754998557241,-0.0412113165065233,0.282989448439957,0.176739851869496,0.342843286591704,0.386889057172589,0.462126357504823,0.28231344209319,0.137847167537756,0.125652392597636,0.130950941530864,0.246275493187865,0.299612263355151,0.305766777382024,0.275354523775357,0.35368294819952,0.23473476889709,0.158171807850511,0.159135808365906,0.367865221709877,0.230008232469082,0.22572725328735,0.293215075479481,0.425680531560303,0.143366298444926,0.249970048196883,0.258770562311897,0.286466458630946,0.337957207423086,0.389413500916747,0.332030798739206,0.34801151029916,0.248046131474945,0.00743688457951467,0.158235811661517,-0.0298428470950461,0.424168578601395,0.0699401395402399,0.350235108759546,0.462249927257296,0.175657057332156,0.417631369346499,0.433267963889145,0.285347180576678,0.242328442137013,0.386572456598216,0.414120319178217,0.200663816922302,0.238058866626528,0.420190144112296,0.449513240159135,0.372372364290202,0.387484366224546,0.404294350158171,0.200156996058159,0.0235033768757021,0.344093880104629,0.200256093986249,0.259999185666986,0.396449773605694,0.4065078895962,0.106612940189699,0.151274828022376,0.429592176150276,0.290690803552525,0.263505115502898,0.208465682577686,0.354322586026704,0.330358609186526,0.390993239813438,0.240920011763374,0.369592041027,0.307206209716013,0.337921709785586,0.241462138770136,0.343332080909097,0.240625027192429,0.423563340235328,0.117854432077756,0.147553681249017,0.571490772054723,0.2584758908642,0.329090571333563,0.455930026181578,0.375940733292586,0.351297299495882,0.321621504718342,0.221312246123757,0.50919729356341,0.417830948959012,0.078344060399721,0.246476791576171,0.299354869567652,0.311519217168171,0.281353890424391,0.251229470728151,0.33567631778685,0.327333825697752,0.282256954753989,0.0123088112970919,0.676099196094376,0.152499572643957,0.281478122529734,0.250756951594534,0.402784613920533,0.381388192658455,0.385573881567745,0.242285488213588,0.398123731192662,0.349745276590313,0.367625445621087,0.133408388654174,0.228968938459735,0.139185573508288,0.204642537967216,0.251505926277479,0.283833765899443,0.338998598498816,0.401330735314647,0.193322802755588,0.18537775218344,0.364096508636889,0.013750211952955,0.300709127066201,-0.0195472723989727,0.23857277868228,0.304600538310759,0.46785297683232,0.327834335988794,0.213884801818389,0.149265262054045,NA,0.0806147875189976,0.396372554905188,0.459560709713816,0.266232385236154,0.17021968115981,0.289130864296402
"ROI76",0.0555906120162572,-0.0816863267070758,-0.0846003691915656,0.0318788658894456,0.0318398394830815,0.0171550449180977,0.108664348697266,0.0333101517931309,0.0347578228074115,0.0342506432556275,-0.0961726280969496,0.0425189154300883,0.192022422438645,0.0664722608237902,-0.00356851979099537,0.0173885760541289,0.0259026420213714,-0.0378831977127436,-0.0240562055637945,-0.0431633906850152,-0.0889271046063117,0.102474357432915,0.0343985571135268,-0.00976005013142154,-0.0450417536138406,0.00664787836979074,0.03874077553907,0.0940485254526336,0.0421100216414751,0.102562172500971,0.0265348121254844,0.0445092545471241,-0.0364623475080137,0.100413131923972,-0.0793590045790753,0.0597768923347303,-0.077494048509004,0.095110034255157,0.0286129902783013,-0.0696278780419014,-0.00220900788729771,0.0471445581620414,-0.0235823976325396,0.00138402709687796,0.0444171873247238,-0.0747804986076536,-0.0222766915603346,0.00122237887247487,-0.07806109790355,0.0511394402884778,0.0813542726473136,0.0318619272893675,0.0450542009446363,-0.0864007558447873,0.0548811604734682,0.0135622116277777,0.0306295701279133,0.0161034824200418,-0.0125998146947429,-0.0956527400434669,0.0597608875365296,0.00262974592713286,-0.0673833533774874,0.0628872209442796,0.0336108850351842,0.0839958984783973,0.00775106144051206,0.0534971900663459,-0.0848176277200173,0.0883267770815424,0.0313115450547147,0.0209764125564436,0.048738976438802,0.0764022048252696,-0.0349658998987009,1,-0.12581582085058,0.0184713747144176,0.0712087601707311,-0.100864199313375,-0.0613611237621414,-0.0129097915745873,0.0381351340052421,-0.0254115291730678,0.114634656558919,0.0384317542738144,0.0410630755636733,-0.0158680304084647,0.136202446735718,0.0251425500559267,-0.0735397619793585,-0.000538400366961714,0.0496520093464684,-0.011148730317486,-0.0371166587152865,0.0242881297312158,0.0816239591762614,0.0691871448084782,0.0475464812110949,-0.0812464866694848,0.00149881297308918,-0.0264292983755984,-0.0892676296991242,0.0546536631664276,0.106248898462053,0.0136574403754923,-0.0291508091684168,0.0214515525463049,-0.0349425229473898,0.0320269599960538,-0.019052561372146,-0.0869702477600049,0.0711508917335206,0.00559634668284442,0.0210691046500311,-0.0407834644731917,0.133459845361329,-0.0805409802032439,0.016373870925935,0.00225996051031388,0.00340949039863155,-0.0631680452421919,-0.0150680244146039,-0.104764369444524,-0.0634447186233887,0.0687683922473647,-0.00870872463152917,0.0989960541920244,-0.0640572850160484,0.0214026858406035,-0.0202775204870844,-0.0250129100905113,0.0916553117567608,-0.0213071030666906,-0.00590979097025157,0.000464676808637491,-0.128759775839107,-0.0676710621383298,0.0638073782638795,-0.0256383795820033,0.0982480978148877,0.0563494327771566,-0.114984519342775,-0.0307991021168514,-0.0721875305538676,0.0180311629139564,-0.0779521630515005,0.108427004549894,0.0431152399324609,0.0362024061982742,-0.0333836182952948,-0.0235028891450304,-0.0744382410402054,0.105082353915424,-0.154745999985112,0.00751419045223423,0.0258154088533628,0.0259795354288604,0.100288870084219,-0.0967480249386271,-0.0131185149210722,0.00216140603369219,0.0544937318822715,-0.00990951109284915,0.0828456453269368,0.000169748337580311,0.045815834374535,0.0801468431082743,-0.122379738436443,0.0147644574600974,-0.0737654216212172,0.0132060771948266,0.0207353119675257,0.0689068255361825,0.0272802460796256,-0.0424888292710023,-0.0918806839186722,0.113937626646075,-0.0193586987544531,-0.0363148871518784,-0.00768527335752617,-0.083998865503723,0.0123161980106696,0.0513586690152348,-0.0368161369991023,-0.0486112449926176,-0.132399140060727,0.051321608654765,-0.0400303934050299,-0.0304516944460494,-0.00179137921701022,-0.0237056876150747,0.0358834575023348,-0.0403379060607941,0.0114285764181035,-0.028397399302559,-0.0284772859759811,0.0364092770274741,0.0254502141017413,-0.0618901205311606,-0.00566758118484684,-0.00557648699390592,0.027299573332959,-0.05828379520981,0.0830002383103418,0.00963911689666721,0.0557426437394073,0.0168397719480748,0.0386640258541128,0.0466521657184166,0.177677991835855,0.00887611093350227,0.0584756060723557,-0.0812282411422327,-0.0658082745466453,-0.133127956467392,0.0740747089233951,0.00138366470692635,0.12433621406128,0.0349981395608256,-0.07566853562482,-0.0445772213037101,0.00177148596081165,0.00491480063692478,-0.0881530922206991,-0.0339258157275079,0.0456336655003388,-0.0454902512719907,-0.0471692471193683,0.0253780522368872,0.03322943115536,-0.0381638236850513,-0.155382682706436,-0.0169147104536359,-0.0303521756683153,0.0716438697532803,-0.0888541076800447,-0.0370125341607498,-0.016156696940252,-0.0159085548536468,-0.0609016447046449,0.0819919388226997,-0.0420101306681276,-0.0461808969259581,-0.0154402386998374,-0.083632042034742,-0.0396134687434147,-0.0626347777225072,-0.0978634633180879,-0.150817158625228,0.00514545962785767,0.00469294546769327,0.0898734106255071,0.11951541807335,0.0354251162159744,0.0536063399062497,0.0173810419732895,-0.0278835652251248,0.00386151619988578,0.0375651437042446,0.0940352289096051,0.0532571153484209,-0.0745883357661254,0.0598480191328405,0.118183602834879,0.0473881013872393,-0.14785151916145,0.0212528305583784,-0.0193565825797737,0.0351311157022625,-0.00530192665275747,NA,-0.0498048166423849,-0.120642014965776,-0.0456815627283459,0.00410117587070062,0.0692758217296697,0.0591513218719523
"ROI77",-0.0822160951570939,0.102482686387573,0.0815147951499785,0.350129508318284,0.106286789346962,0.257290524943476,0.300014125023172,0.272993207272665,0.176828736987278,0.187649135614484,-0.118340874597009,-0.0861840197195252,-0.0887405635481166,-0.185585802654255,0.310709273639511,-0.121295156391792,0.169003544687432,0.369568143535021,-0.00171374895876791,-0.0595431161368629,0.0931906769802963,0.338288292924054,0.369717768681145,0.173955010669985,0.157405016916169,0.414333616675605,-0.0185474171444599,0.289642498205999,0.244162025971549,0.212368147662238,0.0987947864441103,0.2659378255172,0.2981120123105,0.414389591504444,0.320364651142164,0.255899996599409,0.0203930447488117,0.235585804897648,0.232527443723719,0.154818062443663,0.0767369552378511,0.435604669668858,-0.0115483727428024,0.484616607580926,0.260802835680766,0.191743645270208,-0.0175822641775147,0.328007864465655,-0.0270152730771609,0.267077663010886,0.322360095678158,-0.0683640875802188,0.224446787207928,0.0751375927831772,0.255749387932519,0.282669765201621,0.159379052064928,0.217365763397828,-0.0716971624708913,0.200155388543493,-0.0592358859851087,0.459579522350485,0.0365943742685487,0.00628644834639129,0.252797667044137,-0.0709050974899755,-0.104130119067872,0.0569502274206352,0.244463023396112,0.0351052015520895,0.193805020091102,0.163746675232922,-0.0402347171893777,0.167890302726393,0.1918034318183,-0.12581582085058,1,0.208847466591616,0.119550108174481,0.310516128478516,0.163286102410802,-0.0758180576398202,0.185347983427783,0.402178841137624,0.101834237023609,0.118000894352206,0.400278962410998,-0.0808956799881598,0.497879081658644,0.150074057171293,0.0547407121686914,-0.071286496490937,0.265467271295743,0.108938151289815,0.146703898225727,0.0514049445344721,0.18864381881293,0.134557186796483,0.199056905268675,0.0836024886100245,-0.0442698796014074,0.231793472704019,0.147654335636598,0.0343620083759711,0.316307557993068,0.381778714335542,0.156230614250625,0.167985176171719,0.103968253443909,0.0169535766004724,-0.0269428820531924,0.285115146652304,0.0860852355798354,0.155340121194271,0.247764825188057,0.129713290364052,0.225212096141998,0.0332409099387373,0.288745385136808,0.197520274021497,-0.100555036327639,0.321077804474517,0.38497832928495,0.150743312440411,0.0791420194377318,0.137920693630547,0.222770750795207,-0.0664356818169025,0.0914967993022831,0.0665600596229009,0.219247660721225,0.331744980627271,0.385917506231226,0.146686771229148,0.0186786813636263,0.410962091189703,0.035032077180357,-0.0566827725785084,0.185833311405852,0.0182672240899889,0.0397668176427866,0.139124351258522,0.0732545111182158,0.00956380188460116,0.266217402234483,0.096606566335307,0.259370384896716,0.204466440593888,-0.0482642553679693,0.0150620791837863,0.246382947748419,0.0393212006494332,0.227802520301932,0.450955796815681,0.00525249683298566,0.241080361511877,0.321639710390401,-0.0275496338644671,-0.00597791203583695,0.115880594063083,-0.0790601227327568,-0.0386101676204563,0.161617586684393,0.132037734578575,0.224086936214593,0.137356047903617,0.093709788340111,-0.0391358044238812,0.0836459373832384,0.128851654800312,0.247039573224015,0.208948681181282,0.0713780427000701,0.0378162778533674,0.153984999577218,0.0121373757953073,0.0992212837043079,0.148082231783211,0.175257406988335,0.0600047484419112,0.400766902260137,0.163436768095088,0.345591177084181,-0.130815948763765,0.410834240390501,0.256429233791222,0.076843428905601,0.341183346595785,0.364564616620025,0.295203054834878,0.362536361820251,0.386955244188088,0.188912748635375,0.198887015780039,0.0387962195180785,-0.104967618908167,0.30547153654396,0.490521964552749,0.443120222271474,0.159119501696574,0.248460999919326,-0.0421310754956919,0.208980377044386,0.132205692246071,0.196563329213748,0.1030585079917,0.0531289715321404,0.33495248068644,0.135265907699096,0.528399781099001,-0.0419148440689885,0.476383483818634,0.258377758226787,0.321103358323841,0.369271346615099,0.0939155344301308,0.418781818809713,0.33697066079441,0.101105225767617,0.170877222180569,0.22645704439804,0.358337929652698,0.319542199180607,0.302370927074791,0.296583809753445,0.201350831041191,0.307893234948459,0.341627570049742,0.494412733984337,0.159063700089697,-0.0282702539986703,0.169625664255938,0.271453378095234,0.484487711686927,0.381554448146905,-0.0424662362772036,0.272461849653286,0.375001310391585,0.0936474497446365,0.220552704444836,0.280166939752102,0.137407868747466,0.121079477830504,0.323275028652906,0.272425414242686,0.237462544377061,0.286665738785636,0.337725225209539,-0.043492657418169,0.319222007668538,0.126859532054782,0.174269112608772,0.268969614584669,0.190965273207479,0.146957747964557,-0.206439736932548,-0.0356680801285353,0.0752439453799472,0.204344881446155,-0.212259767682798,0.221827788431698,0.332661433949919,0.143095753611948,0.283680411160958,0.244686999509935,0.6224872248517,0.322841686699884,0.239370236055308,0.0448681174719041,0.444959302468752,0.356968011219831,NA,0.202483589874824,0.00267549056879349,0.327514514362799,-0.108796630670795,0.0560647638652415,0.42690684637551
"ROI78",-0.146305827832197,0.499535098109089,0.0969006731297121,0.119123710255132,-0.121286383674615,0.510886973764556,0.0567045038069796,-0.105909769714254,-0.00924519524930131,0.282822683965232,-0.0488396409761323,-0.0156104669599685,-0.100755817575466,-0.2304802961541,0.0185498116302792,0.0511895004942939,-0.271111498638627,-0.00490471210406259,0.088803071328517,-0.170075365376487,0.3342606035813,0.530927416220675,0.13666022413345,0.460704953229375,-0.131734805286646,0.251499726351595,-0.359369441841053,0.13011068092494,-0.0276165703357093,0.0121318725840787,-0.0548849538932456,0.0747061961925856,0.511124581633331,0.220593143959089,0.253131446309918,0.0482161276515042,0.330978045181958,0.320556483447929,-0.0880617839629973,0.244785392134942,-0.171312710296665,-0.0158901659556217,0.160162739182987,0.384035704576057,0.0803188762982947,0.483057645839982,0.243793477338989,0.100414460679869,0.0304635951276288,0.122941621095776,0.311437944089398,-0.0529843477174968,-0.0755562179614461,0.210380793929987,-0.145237471116082,0.111600958846896,-0.0966950620276763,-0.124453860542702,-0.392671750505174,0.0206994804810237,-0.0155771938655537,0.479778422065392,0.0233758241361673,-0.36440489888647,0.373948088574824,0.313993679822689,-0.218257802102283,-0.0148589497005291,0.414036259645652,0.114917958196841,-0.177860148631006,0.578848257765101,0.179410217574144,0.465857482131612,0.0506977448172294,0.0184713747144176,0.208847466591616,1,0.0292768058906717,-0.0588342462816972,0.34069228208862,-0.358289563809529,-0.105364760515684,0.137584562362621,-0.169955273170015,0.432013832560109,0.167648485401478,-0.20827884925297,0.282860398974381,0.0571697832481976,0.130066113673531,0.0239131758941316,-0.017833401130736,0.260595193189666,-0.136234988133285,0.302377515997427,-0.0212901999161906,0.0547549880388109,-0.0276228907762704,-0.130548809769882,-0.172564221961216,0.260447382982872,0.344815078703971,0.131187543714652,0.0701606837909125,0.0871392076237564,0.448812555452533,0.100895908178347,0.0584908210186191,0.371872904995388,0.0687604708608143,-0.0700493848075641,-0.0475872434588829,0.162075351490616,0.0625902409484076,-0.0843917821558108,-0.0725707001682833,-0.0567787480719882,0.394605993403023,0.0770056454074705,0.0318911967870295,0.35780797099064,0.406650707505692,0.175184267411347,0.234988226884906,0.299546134189735,0.05169509599192,0.0479307487028808,0.471511459786996,0.299465216034456,0.636065543630002,0.00535128809845803,0.0261902399289302,0.244864894527188,0.183078502642983,0.0313749206119234,-0.0237585565829852,-0.0663925788022442,-0.114707073206511,-0.256839014894348,-0.119377408086827,-0.045677906952601,0.00499514477132172,-0.105161500275429,0.386180285697264,0.0171447440868293,0.300725683096787,0.0327328147021487,-0.143276457274756,0.23767064654564,0.185773873266963,0.251438382501476,0.08365418912543,0.155648833904543,-0.0182352093140594,-0.0113532053659401,0.0271792021983855,-0.177603696121473,0.0296122534450259,0.197257883388611,-0.132906362665012,0.0471322188721633,0.361159725838874,-0.0416072195070976,-0.00988057805678473,-0.0437798618859193,-0.0523621965002993,-0.0988938823438177,-0.172448607162822,0.265751356579299,0.314723019263478,-0.0331681451049765,-0.285888841199752,-0.0251315401873041,0.0642551445712218,0.250302333586398,0.120065326271693,0.00173490020125059,0.324901276116619,-0.0364627316978641,0.356983156378231,0.223936813701741,-0.0250094815464708,-0.0453107025811115,0.106025279915797,0.490933498930463,0.201038586053381,0.494214327201372,0.556273302421942,0.123472975179195,-0.0151333816802287,0.526749678170613,0.349471423762575,0.481604966119638,-0.227513449152344,-0.0606740945822488,0.256518860958409,0.367985537455272,0.0327814106195259,0.335051229204601,0.37441675982555,-0.094224053654105,-0.135262342687562,0.274572955707701,-0.0537992946465592,-0.161252660210687,-0.113013347904334,0.0736007528058175,0.0980189732642368,0.391150058354343,0.0402918115867894,0.49293460280929,0.0236443164001161,0.125195550633622,0.38404961210784,-0.0858248782380021,0.213035820084146,-0.0101945312832037,0.0971947127636552,0.173726254058523,0.159506668438343,0.0882462696999361,-0.00443739121997837,0.0479217876120862,0.343097912286653,0.493453739205302,0.0678338650987058,0.494317840420532,0.244799631636368,-0.0143386670872405,-0.103394794408655,0.0619030860311237,0.202131905996396,0.29761099897149,0.130295160534559,0.30524117141539,-0.0938640478180596,0.432925938803368,-0.0465418380535516,-0.169936687355096,0.0171321797022883,-0.125232750599319,0.101567472338911,0.162891369517306,-0.187405947308917,-0.185136565573233,0.157854692759939,0.579823755510701,0.230394808446048,0.234252639507054,0.203268921980228,0.0411679657615825,0.165907626438377,0.0971317229965682,0.0237440129760703,0.131022123227559,0.157769321462067,0.406069683987537,0.252349748792296,-0.0456199353620474,0.0138022558196024,-0.00506064661514348,0.00332419611614296,-0.0395663046976738,0.257002926584359,0.12761292988308,0.454654089109981,-0.121989379011017,-0.425007727011326,0.172118583196919,0.454964598394838,NA,-0.0558108763477423,0.044760739726672,0.135520941622767,-0.250462725061874,-0.211213595096911,0.0132879110855638
"ROI79",-0.0278656508378706,0.176228353808054,0.245284156049707,0.104299475278928,0.0479039968176894,0.107187439708767,0.0520516655971555,0.0931742667721687,0.134767034711587,0.0933885456498337,0.11695092332972,0.312309866186081,0.303785158713131,0.123428239733714,0.216224389689078,0.207589776036945,0.143315165689887,0.168981038423228,0.0367643537213255,0.108924842527007,0.257764655787027,-0.10524678895929,0.065392623309366,0.250442983870478,6.61039503502843e-05,0.0350325734272691,0.158998828138758,0.0538284885471577,0.086576429941734,0.17732044805198,0.0864196847000742,0.222736462727958,0.100215038692398,0.131950695136895,0.168981658368628,0.26489633280221,0.125196708472771,0.353853498738501,0.230743470061092,0.323325469047654,0.155433804907039,0.092753291368987,0.0035198902916433,0.185261094457509,0.202926204008494,0.155821353035294,0.172260909298615,0.2998465612988,0.255267707406447,0.121452409393447,0.145118727815713,0.0415243772283107,0.20138631663868,0.208076453980133,0.272393894554718,0.184151934312543,0.0180477880800203,0.259909378450209,0.126223720554242,0.194430841392687,0.213371573501747,0.16093571792048,0.109767049797441,0.0759121149035954,-0.0536487389563349,0.174938212157548,0.0426792745624471,0.0929167604766536,0.216575844132357,-0.0974989629125518,0.236928326677243,0.145539094429449,0.286389688400944,-0.0483833433408486,0.234856518818889,0.0712087601707311,0.119550108174481,0.0292768058906717,1,0.0233896934945269,0.107326446724082,0.00410635353910253,0.086405129271126,0.271237358922087,-0.0484680657970955,0.199093131596484,0.147825381431664,0.00701732037945217,-0.013673934996887,-0.078985968505629,0.0398081631789481,0.1581502618685,0.134866429226426,0.145650738627216,0.171933464877726,0.0655232451590555,0.118110555330902,0.14235260053448,0.0393987790579749,0.17358095582741,0.135855144733801,0.0997582478641814,-0.0125951097873693,0.299844082766897,0.13151109072402,0.148055683734681,0.221319236294453,0.225878417112535,0.0561601207028456,0.230051988040805,-0.00903532716661366,0.192032407593071,0.167562169845767,0.156280208657215,0.179168773138176,0.0497070695877543,0.196891038555539,0.249601057597159,-0.0343551370094473,0.0930644463999379,0.0346830074457248,0.281190785966326,0.0165638841641385,0.247507690903814,0.236013422307391,0.337783790756168,-0.0378697446650958,0.0504517804463445,-0.0622756737561328,0.419848604245436,0.0175887502482324,0.274481477290289,0.105988674218046,-0.0515823403649295,0.326491448520198,0.151165443666402,0.0856890184124998,0.249726181267721,0.186109925962087,0.0621206896890399,0.454139768267581,0.130067616948632,0.180362322798615,0.267500923180348,0.130481268306368,0.200253395211327,0.289126928848309,0.0456980790965265,0.120085602051988,0.141894426023164,0.124518425241464,0.121776136303375,0.0852901521370987,0.180992496158039,0.064954038995041,0.0753052757639614,0.0836682439421362,0.188841164492473,-0.0607280786640632,0.195276891280195,0.0751201885345939,0.147097667979938,0.0582082714893815,0.20000035759491,0.145428008437728,0.08774170090352,0.136833062159551,0.20586199313715,0.180871801434841,0.223543516548015,0.303247304957809,0.0856896223945936,0.138456056175125,0.307441283553331,0.201586758090388,-0.0619693212635022,0.198513460081445,0.293654753069429,0.175614268805579,0.252606779427506,0.0187443014775873,0.309078086824708,0.222573056091571,0.174333729096204,0.138957999524631,0.262867507893447,0.19306722746209,0.0114334875939662,0.085554532955398,0.254358566695272,0.184055047998438,0.197954236153617,0.177327925152312,0.193948094229334,0.0697987973531224,0.343343124433165,0.17169070068446,0.051671552871272,0.114355041325637,0.310347664295101,0.152397935814959,0.176463099242755,0.0181805601795848,0.261902117033569,0.238925554951536,0.0883298044093134,0.0724298225902951,0.15735261184069,0.058150158238335,0.158635747481748,0.42013511403233,0.180014139528668,0.12228864014329,0.273830958952626,0.0585563443760024,0.204625063694968,0.27273429575829,0.178109244504637,0.119322510077549,0.483433721463156,0.156045268039356,0.172512417720229,0.254064679249311,0.247643516374845,0.284326481094973,0.253831275855582,0.237264365015358,0.165820360317573,0.190903427374693,0.291755308715859,0.189440960166832,0.138549312380569,0.135021231696405,0.0820392211472639,0.203308506977336,0.26519494268128,0.0886933215353487,0.0526262874008931,0.291199230137017,-0.00134235401298644,0.220233835957468,0.0150643761921215,0.159593468986499,-0.109429306089642,0.182216707689652,0.174208145817054,0.185222825173701,0.204375138967365,0.264063300262765,0.24184760486745,0.213594089804536,0.242927343776632,0.06548572002258,0.0277280907831331,0.122091268875607,0.267524481036323,0.0421312122718959,0.295114818751146,0.176905119625336,0.0645588887782849,0.332600442605137,0.179926032182288,0.00297962724966289,0.150269634348594,0.054378012314072,0.0876052329992371,0.245946533140317,0.185270065933088,0.0196178677950232,0.179986717894458,0.0672177491484754,NA,0.0778446663121036,0.29189056237071,0.366557533293589,0.0526043313094454,0.00434372095523139,0.224390254007077
"ROI80",0.343345889921804,-0.104965661977415,0.248504322003309,0.53469283562771,0.466405461150799,0.0400719299884745,0.363315589891205,0.703086491636209,0.426673916748131,0.103913990927675,0.0407276141589056,0.129224788855787,0.103058622991014,0.00442607349894179,0.393024333684427,-0.101296639285471,0.48124932741972,0.319355456874269,-0.0468179485940056,0.362423058936066,-0.294354316852847,0.0129240594023388,0.655900204863772,-0.162304101563568,0.151006541334576,0.277811724469509,0.336396062622239,0.426473970649942,0.805292485088362,0.0843370474001891,0.148046192817878,0.438487755420157,-0.103187030648191,0.290254837761493,0.262124815502271,0.61249330598162,-0.0188937863383645,0.029149568074698,0.694003334024142,0.329550974730766,0.523474254495577,0.533219633573215,0.0168641501610327,0.13514592727028,0.499830925195155,-0.155443172582062,-0.222153515755647,0.380665783957901,0.223761554377491,0.351010235027956,0.0961559450709861,0.0775209852853394,0.320805085580584,-0.0795586693740781,0.534436866666283,0.182776890366617,0.675165176233956,0.295417250747487,0.313268763873994,0.66191725468192,-0.162611116517726,0.0654689755208771,0.422056753643942,0.476253500257742,-0.258505134580132,-0.367177007131039,0.0629086379037534,0.0526535502924588,-0.0118431597957264,0.0820481357033758,0.323617180622497,-0.134051423772359,-0.0165680525713728,0.0347837213614757,0.0909563986429396,-0.100864199313375,0.310516128478516,-0.0588342462816972,0.0233896934945269,1,-0.164683694282654,0.153064823707602,0.226294048458312,0.297692360941781,0.499826038307758,-0.0683078128935609,0.312065405986011,0.245578309046575,0.143742623468881,0.214002728838517,0.144880601454166,-0.0979417425081886,0.420912218016142,-0.100303194442258,0.430250821031875,0.142822375317702,0.236025122087368,0.288626297705185,0.0719267156097471,0.332810111420972,0.102965060168038,0.358147411900122,0.0307503940764221,0.0947827796965712,0.396498881630412,0.704583988098613,0.0167840033332344,0.446568138821668,0.100833195194175,-0.0957037562670718,0.0429578946376514,0.391493050125353,0.345756355774878,-0.0283195670272745,0.383234946412861,0.620468859248032,0.394039276184307,0.262755170100389,-0.180780189725289,0.450503427036423,-0.202896894709624,0.155130754211979,-0.0748138898485472,0.333725465899266,0.0831868069665317,-0.0273188043176963,0.249506884423791,-0.0694807092794733,0.0979157434272715,0.112363168904165,-0.0946377268666604,0.534147103552181,0.247185013092594,0.165597200285202,-0.150505220106198,0.48001642704322,0.0764313562226818,0.161295593043303,0.297267901507701,0.323691528103426,0.0043230384257197,-0.00110728818839852,0.428649479697919,0.131092822842057,0.148853209473954,0.369614184525045,0.215730350228021,0.4178683659504,0.152311366683602,-0.217179034070799,0.193930198172855,-0.263855334089484,0.434319845181378,0.324439715231296,-0.0278696469983057,0.377356186241679,0.722663624906942,0.193241544711635,0.100332334072406,0.391464456817689,0.121752507066971,-0.0581841047352335,0.0971574725000278,0.260439596860819,0.235821801669819,0.525105513360087,0.296573799527964,0.00227774627321233,0.372011577707491,0.129051478812737,0.00102972016990121,0.485995883133072,0.271707127547576,0.101907020833059,0.104801510611699,-0.0944085513195751,0.35119177765254,0.129063461131887,0.195395152433356,0.177126322530475,0.221722172570236,0.0988898049143192,0.37136663318701,0.0389744642090099,0.726673095758311,-0.0942416607011352,0.140672318685255,0.0253771616014549,0.161286829500977,0.314761467234153,0.53136224292358,0.0224645734686088,0.150691036830774,-0.107244285736051,0.468380922073085,-0.389695774782611,0.547996442362021,0.269360490734665,0.39841669772718,0.157801751299162,0.136550234240811,0.0594492255255125,0.545156506610671,-0.11384035689216,0.526540500615925,0.452867661003101,0.220551982628344,0.383148937111509,0.360661141033397,0.261739780934429,0.159765293071466,0.180214253276179,0.419859213851453,0.700521536078914,0.17840695651062,0.26776377964722,0.442495951247664,0.356716680163707,-0.134786107863015,0.0838070039662389,0.095320150762509,0.788862531255082,0.411877820622495,0.463343914814597,0.0848246458045697,0.00973727713266608,0.351619225395265,0.140673197451823,0.376998777166286,0.293888309629023,0.114767317079326,0.701807100129254,0.26082185406963,0.247231802528527,0.549243429149806,0.122003701679703,0.327306047122292,0.0254986751144622,0.302860131218629,0.823445956704027,0.223714896404478,0.487110731306727,0.339197527188834,0.0928566687540366,0.403887580577791,0.447536139354331,0.571796575842051,0.0345919531285665,-0.190325010025362,0.534898820258162,0.027939505365112,0.255761767845671,0.391433098966363,0.356179620808864,0.457049531308849,-0.112717228341801,-0.022754186866968,-0.338793077700466,0.141324509889342,0.0619675315583614,0.232982048627266,0.470307764396734,0.176534668120977,0.26540494993142,0.0750946201323814,0.387471924765189,0.110874843640169,0.346932521063492,0.272496963419009,0.327660464112146,-0.0508466837030793,NA,0.242813572588578,0.203568799054552,0.463181123215209,0.153894299200216,0.381600167323372,0.452356611050069
"ROI81",-0.261864360395995,0.422165918674745,0.170579322458055,-0.0401922510525912,-0.00967623265586316,0.423493247416592,-0.0190048086413459,-0.0253890829221024,0.125407585952618,0.172668484947579,0.218901145554302,0.104559937798576,-0.102756665701971,0.23986640457247,0.183268836577777,0.313530302644778,-0.0790685783319314,0.101508956361792,0.258587781994638,-0.141274263357866,0.571342217736879,0.327610950186586,0.0690359371945412,0.613416438195992,-0.0570705378372508,0.116559589518551,0.046725120127497,0.0800998023430608,-0.0846287892662198,0.129535487371755,0.0430181033118561,-0.0315169128754521,0.400402183078013,0.0881036555494234,0.215890938453029,0.0129492736018146,0.613309702570778,0.0566461502001843,-0.00629820157571938,0.403938635303789,-0.0844911437098562,0.190207823965672,0.0756109171024902,0.319213427992122,-0.0951372829164258,0.484154858935085,0.429178289276186,0.256317473146891,0.144346901242618,0.113533042083583,0.459830318148891,0.169716661708808,0.147740469687104,0.703154775643177,0.0886962858392664,0.22671282129678,-0.0748869173109041,0.150021084642531,-0.212630294554367,0.0752138736762368,0.154298120318802,0.383589471295036,0.0820103563505684,-0.184971487886953,0.423762396739304,0.35606500617125,0.122604364529168,-0.0236139224758766,0.713127713206466,0.0508291981975625,0.131336112769177,0.521286880308617,0.0365675697150394,0.432151662976353,0.208766688955178,-0.0613611237621414,0.163286102410802,0.34069228208862,0.107326446724082,-0.164683694282654,1,-0.234145766298171,-0.23326573117635,0.143942871909154,-0.160797417648702,0.0990629117542921,0.0323732800972741,-0.123835821677414,0.0727746570463479,-0.111362362668487,0.373532083023845,0.391274834102241,0.0844214144143794,0.409034486189794,-0.0176484029184314,0.103278804000241,0.0895399936868242,0.0335341215323809,0.068843563440582,0.0584435568705565,0.300813656076973,0.0511279393734398,0.179044995071082,0.120145389365191,0.0427914024464989,-0.00615833796283878,0.287386699425784,0.122930143071169,0.122162698498467,0.156403771221119,-0.117461544694733,0.0468679863526459,0.0867347206070824,0.215267660924159,0.253949671972925,-0.152500980950982,-0.0547216684698367,0.266520570992278,0.604639144876542,0.153012178635899,0.114203279202883,0.308225308200899,0.389935431819444,0.157474426368337,0.40876892814073,0.0836413046223629,0.0644347750179296,0.0282070761221587,0.0323671682298527,0.20201692327426,0.461150034278361,0.158086466222121,0.156989202349614,0.0407920068326894,0.504740404128312,0.109569200859832,0.242686898315892,0.362558793911822,-0.0438964105013049,-0.0936904760635686,0.0753964900689188,-0.129147399532042,-0.0920256798071614,0.206743487902627,0.1479024493555,0.0810608149003226,0.0973386529887863,-0.0299220612280484,-0.0288403708862788,0.185795360951493,0.326184198119471,0.308265624021547,0.043687494696567,0.106734674697441,0.235376171526467,0.0956828027704302,-0.0653843544067082,0.138870640527973,-0.0414746591258533,0.209381844295713,0.35774058898006,0.114856000149512,0.366219717993773,0.338527180247788,-0.0431405761927128,-0.00169384500556665,0.214451332347786,0.216271776398993,0.0577456946859151,0.244483911345546,0.584386939137275,-0.0521536691290457,-0.0134317382837656,-0.10911161299237,-0.0149459337711519,-0.0632984741129009,0.115829809472301,0.162968168000763,0.0550087644525741,0.426802163399748,0.315180633177921,0.495569520361474,0.163508677141411,0.170333479171012,-0.0101102366327959,0.528854484379109,0.166292380290927,0.138806394719311,0.29894972048834,0.268564533456815,0.23623685395317,0.364066060204667,0.140944517504357,0.425775593647027,-0.00723799767821192,0.0426972675665698,0.168094494303436,0.203714044687833,0.220828235222238,0.349922716770486,0.0911350480927918,-0.105875390234508,-0.048183229636675,0.433351132865248,-0.0297114876666671,-0.0918030452864567,0.0953628301908655,0.102143678684771,-0.205886556500628,0.243132872047201,0.0758872400618767,0.250798702502687,0.235963029862463,0.0458033190582115,0.109248659252593,0.114944776183384,0.270535832890746,0.0823926017020705,0.0360180898090392,0.137242335367919,0.123454410876822,-0.0251754274642981,0.113692752963536,0.0918166305543622,0.68659250971698,0.380591033725434,0.125945747785622,0.320909194541101,0.0442630625269991,0.239439536080008,0.0389463760157692,-0.0397006161948889,0.217119725686889,0.381212428542854,-0.0537373216182318,0.0252371911758628,-0.15353943036394,0.230325791525483,0.204399200042578,-0.147147734755449,0.0410464871077703,-0.035924210849631,0.161685309693418,0.286068657479154,0.00179445493156856,0.0476762074398842,-0.0439023349795242,0.369118024004591,0.386663957031446,0.159994185833647,0.449108948041191,0.0671010361943539,0.014414122920793,-0.013147503310236,0.0514536994136481,0.133950490935306,0.0586712237249609,0.544996349366049,0.112779171367413,0.222113891859064,0.231171441069068,0.0265149285523755,0.00467755193228913,0.0633684339086701,0.0696706373487943,0.132435946321855,0.419996024908816,0.113406448113151,-0.0498175559380061,0.0926619631968581,0.533762363927267,NA,0.229918416518095,0.0508109603307462,0.210437761229699,-0.0176106644330013,-0.1036151621691,0.0393001964385947
"ROI82",0.475190674197047,-0.116099021504144,0.0352832504099301,0.103689395503254,0.248883120555056,-0.054996316709381,0.0652050194426897,0.287486446343819,0.216874137117202,0.0845091649841755,0.296789926120079,0.234310877772884,0.0877891873076096,0.192397218364358,0.285098054617858,0.310864432690459,0.500022499707998,0.19435495499983,0.0984288733903502,0.418647745904234,-0.13880575015703,-0.069588537413173,0.0470983754004634,-0.243204488735625,0.27230988663272,-0.0374022619728873,0.642123234980464,0.166335901973886,0.18502676977286,-0.0653376946891283,0.0638307627025211,0.165355275908471,-0.0831045576530891,0.0369394992213385,0.0869668026332494,0.302382409406109,-0.169351082879108,-0.137396871212696,0.251299611378699,-0.0409836362262983,0.421532507546001,0.134785597683423,0.305761391260882,0.0377544660841829,0.328644795692766,-0.092634096931211,0.0928220807750404,0.0557490640550989,0.240744005043905,0.247681590204472,-0.00426677312546641,0.234319784324353,0.218454834463011,0.0812896740721073,0.430407972120182,0.30769637076938,0.185315865993387,0.214476896803638,0.669302735539889,0.148853793312383,0.0841045722912164,-0.0988265917111706,0.239463913478458,0.59016013785495,-0.274322202183254,-0.127503852341794,0.607394236399017,0.0970387549419172,-0.124608310053348,0.0873836357217423,0.418454949322089,-0.208933949248389,0.0608461768875813,0.000598548528173279,0.194618789704348,-0.0129097915745873,-0.0758180576398202,-0.358289563809529,0.00410635353910253,0.153064823707602,-0.234145766298171,1,0.688989334871644,0.170089453874374,0.375648569564904,-0.0862661317337865,0.203364879318265,0.627045306989532,0.00517766386853754,0.268059177298402,0.210778904708245,0.314741338665754,0.40808441035303,0.139934558678379,0.335345828992966,-0.0264932979135403,0.194505511014611,0.282691522328551,0.39262778982829,0.468886582549557,0.458297643560521,0.0823493234534219,0.00317072775506701,0.0308153301298095,0.0843909996602507,0.136748582098362,0.028971196962611,0.102808897810295,0.112223035631899,-0.157373307121319,0.426845435823381,0.158881351148473,0.0390724646880472,0.05413953729105,0.23652665263128,0.236105003688667,0.38299418975961,0.255402375176653,-0.213668921500123,0.0956203592181933,0.0271790378291924,-0.0318285331792204,-0.107943372629972,0.0934655735511202,0.0722873965534477,-0.0135013123421991,0.0793380321538393,0.358593661546909,0.0253144873695494,-0.102738606580596,-0.184285487049652,0.224376051213158,0.276455281148318,0.179963105953382,0.0398223020501393,0.224744324757676,0.357337628054941,0.324481799743481,0.340110126607957,0.636399031637342,0.107062386328924,0.00557154496954919,0.332000441521187,0.178740138791877,-0.164144885797779,0.363997198061859,0.00424526527608681,0.265201026970532,0.509930659207915,-0.235873053270335,0.0861108257777478,0.089957617230245,0.140675756192618,0.0801608243575659,0.0937365619414034,0.157746038071289,0.262496761676465,0.238222167239402,0.156903263361269,0.23078742307859,0.373469499741633,0.173029655882113,0.0398482985752228,0.358000242260373,0.252513792121535,0.393085533529855,0.308887483750638,0.181874132821327,0.248802939404432,0.0582179842593281,-0.15737137843829,0.39878808130068,0.603089379565655,0.015703073082639,0.133018747465581,-0.271317111846749,0.0942560502255063,0.044171277511338,0.139272974082459,0.366865837610155,-0.0833942543987042,0.0677841674118902,0.265232972927936,0.184080693946482,0.110650533820293,-0.260529074612056,0.101479201283219,-0.156830465820466,-0.242219931548274,0.201523043652081,0.176003853016126,-0.244104591261574,0.111035847096132,-0.141044722749771,0.391327317110067,-0.156001137295583,0.000464868681204106,-0.151779290898301,0.0745726284119499,-0.0208752432611385,0.0677225984434265,0.147705391534437,0.367721169263027,0.0887324008241925,0.252845107142745,0.385642734116096,0.38639877381176,0.139230857047387,0.252566194745467,-0.0551160772293311,0.094655097113205,-0.155431429742492,0.105850341310251,0.181810161637304,-0.125462334059487,0.417564524109672,-0.0421471029255897,0.406924489016384,-0.0377979962546927,0.030058860473764,0.242613984651024,0.180006687565058,0.330403511240146,0.369523634897259,-0.0525238394217317,-0.104454393583567,0.131532352925787,-0.227468800674757,0.0691143509680594,0.409260250812724,0.183468465177878,0.276055337915157,0.0475348904699994,-0.149342079398037,0.10735370229736,-0.0413475921347629,0.514232314970155,-0.159430318720492,0.283995863696566,0.269866711468177,0.346636538298266,0.355639495753342,0.160922259479194,-0.134524973637437,0.337062369572949,0.421979151015416,0.10966070201418,-0.255689246895449,0.135727283699225,0.0645372420471639,0.042507784616087,0.074326729289553,0.0519261705854175,0.201887745329927,0.295136603045866,0.0122349042979878,0.0888785836814876,-0.142049438555736,0.173829031211787,0.152603900706226,0.0232396914734864,0.211600766856436,0.105677044682706,0.318948331559067,-0.0511552337337854,-0.047291767083595,-0.12177228899818,0.330774311445484,0.72454377820957,0.0169365308516342,-0.135063084379487,NA,0.0873966935620623,0.213854511692054,0.177371694332374,0.571193739164132,0.417423126164853,0.184925037257816
"ROI83",0.579049349564264,-0.120029323261102,-0.0460214143460142,0.320948806818488,0.416603135593524,0.00129053582574288,0.21977485692264,0.387552292896375,0.286266545260706,0.107841587825179,0.112846148801311,0.206040712384146,0.0257593083458755,0.033786994445748,0.391844692988424,0.208790573256752,0.487018788407446,0.387234481778288,-0.0155527574904946,0.381803067826056,-0.102613308516018,0.104036166833537,0.291400968092918,-0.178921461921809,0.197329961130758,0.199618256032041,0.521960468465716,0.340679086088893,0.27444083490205,-0.123500480451846,0.00236334719159032,0.321526788792428,0.034749661195075,0.285988108538705,0.22015860320604,0.336304720873446,-0.195252632571087,0.0614666253397478,0.276548527558617,0.0135595003806446,0.35541095244239,0.166092852907774,0.151443667496226,0.351266344233106,0.458914652613043,-0.0875213016876772,0.0636852174020575,0.116792942222637,0.220004911741655,0.492066652613705,0.132931838545275,0.151596746996164,0.22379644277098,0.0307043094193197,0.364282853852231,0.577375762370012,0.343556912300496,0.169774910112002,0.525776367099344,0.20861095373315,0.0584700422555515,0.0384679442914279,0.193633197566906,0.488311096653026,-0.0587972767422482,-0.097764482104566,0.375889242473026,0.0980008911665851,-0.144539007636708,0.186878802720794,0.407486361175874,-0.18406794245202,0.150463388147665,0.0206271801440397,0.11143119375315,0.0381351340052421,0.185347983427783,-0.105364760515684,0.086405129271126,0.226294048458312,-0.23326573117635,0.688989334871644,1,0.231403772839483,0.461531903133287,0.132178830643836,0.419675299948585,0.452971106531067,0.282730220764951,0.359032125937642,0.0433116112954299,0.156460775321324,0.512862756689251,-0.0354890410548342,0.229512750832419,0.167508002411433,0.221659904723584,0.366065375821048,0.502786539599252,0.329795819067462,0.233522497684196,0.275480087475058,-0.0507150933670886,0.161406371290281,0.309397956925444,0.243861584977891,0.13234024329102,0.194700249383157,0.0862476567489072,0.0199481036461862,0.194031589210359,0.209680400238235,0.0496078479605432,0.043585927261254,0.277183195115945,0.268724885635672,0.370131214768697,0.193126125397263,-0.0441740961744497,0.169169342597234,0.0709070686577045,0.0140967593007594,0.08031069198069,0.114891817808751,-0.00987793415540468,0.123436826018129,0.092229314776677,0.275000206595567,0.0949844616134546,0.0676440129220039,-0.105248379735117,0.248450071819544,0.407314727266078,0.236907252476418,-0.0517315075632059,0.227024125270516,0.0634019066892282,0.0718706992803988,0.428424176650402,0.464180622219592,0.0585297274105136,0.082373169855454,0.375599083955741,0.0801380892981731,-0.0556078348115233,0.343098817988144,0.205520031138766,0.364521401044919,0.387052061022661,-0.050016378183368,0.113644585311329,0.0892346042327125,0.258222954882236,0.339052469868036,-0.0123360456583028,0.129275403469441,0.343461882218994,0.185279722780285,0.151388109818282,0.218013825413246,0.223496697875273,0.178969505249622,0.0965887188115042,0.230273504383296,0.33081251912937,0.417898739083495,0.182828849310012,0.135706986201382,0.126646182788262,0.0594542155980001,-0.0340467326995895,0.459411889662304,0.547557965265651,0.0200581913668001,0.133040691148268,-0.0979416653915079,0.20465154493969,0.0892074262533785,0.233115895742609,0.182260406084263,0.129849196478424,0.037256915106777,0.398534895730843,0.143125567187164,0.264288675269475,-0.159778309201201,0.0396191446143531,0.0507252335814069,-0.0814083688188055,0.204123554933434,0.240597518140132,-0.0663105664171427,0.181371982802525,-0.0466551588150471,0.450510194825797,-0.232160077845598,0.13312702935294,0.0773945626735365,0.210588581518189,0.0845957750843556,0.172385588838048,0.188832180500286,0.361268664163334,0.146027393563722,0.336260040628936,0.483674380956655,0.378543372414003,0.199071700882137,0.317122444807681,0.206814207713508,0.0227248883397978,0.131072383518309,0.249539680754695,0.250270551419862,0.0300580675430663,0.204448789529127,0.122936393528171,0.623187992366883,0.0165106536025051,0.0981244851611266,0.195801211175943,0.372717811281336,0.294625713411982,0.420113312248819,0.0130407706092318,0.0305354685147217,0.193679300774179,-0.0599933345081038,0.275343350304122,0.382461305990665,0.205966966858898,0.294871606847104,0.114916462004184,0.0632182710703345,0.373826612401174,0.106467116911121,0.587450125349923,0.071133007598931,0.243829926185977,0.245767094522434,0.384000846627456,0.397571341239461,0.211946868306495,-0.022285777775852,0.479864295626998,0.420499964922455,0.293153822196492,-0.106226628281762,0.0952923066107177,0.149353240555768,0.0470881282291851,0.198289713383024,0.296741066379605,0.380325408002293,0.429605405383454,0.0257570164583043,0.138242550579835,-0.0756401041473116,0.195697366416303,0.0847452541773367,-0.00304899587291653,0.372773407896367,0.0524914431589678,0.463825302420713,0.122593431753555,0.168242647415371,0.0142984189145955,0.499880776948753,0.551573451676887,0.162900767631788,0.0751686295819277,NA,0.092971753622434,0.104887282114589,0.271990576391656,0.403453637341263,0.500684777284315,0.375784980874736
"ROI84",-0.0518669191805067,0.177971829629865,-0.0265261401056813,0.416844942442621,0.155410681051176,0.188448599381366,0.298516114787415,0.380895289408455,0.327256952478669,0.225045579648398,-0.0595486981775178,0.347398330551517,0.0183354994879714,0.114120239606958,0.482713803657499,0.22834821669242,0.210923064806902,0.451533761137675,0.036342135123544,-0.13542779647758,0.283895303412111,0.238324787970295,0.379382973474393,0.316569621801232,0.215156684976717,0.30580716301746,0.239914811660172,0.36664701150486,0.382914234218278,0.0678097863334584,0.178158789022057,0.350626362146921,0.341951356272939,0.510590317270915,0.300816514953512,0.623727981496402,0.0827748268598979,0.196052933769565,0.401900412375478,0.356182676883288,0.419926832394796,0.374531351075928,-0.0541782818347559,0.524521393984895,0.600622931464059,0.164870681547299,0.227252812187417,0.61073793823776,0.16752796986408,0.372733213539274,0.201687142878195,-0.0388787757747253,0.696378453918367,0.237412629394807,0.442128305971202,0.482279704935708,0.18932009430107,0.146527032001217,0.072784330999101,0.289655262833074,0.0519836412976936,0.453502360323914,0.0507431205202283,0.253463544401912,0.129420631458062,0.0852654496556914,0.0265898300405542,0.105061915039921,0.24702092316485,0.0838294810288631,0.337233719411127,0.280158339542493,0.0418254062952749,0.215731492621203,0.251707786434337,-0.0254115291730678,0.402178841137624,0.137584562362621,0.271237358922087,0.297692360941781,0.143942871909154,0.170089453874374,0.231403772839483,1,0.216886303036087,0.0906553118846238,0.391605592125776,0.187504559435797,0.279757230393827,0.168249275566379,0.0567670014122671,0.239256212923908,0.365273221265071,0.307275740674017,0.188002524938731,0.108420242645854,0.332165772809027,0.17695106966272,0.130133154246886,0.264051848546361,0.22086217914382,0.322683015353802,0.14409046284543,0.10962008060529,0.419966945174127,0.626313728868175,0.345339444120262,0.536521923241782,0.0229406927274151,-0.0298830486105169,0.0395091851814774,0.259169162097932,0.227988945605339,0.106306152349771,0.393525014578558,0.0104413773057192,0.725654949615745,0.275237400463019,0.149842302996687,0.231052810763638,-0.221085698002856,0.335253264221903,0.273163629524775,0.225972842630712,0.294927477221926,0.149376248625405,0.427666540151052,0.00410650413632473,0.0689615949902121,0.148412145401455,0.223868617930751,0.660695123933178,0.247625865777088,-0.0606876291442791,0.364181194447812,0.544856905394995,0.127448087389165,0.150593971461498,0.320856706769137,0.227284799941139,0.0688336431157442,0.173956653550728,0.28532933577664,0.135205272017802,0.354220896494537,0.444641815572806,0.31549965310222,0.335309732274192,0.0663164132049089,-0.0553573926939501,0.302718176530561,0.262155903897518,0.251191791115078,0.508442540594869,-0.0305964454088726,0.586954769951975,0.498112430765615,0.152923633163642,0.0903181431835378,0.294045381114354,0.0933450606834049,0.111413689605944,0.176743821686942,0.380468050734725,0.649824252811581,0.360889156961832,0.245542822479188,0.249767029064715,0.124708210359425,0.159135736775764,0.412832448764523,0.322843752730153,0.292888572857253,0.0572861318297554,0.236117806488416,-0.0369039658286181,0.280383478798893,0.249559827230614,0.217612995188052,0.273505322014784,0.322048537370962,0.32461867552308,0.491480579278985,0.0762992945046287,0.431826309975295,0.321212204940838,0.27317989421186,0.175464835600813,0.186957164883038,0.738652321567072,0.432555418995104,0.405807677217757,0.3931643883388,0.351800807846436,0.228277533953637,-0.0915775477963645,0.373335339403873,0.308094215343294,0.283981524662205,0.294724336417831,0.363272611064458,0.0256796952262528,0.408395151605796,0.394208919577934,0.529601244403519,0.229249943287819,0.149204553438216,0.602888717852197,0.160929949375997,0.564567557411016,0.139189058649661,0.473987840885654,0.249585204810385,0.499457388007293,0.207786571837072,0.217023512889339,0.364104349588446,0.484320051462625,0.0767405910851509,0.320522729492381,0.336603380015792,0.413407884566423,0.831800085798964,0.562443928818055,0.297475719301832,0.34384299401912,0.727126431408672,0.284240518416425,0.444185511546279,0.464047894361664,-0.0522502478242042,0.413577493239979,0.314105042683551,0.368087523013488,0.461817005735976,0.139605309480157,0.363640912321005,0.296596791074527,0.249765307307045,0.295723251848088,0.489053948857745,0.348487112301556,0.262598397087283,0.0790325197890828,0.376808173599071,0.421365063579934,0.380604428406198,0.292843608778262,0.372519592364732,0.344930491583642,0.248222313734245,0.247604299440542,0.344020606550794,0.343350407741909,0.440101490312095,-0.117041643306589,-0.135712589823621,0.281817630409498,0.352518825981087,-0.0772992678563311,0.295440161718139,0.476875204411777,0.18417389089634,0.456679178804549,0.205116438172978,0.317402306952667,0.290055973495385,0.416139936258438,0.208931880547743,0.837139975256904,0.264387684571193,NA,0.17438478270493,0.136682255052647,0.53858197169956,0.134092290397793,0.274584087816069,0.48429404938705
"ROI85",0.616586098471447,-0.172076769255165,0.104443216009693,0.595564191856501,0.655087587244204,-0.0430973395732709,0.556507801046643,0.647017937078248,0.449760757558028,0.165131552403676,0.127753345152703,0.156668325433904,0.12565959357851,0.193767282734843,0.522192445058414,-0.0251770456476859,0.601881555486831,0.45590389997528,0.0799628665584167,0.291458878485988,-0.200430034497776,0.0149871022312166,0.41498433138636,-0.146486948155976,0.117148202639911,0.225361248646353,0.530817498347143,0.682626720780512,0.549582274620453,0.139946414579911,0.0287790212089864,0.428596005244037,-0.103462884440478,0.506409980349608,0.0773013694945966,0.35570552000536,-0.00791343334320085,-0.103452927851349,0.389525477035541,0.0204404533586266,0.391764908437955,0.353195209605231,0.136201760595451,0.172647705519676,0.558139990917761,-0.176516627548903,-0.138534315272953,0.23130511756292,0.224276587340765,0.603448841217421,0.166403684423269,0.267627708609455,0.41492878066733,-0.0031302442560814,0.439533632104315,0.391915758423659,0.669846285118148,0.360821295931196,0.579978467322529,0.268671809685686,-0.0476488589715495,0.105419614700041,0.35218386289362,0.67663520059745,-0.120929479362441,-0.297701078821597,0.168630986942693,0.154734215304547,-0.0460325088192783,0.238131995502962,0.511547604133659,-0.141725865970117,-0.144176423206648,0.0380900057646577,0.169686423316202,0.114634656558919,0.101834237023609,-0.169955273170015,-0.0484680657970955,0.499826038307758,-0.160797417648702,0.375648569564904,0.461531903133287,0.216886303036087,1,-0.0800706726465405,0.253969715131869,0.330937026509946,0.233026315641233,0.248722845022853,0.213877966999846,0.0923690930031888,0.564911544506463,-0.11942523581234,0.26640271133288,0.143718332234796,0.252783881802594,0.321841712033806,0.276938327874164,0.241545097848536,0.179704797198177,0.258229033585054,0.116729477397536,0.11758911690394,0.507785946427081,0.355700574737408,-0.034391009692558,0.273654705449577,0.095776527649762,-0.101086511204841,0.0607280300775392,0.294755792261468,0.296279285116569,-0.0941155793774283,0.376167329156269,0.458526920406693,0.383051069593672,0.28399982463487,-0.129693186550662,0.294958270078529,-0.0456525033425425,0.0210818378059322,0.00884386903995701,0.146177524625897,-0.120097836849967,-0.121738060230624,0.270043523372748,0.152374920764623,-0.0311310113784106,-0.0245559590906395,-0.166692322899077,0.305924710480418,0.364120781521468,0.0420271397107638,-0.134066887138776,0.311324384119031,0.122455345749013,0.212692157556832,0.62364657622493,0.463245838356789,-0.0663743847141018,-0.0430022988075322,0.266062110570043,0.209737718440132,0.107606188611346,0.358114895367933,0.0550460114576819,0.699436105248784,0.300661293042452,-0.154084608884251,0.11071158197051,-0.129923709059179,0.249107432404032,0.491950307907928,0.0727801742683399,0.334906065997169,0.664362640700572,0.359382939239661,0.0125512678310362,0.171292372267419,0.220909411766109,-0.0599687682900085,0.0904413938124253,0.340915847728923,0.27171258936386,0.59829344248833,0.296753410252986,0.231966797257339,0.352172094377928,0.130662890211857,-0.0274387020557253,0.680855082028553,0.479984327885101,0.0554661497821514,0.0956836630538811,-0.119364521551066,0.256604980652047,0.184839500818317,0.149252799577678,0.272922604090961,0.135451585883675,0.21079690553709,0.485695263509101,0.155872665712859,0.360627799696426,-0.0954048905054753,0.17742629527714,-0.0589705175625646,-0.0100289672770516,0.227730802360738,0.3612984833133,-0.0344567118247637,0.11310716882359,-0.149163866535793,0.64420009440267,-0.377258419675962,0.439430639759725,0.194173368729546,0.409295063521598,0.13376737022436,0.0549392510391613,0.0897216683232019,0.590580225793737,-0.0759791575633582,0.384975353230581,0.692756286743769,0.418444883505191,0.265325672725937,0.216048310407795,0.28170952606794,0.100993713516812,0.0991645341632283,0.366004022470899,0.309030774406451,0.0106756164514845,0.249173252148003,0.29118381552473,0.507655004552114,-0.114029397462219,0.0374745537337055,0.135867378293794,0.471350378861046,0.317050789757081,0.403442189218269,0.067044093621049,0.0282519713291968,0.342266815253605,0.112326742900716,0.303346500987658,0.354737175788578,0.0767683997660427,0.355099789905634,0.196903215895323,0.263689918523994,0.351611228889773,0.0237424696996308,0.435799539271253,0.00642039671258453,0.38855566068821,0.518479024002059,0.324144463132006,0.804928647473978,0.332887183926501,0.0184430235654652,0.57684419319218,0.465675927477742,0.277677716323149,0.00910285103261,-0.120856593844824,0.112142088978777,0.138393653134081,0.200071795178107,0.481501369530826,0.721180630859682,0.554598171286527,-0.0237073664286306,0.0655679845258128,-0.249833537774718,0.234480192295232,0.149965293475908,0.188850895541188,0.616506877642505,-0.0474364856500448,0.639765477823249,0.0664709298917003,0.272875775746459,-0.0292068354496461,0.594541419776579,0.481048128907619,0.281403305207652,-0.0625569459515732,NA,0.248156866441877,0.126703697977508,0.308006648538865,0.305008256302341,0.749930036089852,0.545622083346933
"ROI86",0.0777580668015171,0.453643962678914,0.05941187219889,0.14917889169099,0.0357749997248225,0.420245708666901,-0.0599336843566306,-0.0105388673136736,0.0458254547638059,0.252232899255156,-0.0279522994688939,0.26640759004381,-0.179477542610037,-0.169964370762094,0.0194185900527197,0.209793450330484,0.0657727244512548,0.089511009548596,-0.0217389693946464,0.191974248782491,0.220804230331089,0.341158931102546,0.176374808813702,0.31211799139498,0.0178701913788789,0.190251240790203,-0.0757075704606387,0.102718276447134,-0.021119254861833,-0.0747927603579518,-0.325463541388523,0.12082533264425,0.508330861815642,0.157311434803388,0.564481174194966,0.278770348465865,0.109920138406479,0.597649784671624,0.120201911165179,0.272716477942723,0.013219551087354,-0.0922005629531165,-0.0579752118080374,0.302056205641983,0.240432517759487,0.440163974417655,0.257463754891092,0.0458153115567875,-0.0143881504474826,0.260070317232529,0.336595695960274,0.135437146899132,-0.0272067567555151,0.140618139772538,-0.044898759552553,0.16221619501257,-0.0741122446347469,-0.184200686781175,-0.0322235610737647,0.08607644864504,0.189103297814274,0.32924964702361,0.0687172113656321,-0.140783889456398,0.115596896377899,0.327239796260299,0.00227872048855011,-0.0886633907068676,0.192357926438385,0.0839620953371337,0.00219247905336653,0.366138244671366,0.665786456424934,0.269836606623512,0.258259043386182,0.0384317542738144,0.118000894352206,0.432013832560109,0.199093131596484,-0.0683078128935609,0.0990629117542921,-0.0862661317337865,0.132178830643836,0.0906553118846238,-0.0800706726465405,1,0.425467790073559,0.0135368338639697,0.200415230937066,0.12456814751928,-0.0668365977685631,0.0796692047808093,0.0676738843849272,0.27893420791848,0.209843612878629,0.638015432155201,0.0245552572383105,-0.0758318286712928,0.0326470332414852,0.182315971260883,-0.0546395525066425,0.649847305987735,0.26424693626438,0.291075942156531,0.0151005006399861,0.104409879904315,0.338115500567429,0.248386945126067,0.162824119348262,0.871178859260528,0.260443382998055,0.0966304154658937,-0.252964392701566,0.12436408739124,0.00374654650707259,0.0988843254234199,0.0197768261807335,-0.0414144949831946,0.215583477704676,0.257014093154116,0.230419583223494,0.391291636069297,0.190121631493164,0.191866091186537,0.174641770133853,0.710812566792191,0.0116903300683721,0.00979908265040865,0.223201290783121,0.610657215010809,0.41709865009025,0.0519020014270583,-0.0415512769364895,0.436656244480639,0.129305391034193,0.0771912159691197,0.0925617418098386,-0.0892393349428141,0.0311719445574089,0.0608395986148169,0.0248979573672022,0.118544978231471,0.324703758107061,-0.170215527946926,0.333855756776322,0.174110170395689,0.700366716717206,0.0228958229636651,-0.00491983586056658,0.596306625650345,0.0354134271656804,0.385835776841896,0.131626770828028,0.195541868575559,0.111425691488131,-0.0517699836708961,0.105572305018071,-0.209991480546691,0.119339183265854,0.265230078714212,-0.046212007206297,0.417418013056318,0.35382537043853,0.116649412600644,0.0357514751988583,0.0665068250057839,-0.077023494443892,0.0165863866168386,-0.0132129275953174,0.277168051420754,0.11159676932105,0.207675880099761,0.0419473597373918,0.0686659590792067,0.0579965270128367,0.290027259810818,0.283505459443263,-0.0385713812897701,0.516486562778438,0.0870365854966247,0.250265606828132,0.165274184057014,0.0205157508576004,0.174431693202127,0.129854193865385,0.283146792866682,0.306976910816551,0.352944288667319,0.458752802677259,0.0761617156834959,0.0176154592690353,0.366027298699056,0.513085667533849,0.474420281098925,-0.128933192074197,0.101290252449255,0.191157516271169,0.325407023038257,-0.0126292506590564,0.34116184490844,0.573618795421707,0.192426890786629,0.0108265460735684,0.333471148970605,0.077923398937816,0.0250134844083804,-0.0200091766006745,0.096533244893926,0.338794292023677,0.315539111291622,0.163493345375383,0.474213450407138,0.0436075968028334,0.215547588116077,0.437359420585455,0.0296944012972144,-0.0354741476394676,0.133521471085031,0.429410751428609,0.176195538437131,0.416025345159366,0.171991297800731,-0.00215153363971352,0.105412704969658,0.260281398256764,0.545104386645699,0.0584281451050981,0.382005395366144,0.365491916324496,0.0259042571625963,0.0986266034585524,0.224661626528338,0.230566742329509,0.0635179051999286,0.204234608563131,0.609279381077318,0.144166549168213,0.509714408245023,-0.0521733460279653,-0.219214173331981,0.194025355428495,-0.0421779241813946,0.0811853532642994,0.15399515041542,-0.00993534489807921,-0.0113205135153756,0.388979481172227,0.475240031728233,0.261648527275528,0.286292562989908,0.257823645294092,0.188128197709551,0.150166417173973,0.116644412637148,0.0879055087449562,0.483597007667498,0.348288445456353,0.428085137126289,0.337182154131854,0.0806145440544809,-0.181532363497238,0.0394474219775289,0.142618627386348,0.107272855589576,0.277033109883839,-0.101935709364698,0.493018596958524,0.0640176053271927,-0.0872720711240904,0.0700988550506115,0.326930268522044,NA,0.136171348009121,0.174919114776681,0.18885707365046,0.128488129505855,-0.16668975047185,0.0508725419027988
"ROI87",0.184860449450843,0.184187584286924,-0.01558843937964,0.331593634649557,0.389396311522193,0.256330136066631,0.154392420371968,0.452937777581517,0.259023886745896,0.217327553501388,0.104632500544542,0.244196932464055,-0.0557501230306635,-0.0869723621122229,0.375211389752697,0.181975185223441,0.417972410534551,0.403786894158401,-0.00253579679617871,0.237970096119335,0.0364977042149508,0.343061491245131,0.649414297481735,0.147765098810654,0.194447613596524,0.307267763201157,0.271343910540109,0.295589808668624,0.310424766200384,0.0242128953310366,0.00367964001890035,0.333296176841585,0.464034405211249,0.314870020061618,0.651054895439534,0.476843413627846,-0.030913852643444,0.241350751111723,0.413068426775336,0.236925336736436,0.376665130223382,0.338797064232753,0.058775706921947,0.50889895820638,0.542762280565786,0.181196878163816,0.0827386608204376,0.251986251589558,0.180109362311953,0.395317235640843,0.321268552936206,0.171391797136407,0.321785023694478,0.14741426191581,0.317326398117284,0.317749581058385,0.364856821107494,0.168852936580958,0.223688157412166,0.325888015824981,0.193478393898313,0.49121651646866,0.175864531172544,0.233351498183903,0.12839296619786,0.0358434597383663,0.169149125511567,0.0967683883790811,0.109550387435246,0.20327991287876,0.310276186563763,0.157084495748505,0.349861285917279,0.262682933834453,0.343855327105825,0.0410630755636733,0.400278962410998,0.167648485401478,0.147825381431664,0.312065405986011,0.0323732800972741,0.203364879318265,0.419675299948585,0.391605592125776,0.253969715131869,0.425467790073559,1,0.179945316435751,0.340054115742607,0.431470497175418,0.0326683746705161,0.170765072414596,0.34215003515666,0.245942473825321,0.400480803930161,0.518836717716416,0.273901386972603,0.164484753219673,0.257434205608632,0.409569038370431,0.044433942382002,0.722843876588524,0.0982307187229766,0.231413433445493,0.317280385257264,0.471792997519985,0.319199290796383,0.50477533711745,0.286769535852412,0.244735171290719,0.153957175542803,0.320369518424348,0.0458624026388127,0.154341109971363,0.365800424747874,0.274604512049485,0.419002836535282,0.244732745489108,0.152862883254967,0.430773870485295,0.106002568590367,0.437767292233989,0.27338123637504,0.211875219046221,0.224779134859974,0.297733940753546,0.30410256552607,0.0942193807571305,0.18087433336412,0.152161262919092,0.214856716823294,0.313845780653734,0.30831881277804,0.252275164142139,0.0458884458640769,0.386832375627379,0.0866860994606148,0.0998856734465218,0.174375673229757,0.29398261192903,0.0954337466842941,0.14737631413627,0.341434291267779,0.0742691344084077,0.211649015000694,0.400140247728924,0.446801947549177,0.27545547210454,0.21693559259637,0.108212234747097,0.137023280139604,0.234210849899491,0.296480467767024,0.401966572632748,0.119996317140039,0.301748823675758,0.465697363135765,0.11589511012003,0.152854480125221,0.360852541295629,0.121897019792526,0.191013129824981,0.259690608944033,0.240486411811279,0.317816052327839,0.390843370847024,0.257407819453636,0.0404518412217658,0.180938416432199,0.132716449022217,0.0908348415913264,0.4871110149395,0.392352044873502,0.0376667654425146,0.145246607792738,0.0905211998000266,0.373846018924318,0.182495137224652,0.390715521300921,0.236127874950031,0.307780190913396,0.202393135304119,0.336682317747022,0.0707775654983507,0.383404633003327,0.1438116947417,0.29816750145094,0.163759159814426,0.255571782668726,0.321290971149251,0.357070048349384,0.260340600618549,0.432235219998152,0.228276976608665,0.322442087732738,-0.23955342129191,0.276784261668249,0.391073334364441,0.294321538786864,0.18908861420808,0.41392479695597,0.269633406312659,0.317105961913952,0.287868625108264,0.410693157530684,0.349711228565715,0.262761836753902,0.326587785463295,0.365837500203169,0.483791276227052,0.140243749022201,0.418843995199273,0.359898695993295,0.362508053697939,0.251428441008631,0.248465413643567,0.258900614882377,0.466431709837934,0.167448088777714,0.106332714251932,0.380386012051775,0.513835264485243,0.353820267582406,0.400967054826467,0.185688668358538,0.255004566614512,0.366539837164472,0.24401845778692,0.473955554042156,0.291939942205468,0.0826440841721357,0.438561922696802,0.325975776942175,0.279280276094805,0.589274666597591,0.334303759913432,0.404472783771844,0.358936385094579,0.243165984940418,0.240013788493399,0.46916318531485,0.343028849926084,0.293407988569004,0.212683416447169,0.372944321638398,0.342507828236858,0.481543630095342,0.208478133041458,0.158485244127985,0.302503221074275,0.201322267578939,0.31639145065035,0.272583169106336,0.378853436654818,0.398948480175979,0.0912030803624392,0.106133733104255,0.0949786370180723,0.336767368288512,0.123898410656327,0.00184168824788432,0.344494415408192,0.1105153155093,0.450420402476915,0.279465534619684,0.25732475933568,0.218649315534215,0.379091722344886,0.261336922409506,0.424192290402314,0.237998760245225,NA,0.243531621947151,0.0692049135398946,0.367740452264026,0.294434504879085,0.23260029755383,0.343199713721077
"ROI88",0.388541011847289,0.119049185753361,0.0541409458540181,-0.0145134374308709,0.293722795691922,0.197978504916568,-0.0553212532918813,0.359290349298568,0.519196574501083,0.0044490451372203,0.309183928113897,0.225552291472097,0.0782348627763149,0.164737465787785,0.100991553297211,0.499676647895594,0.327348882194712,0.10019784277413,0.102383366314257,0.489738824212141,0.0291622575785043,-0.0263666514884914,0.0645358175348958,-0.0851811526657169,0.311404796528839,-0.0488739600013497,0.458100395635929,0.0497886704481929,0.15957863167377,0.046008707557495,0.13282439843563,0.103459107034701,-0.0325937156917472,-0.0202483865225849,0.104093373310556,0.355546206197413,0.0506236917439205,-0.125884095128917,0.266582880048769,0.166463022226924,0.587875295517556,0.105547892677619,0.0738396567216297,-0.0129038896471627,0.30597496413013,0.136471278831697,0.191114966265196,0.0252358029731038,0.196985064945213,0.101539107517326,0.0232322063545252,0.373731210142015,0.162594921983252,0.0829936881143273,0.290177143933326,0.180798527720611,0.26839291033711,0.184982135325563,0.459155179209882,0.374060409045679,0.261890298280414,-0.153261476179182,0.343588240070191,0.550370341363782,-0.313878808301194,-0.0425556633447634,0.725280926138384,0.139787651917961,-0.076350876242825,0.0216082439189155,0.257250539683037,0.0892310295628549,0.191312483700469,0.0601087634745296,0.120028735666719,-0.0158680304084647,-0.0808956799881598,-0.20827884925297,0.00701732037945217,0.245578309046575,-0.123835821677414,0.627045306989532,0.452971106531067,0.187504559435797,0.330937026509946,0.0135368338639697,0.179945316435751,1,-0.125916410207033,0.240530999234345,0.142571415362526,0.358212473526573,0.240154943246331,0.168273351546234,0.330091165988319,-0.0519362445146237,0.200263702726668,0.19431427688399,0.078497047892754,0.536567062870573,0.663238013121665,0.0654409893504199,-0.142256423140517,0.140799917955983,0.0547750830738506,0.144124712269706,0.233143384478713,0.0725185565994488,0.167399907662445,-0.0696916258835038,0.304922861676901,0.0707535194687049,0.131608741545751,0.0639779835252531,0.231633807747165,0.301426792100972,0.346905555094022,0.303459925936801,-0.215627480184922,0.086195834993432,-0.00923033248980521,-0.0854532731650404,-0.105833959415898,0.150081732632586,0.240747789825713,0.0793126395432013,0.0523337251938862,0.315770953605212,0.0943640813094906,0.0504631760199646,0.0160117147117749,0.218121877616738,0.147938819349099,0.268611300995903,0.146218025438419,0.218333788641088,0.350452874006579,0.309398684256368,0.150812825549879,0.681121288918419,0.12957257110469,0.089963302328739,0.471632634651335,0.0933995259521943,-0.173249169958171,0.49877156969898,0.0283642563230527,0.164094060321699,0.40775003663295,-0.143839824739111,0.010671058001973,0.0718978897658148,0.0902342353656227,0.054338272738751,0.099125013307885,0.0721977093418727,0.316142020760357,0.162841735030842,0.180393292525514,0.383319111965507,0.187938762282843,0.305606561976317,-5.08553074525733e-05,0.382891368050559,0.18058998850661,0.450126848357945,0.268960789341167,0.063172495467374,0.147911493975046,0.0277569138091727,-0.14230349963086,0.323547686884202,0.498413189232056,0.0612958216417242,0.146798148905421,-0.233331629975199,0.142974695754533,0.0234570065955596,0.293028913234321,0.237377386736102,-0.164525895317957,-0.0929687321411248,0.0996547686766278,0.162663149061993,0.0812022215619743,-0.209398515668748,0.0408419814111619,-0.229225175813512,-0.321843888904792,0.17834381566123,0.188818726628253,-0.254314359156747,0.22740577545038,-0.064136071773121,0.429643126135278,-0.0958465428105546,0.00983710026496376,-0.224562212166289,-0.00672415223864033,0.0771122508954612,0.176411274397923,0.288273032106823,0.517279851698171,0.192767250006965,0.224342471159723,0.360846910043094,0.159972110438367,0.0801447979955009,0.289632357297233,-0.0731041198707508,0.112628036247352,-0.172328736993952,0.0481868394324705,0.263166933183906,-0.163629188173746,0.148427501590314,-0.00524810089713183,0.227197409005802,0.0660891681410124,0.0138939381369525,0.136354815010221,0.278697171686674,0.259377938766109,0.228967093443205,-0.0931435434446086,0.0114899409350677,0.102197064001315,-0.251058410912859,-0.0629250955424468,0.275269522603404,0.205294394198873,0.455889229055896,0.0691204659864283,-0.2229301108748,0.0537322236646166,0.120995558718629,0.266374542227625,-0.103870124772344,0.253338915019639,0.377434844130865,0.158102209415237,0.377625329265631,0.136835039941231,-0.268420844580522,0.242282929474496,0.248724228202152,0.127154890767745,-0.222619867591954,0.273517748665681,0.118594886418049,0.0737669140771051,0.236660076033244,-0.018491795813719,0.105413771400965,0.345918045154749,0.207853539641972,0.101707401489803,-0.0475432167733473,0.0489896119722069,0.295053041995068,0.0113079487936552,0.129319761494335,0.123798417780195,0.1813859344446,-0.127703822711763,-0.0594953011559482,-0.0471875306536805,0.207048708431876,0.555751969791826,0.0432369584324744,-0.18457334829271,NA,0.239327989462898,0.230733842523276,0.188689346002159,0.623397274130342,0.300764352131447,0.0762276236995611
"ROI89",0.0801180022897428,0.0734101458393098,-0.0891656908234891,0.342801230689179,0.094848581109212,0.257541302201887,0.356149538328054,0.23264440385652,0.0741743206760462,0.305554357231588,-0.192296890864552,-0.0582437715807831,-0.0117611030462712,-0.0965523586089337,0.324259138757887,-0.0505042960526155,0.0613427002668234,0.32473414139258,-0.119024873915176,-0.154649779259018,0.105172818810886,0.410749497259478,0.279807179421392,0.147186854904729,0.0378170378938729,0.569654481047163,0.0132350238686637,0.353437038699404,0.159777253165929,0.111864520673344,0.00474385723712123,0.14452002645813,0.267545251714283,0.440775382544249,0.266851129394018,0.152200346450264,-0.00231646342790461,0.195151373386104,0.119598252483731,0.0742397720782538,0.0245032055636225,0.32407195574697,0.0569978242284364,0.429539692727022,0.243388598583229,0.080191609230459,0.030895255415636,0.207011610619504,-0.00908930558017072,0.321227777147218,0.438940563917729,-0.0948088816260647,0.230532039478207,0.0539334138199033,0.127304669345085,0.335790718698251,0.162630875949029,0.155235073944773,-0.0582693200164042,0.118082796772526,-0.122290209016165,0.418337966808668,-0.0709399070557021,0.0573726212841682,0.306052590624824,-0.0275145566492927,-0.150989440227821,0.12880998607553,0.1618188201114,0.350641801617208,0.138376956043089,0.0935675201981347,-0.0638127467833081,0.331315551502076,0.194042246005434,0.136202446735718,0.497879081658644,0.282860398974381,-0.013673934996887,0.143742623468881,0.0727746570463479,0.00517766386853754,0.282730220764951,0.279757230393827,0.233026315641233,0.200415230937066,0.340054115742607,-0.125916410207033,1,0.100967494098441,0.0402664396426288,-0.12881699543124,0.25762933842674,-0.0261191163207255,0.0312541654053218,0.165203030972732,0.0982042192748721,0.177337259476369,0.293177642455311,-0.0827526435798044,-0.111156388244882,0.235013467901878,0.219645014551281,0.0304436675471637,0.281737109542502,0.244338654377737,0.10340300642885,0.150739379720754,0.0920711139819221,0.116418856827677,-0.00815591421939732,0.183909453969697,0.0773171366824797,0.077618965832591,0.142839933119198,0.0875257595408768,0.261634460665054,-0.0737577451387647,0.3383271132043,0.112220701420888,-0.0472247811130037,0.21774793192732,0.408419435957234,0.0883544411457936,0.00207825789422689,0.190289885978886,0.203470574166766,0.0419777234700329,-0.00121466846765854,0.0565959325272807,0.183539348010267,0.23944220250107,0.511219282793639,0.175575577923703,-0.0311824145586526,0.266916133909455,-0.0640014659344233,-0.125051123829431,0.184251536512721,-0.0110173373118559,-0.0972586603962581,0.0529861461472774,0.0913734744299608,0.0638331207917155,0.356086947893334,0.0960615278113701,0.251798035811266,0.264109540868633,0.0288015197845201,0.119038504837554,0.215692140353774,0.0542916279875301,0.224413939003709,0.372592875977264,-0.101534070285397,0.251103448234365,0.241883751586092,0.0123335784173567,0.0890364437681384,0.0994153805983065,-0.00382212848794921,-0.0455332537619105,0.289497898922907,0.0850701696527638,0.241481784105696,0.140607905280388,0.0847448216033408,0.0911655395620479,0.0749479415527523,0.0877449614799018,0.154436231918889,0.332313765732738,0.0627391121368613,0.0684114484289332,0.100336893141375,0.0847308536489224,0.128030154697386,0.155924253319929,0.202098532173088,0.0776692729599467,0.461269867198342,0.138504032983937,0.288934134032558,-0.0488078015601535,0.250984071701454,0.242908001840203,0.0943744888757315,0.417874726225779,0.396153407496726,0.245031889958021,0.252794982116205,0.391664389197481,0.261974162689656,0.205832683280166,0.0229459603304143,-0.131602023190972,0.301851447249547,0.535644514970062,0.394654155924011,0.126089244366648,0.190879942032483,-0.0348401727210731,0.214616789273717,0.0693866647137241,0.150118288401837,0.210021636713347,0.148252047981167,0.268061849107795,0.220353716604192,0.539174306761336,-0.0492504343016895,0.525179969127594,0.227922160939703,0.185528138194577,0.409559628696024,0.0802533761763962,0.301621981143753,0.31532257344503,0.137892754840663,0.108042759145061,0.184478863720765,0.168021631913855,0.186927752601207,0.259011041196799,0.193135467249365,0.198505145154243,0.296779860087223,0.347312353441091,0.490754148263076,0.0818559154960241,-0.154114494237276,0.154109932010257,0.165137716856647,0.566460456231492,0.330911229916888,0.0606203871933974,0.307420344582189,0.369724690835662,-0.00889563301435104,0.12667444835912,0.182140812985628,0.202232903177202,0.241968068325765,0.415774210274345,0.159642336942532,0.147629337649593,0.22508786056007,0.328654824157633,0.00214726718402688,0.234670736497816,0.0467620204859125,0.185845063110482,0.34758952677289,0.316460838998023,0.0865847416479761,-0.129643301771145,0.0298883447095784,0.0857395651751136,0.229706415358285,-0.14475515381844,0.11064448249435,0.279098577630601,0.0767934545581555,0.349933402871416,0.430945574714263,0.455155529557829,0.224804648681218,0.221486779367523,0.0301334279176428,0.310009490079627,0.385680138576283,NA,0.057523459451651,-0.160704374295997,0.187917745920168,-0.0790097636527741,0.171941335118205,0.341032105588409
"ROI90",0.245512308055345,0.0605653737114405,0.0134693551902909,0.103326022770952,0.321433722043464,0.0804944346300219,-0.0469882881299541,0.318431864782329,0.257955523193864,0.0634971013386428,0.094037649727415,0.0800094958233126,-0.0109289068083707,-0.0587463190894752,0.111374009882989,0.200214378258827,0.335373070361388,0.198818562390501,0.105755677899927,0.300245364801557,-0.0458102846515146,0.285504015749943,0.303415880438296,-0.0142607478694504,0.130517391686017,0.103552110455673,0.246343373941339,0.0997194308930948,0.156915140982553,-0.0147143353911084,0.0681765876409787,0.174138678036391,0.228551322324356,0.0185444051371722,0.374535414551675,0.331370700397743,-0.10957201213591,-0.0159077636463673,0.282054055591293,0.106832011299469,0.370706452517918,0.188371861517291,0.185082801144231,0.196921133622799,0.381300386085096,0.0944744213763269,0.154837272717503,0.034490900071462,0.150816251121814,0.150744776424849,0.140964367978563,0.217638760679893,0.103157139866139,0.0278780462141175,0.144314008001849,0.124746868954277,0.257079137336857,0.129281816005161,0.242355183434122,0.22191332361766,0.0846076612102954,0.179149728141375,0.1869025428092,0.250521530552014,-0.0311888545094342,-0.0151409512159442,0.228935357928129,0.0557989305697131,-0.0341854880240524,0.0576575001517831,0.233910230970573,-0.00344702952281863,0.13502950446523,0.197610518343798,0.17076596049045,0.0251425500559267,0.150074057171293,0.0571697832481976,-0.078985968505629,0.214002728838517,-0.111362362668487,0.268059177298402,0.359032125937642,0.168249275566379,0.248722845022853,0.12456814751928,0.431470497175418,0.240530999234345,0.100967494098441,1,0.00131435237258162,0.187026956419615,0.174197358450808,0.153635318215133,0.279056073666575,0.253778218162272,0.166829378997444,0.0997188164533197,0.24278807972051,0.402805758357587,0.0953962739758046,0.336553565429689,-0.0947795217626261,0.127113266629655,0.126863756808002,0.202053860234168,0.200321533126455,0.1593803323771,0.21396174069001,-0.0476046124037567,0.115841858218965,0.210195686361811,0.0135651089565401,0.0755685004502187,0.216796362015833,0.247230045600057,0.164458154252773,0.12357979135503,0.0172261524821541,0.243570561104688,0.115570986350562,0.205271624786671,-0.0193384747612637,0.111784533241094,0.192003378681103,0.069825483598746,0.110270372396284,0.120557131676231,0.205374905238814,-0.0466418294559339,0.0194152219490764,0.0912580268064346,0.155118911664395,0.276599774627267,0.0869811073067309,0.18058834377087,0.0591792971766197,0.11892199110913,0.1186262054192,0.274356334440485,-0.0695968977476657,0.0338271119409608,0.220179492422912,0.0909864126380946,-0.0513771388501507,0.28566281435715,0.14603493080528,0.216616181878618,0.178951202312572,-0.0480813329898715,0.0920514233206661,0.174412045437295,0.0808302654404731,0.146325340646285,0.110958443155781,0.131528758986183,0.241475782400467,0.00920110986099665,0.111101616887801,0.207115561497295,0.125978596708759,0.308950198764459,0.236721551570794,0.0561061482272789,0.130582485340353,0.264000852189627,0.0751056901009143,-0.0425272751145937,0.104567831024541,0.0716715343244502,-0.0762335571849406,0.264613524899629,0.354977557128263,-0.102838804966136,0.0525178456031955,0.0627383986166393,0.139617823543627,0.0663834240659048,0.183989753689915,0.0999478258306113,0.00475214798231385,0.011710069811317,0.135887907768987,0.0786258581746069,0.12810142769656,-0.0713761329636741,0.189158211085744,0.145683330682401,-0.00935862544960542,0.11478413531158,0.186400553031789,-0.0630775347572908,0.179638070234049,0.0344609374327372,0.34205771173294,-0.258203275524507,0.00949307867290776,0.050773347398138,0.129844551096493,0.0196188369586015,0.282359665288626,0.254741274609438,0.205359435245647,0.187627410052169,0.18315845053989,0.218356326490901,0.145826479093632,0.0883854550324691,0.372272039269354,0.113419120342615,0.111069889040296,0.0754337997553953,0.149392202504352,0.141381786057934,-0.0248891243097862,0.181131600479478,0.0575157512962651,0.304587154205368,-0.0238912064432003,-0.0820053552664457,0.213282372664561,0.324492083181929,0.152695434340817,0.242569918375694,0.002189647654181,0.0201844593156193,0.133040939770026,-0.00780735086443861,0.130402878685315,0.201386948893024,0.03808361371754,0.249776442800648,0.139094096991342,-0.0394122427069738,0.299460471748491,0.115624495799695,0.144420915388839,0.137502081897981,0.213057876098189,0.18538007445808,0.264067864387616,0.228166098072113,0.242689459890792,0.0071388872722403,0.244731563386667,0.228814042131196,0.239081035740421,-0.00132258821766638,0.0814656308562557,0.0440351125048921,0.0479970785123368,0.269977956129666,0.0830172601498828,0.21943375713821,0.256889739093068,0.0196694931896883,0.138153152952106,-0.033859840655774,0.0996847986926932,0.149757738124893,0.0305514223981562,0.141087416348012,0.0224458922972766,0.259440146362863,0.0471333730487031,0.0954986627514687,-0.0116033472950551,0.243749952943669,0.21698227530436,0.165545478123878,0.0213487916631058,NA,0.14426965924949,0.100034134115639,0.149267049334003,0.311721055274888,0.210524763883171,0.129344436773799
"ROI91",0.160082421738489,0.10276897952183,0.391106171201504,0.155154777230586,0.240227531564646,0.148741394711403,0.215229683917577,0.0909259451201491,0.107303943662313,0.0827587287306418,0.388251018693657,0.0705716822635021,0.102034638686955,0.159327799678209,0.36357051127257,0.108333308741276,0.330186619178099,0.241037257040928,0.00385379612798015,0.286228877664142,0.114764619878544,0.0057413762566924,0.12284623274474,0.139780444709222,0.0415728124075766,-0.0121264856981415,0.274799370928988,0.27580142459299,0.212469397022499,0.187549166509036,0.0484743726278406,0.198720626157495,-0.0649816391172884,0.142735949536907,0.00176072340117005,0.154418434771789,0.450556364791984,-0.0525890384981485,0.157667179945701,0.135971510181639,0.108958642434669,0.263745270806186,0.496724906547298,0.056570252205405,0.168354761652757,0.151224153487627,0.156140797044674,0.183164776807904,0.160182134345946,0.225587272785216,0.209283160717196,0.320862505262051,0.0820237382731646,0.335090692978175,0.345109722011417,0.227187340827487,0.183172864328918,0.297021812350165,0.2074091094069,0.112266500309086,-0.0497079378374992,0.0566029343667284,0.335832960929056,0.148480249216292,-0.0135034119763248,-0.0197256157253374,0.227769781985434,0.0530979310746503,0.458181926373313,-0.0908061445094053,0.292921099575139,0.0559420691434464,-0.106025871921751,0.233312365408984,0.180910264559961,-0.0735397619793585,0.0547407121686914,0.130066113673531,0.0398081631789481,0.144880601454166,0.373532083023845,0.210778904708245,0.0433116112954299,0.0567670014122671,0.213877966999846,-0.0668365977685631,0.0326683746705161,0.142571415362526,0.0402664396426288,0.00131435237258162,1,0.264659695489191,0.297793420727962,0.123260438643158,0.157598175126883,0.0281768245576628,0.0393076289792493,0.163484456523491,0.174037394874148,0.169703547788371,0.241167350241394,0.0135446616692028,0.328054592258536,0.0198187634130127,0.161724466468906,0.134289598308515,0.0487267717246022,0.0730316306667742,0.0593579470907332,0.00781320984364095,0.213191643360199,0.112438408618678,0.115648414580715,0.0699166236211041,0.30636205402237,0.267001190790726,0.0218753290269138,0.350287827408637,0.134230051901308,0.208017148858591,0.0347656398240967,0.111161099464487,0.0483149458551376,0.40126034413739,0.0487807830446029,-0.0135179188505218,0.143626834104721,0.101708864006999,0.137605737508877,0.0847594905674384,0.170349749068061,0.195335378926773,0.246614009647756,0.0508400075771232,0.10641080322122,0.180970000538629,0.481535988513105,0.388379178146246,0.236422657290541,0.231568313598199,0.0987274395588591,-0.0371678812531849,0.0453697332212818,0.200563969749189,0.187600140433243,0.242569176176582,0.0532968679028639,0.163825811772754,0.189120534312002,-0.036686315081913,0.230219486650821,0.14737129104557,0.14489113711327,0.102822772049398,0.32383524384198,0.134516882030837,0.211143047199765,0.302664012937422,-0.0465645499029778,0.196203253213701,0.390783322505419,-0.103925214482256,0.321768009790029,0.296554261642304,0.00592328017284596,0.172596584502868,0.359712995842741,0.143914208223367,0.486993618397042,0.292514110398287,0.302377957546938,0.21549443110973,0.130077060563967,0.0152213059767309,-0.0204938180008298,-0.073699334775931,0.185909379837739,0.139858081927389,0.165524014065425,0.435587067629818,0.0879537716605735,0.454682085128052,0.293932110990995,0.0562016578023358,0.189891386531897,0.199187713800521,0.26635569536248,0.0720533196205507,0.219678874392236,0.212499039810107,0.304373813519419,0.111632963321814,0.00908172948851476,0.0470695439266232,0.210588556128651,-0.155644364781227,0.242198467973602,0.0533810665933411,0.277463210179686,0.316779635261006,-0.0411468662326343,-0.091648604825036,0.0885081969515886,0.247426317993036,0.0634422645343185,0.102108151052959,0.246143871930256,0.10259827491222,-0.0184269423802349,0.0937302671653111,0.176008708675098,0.0587915074698377,0.241237351623332,0.216351362313218,0.144345175889617,0.370823646011474,0.190659153626718,0.220152229429895,-0.0939310223578052,0.0401351789028771,0.137866826160725,0.197102400217941,0.17553608228281,0.249820797853437,0.457041434135887,0.114972557240444,0.0751240280163483,0.23948167141061,0.129445873517714,0.36143849689767,0.0791123729571039,0.153325891307729,0.226802820605881,0.269271241298392,0.0917773677622678,-0.0490640716117537,0.0684261598823893,-0.0970793799922364,0.279047376083291,0.215200894231126,0.232438341400864,0.202617482349051,0.0974647712487622,0.197739140901404,0.181602740190053,0.301717451387089,0.105275174621735,0.188605674147352,0.131409024085556,0.166926368017719,0.278562062870661,-0.00905092518410109,0.190040964116107,0.107395404363597,0.290314690857623,0.108688202837085,0.117649357913534,0.143777392065021,0.165072053119411,0.320706886025075,0.10013859925194,0.240825481634199,0.0392840278537066,0.179759997131664,-0.133823936312849,0.190547881747388,0.259001716723126,0.217340921012805,0.280595568277216,0.0278823510665433,0.203631906503048,NA,0.246493767866425,0.351592346708887,0.304854119253638,0.191694083974549,0.18772404297506,0.188239302924861
"ROI92",-0.022569927650895,0.32343453246904,0.27361345074643,-0.08976270969623,0.1163862780345,0.28097953235761,-0.112746317519935,0.0976476381820412,0.257157352408016,0.205423072172124,0.42576056940778,0.262347234951191,0.131173303387988,0.302901828865299,0.234731168611182,0.725633247381656,0.260640640091427,0.199767148803447,0.262505884815375,0.192139397207273,0.438372755932273,0.191578126208429,0.0188364735116147,0.418857682258215,0.018561661579858,-0.0570988176620761,0.398876645537646,0.0573656992639126,-0.0385390762363152,0.0555910291673924,0.109563049588169,0.124952914756072,0.338807980026613,-0.0271128742782206,0.223609819678459,0.295906500527372,0.318833561222839,-0.0942714137967666,0.115216470571717,0.428161690441048,0.273044268996451,0.104420074952382,0.186558280840267,0.220646577964392,0.282104677800938,0.37976738986753,0.637981289011758,0.165867626799809,0.332167452290013,0.107403999010047,0.306818748564071,0.376358985223801,0.154370655793349,0.57356519917743,0.343341597836504,0.257791144266832,0.0833168737431967,0.265874031901859,0.265045788015046,0.287644922000444,0.219006716983069,0.287209965960837,0.275760579743013,0.185411151583646,-0.101644211776333,0.226581619993885,0.541745056369353,0.0966694886599114,0.347037188266627,-0.144920182588791,0.368626806057701,0.380418091467299,0.10459784161583,0.35329803700742,0.366666189778882,-0.000538400366961714,-0.071286496490937,0.0239131758941316,0.1581502618685,-0.0979417425081886,0.391274834102241,0.314741338665754,0.156460775321324,0.239256212923908,0.0923690930031888,0.0796692047808093,0.170765072414596,0.358212473526573,-0.12881699543124,0.187026956419615,0.264659695489191,1,0.158312365490527,0.549930169626989,0.263462008282063,0.0666123688106576,0.16506977817409,0.222347639850506,0.269051638318761,0.476255100084153,0.472655841367823,0.0915399887450589,-0.0143287255059267,0.171803627492613,0.127663586413738,0.0516457561799673,0.397228536004214,0.13858329971765,0.187568252099985,0.0356296985436619,0.207854883291018,0.0922427057724451,0.0664960216664378,0.234090057876829,0.328264007293083,-0.0271476243234906,0.112829147697814,0.48557356361268,0.0246625461044052,0.147829206800689,0.135302841420895,0.358534708732191,0.0688954716259656,0.228379728202892,0.570558872028957,0.102535318407181,0.129425249243645,0.129539581024913,0.0461445724295317,0.128440185731256,0.151380074810315,0.207630968168577,0.0693065614926831,0.0804812869938385,0.579557126356101,0.202807237310036,0.311504603886914,0.555618186191622,0.135789276839377,0.326339041897778,0.168879032049469,-0.0527681292326537,0.186533551835733,0.309413721521378,0.0101903039282373,0.383085699693407,0.126285074399473,0.0981462263967394,0.245270967209125,-0.0336248981768306,0.204841347290958,0.592115820460109,0.0589529822700428,0.119792677579309,0.273638014046068,0.159362168854498,0.0808444051388134,0.189801246438621,0.119569769495153,0.416467407337181,0.43852256700089,0.365173350323294,0.238870405472083,0.389095972746483,0.0846761382964333,0.241790407346712,0.261727001929198,0.233838403118092,0.192879015207266,0.303801648815851,0.283000322852139,0.184546934905207,0.350716794841412,-0.106199101871607,0.156660827251891,-0.0686417781284709,0.178711986157293,0.160728673776829,0.22903692803274,0.509106795804684,-0.0495378929348689,0.386811602352419,0.191985991010252,0.298101965783243,0.00599215576996887,0.241894380999044,0.284203965338481,0.0480001811722538,-0.0165551794173052,0.331861090529425,0.233691311672411,0.102792538082239,0.307776228244541,0.31950971255712,0.293241004630808,0.00752640644649015,0.0799526321226107,-0.0618134069237771,0.126954639949897,0.338683640565616,0.271127882932942,0.132010211377591,0.108176154165372,0.57790920420621,0.0916456626801873,0.130998738077743,0.242282231697451,0.147049231205486,0.146091936514677,0.0910085104181784,0.215843275935709,0.0832536004659475,0.114552340094724,0.127769724825257,-0.0892891855333235,0.353022167417694,0.125995476085381,0.25571241151727,-0.0101158920359642,0.0651614194307813,0.332547197318273,0.0926897960842555,0.307289518261124,0.231229882805662,0.346539642230982,0.223005125883923,0.120820593142628,-0.0490743002667963,0.0631355059267777,0.49222550828571,0.14341455677869,0.19211737522001,0.282175511609974,0.0396652247559625,0.0421708000914389,0.155849671717569,0.151200830046494,0.0129301993817502,0.395304666463731,-0.0274400310654963,0.26899151501042,0.123810592567363,0.239094199526845,-0.00706888993999915,0.168043365473718,0.252190813271134,0.07412149946444,0.0700393801942719,0.64689680992188,0.127321095450961,0.28698777553223,0.163826129444563,-0.000497977480086037,0.0587294562205151,0.271705827894073,0.268809120899296,0.208289630920743,0.478473076653237,0.194934266261882,0.345845214492744,0.116477156424778,0.142616703644424,-0.0520171641694834,0.201844226452945,-0.159365591497103,-0.0601266992992975,0.0980662733945696,0.243983671898665,0.364136906725449,0.0667114556246294,0.0499194580504148,NA,0.1950280611539,0.359797225516362,0.256868967773209,0.486857374297448,0.133119464440512,0.0882058050220172
"ROI93",0.469536062068437,0.0437375519129461,0.210126221965164,0.537494572919445,0.556577615077397,0.172505688873668,0.463320006083372,0.556815076610152,0.409611839123707,0.226246389207069,0.184909025059563,0.275269675925317,0.128318542262707,0.16222229452101,0.762547925618654,0.0813791941448082,0.511259572109856,0.603290899508901,0.0235999023552787,0.25014356101181,0.0569874973113516,0.134666006950199,0.384790407153151,0.109579913818728,0.189884600809425,0.172982824393605,0.511840390661131,0.659675879372112,0.525460529456199,0.0400387968593028,0.0726282326744807,0.456499716039787,0.119700983223319,0.618510691729509,0.247404674426219,0.416619358890906,0.119480399301779,0.0829495857623438,0.462405722828887,0.260724576447715,0.394530095729362,0.422426515796576,0.0208456002739181,0.43722533875539,0.516263753887646,-0.000257159538510415,0.0314027450031682,0.391274017333214,0.28088846463251,0.694190119065279,0.255352281946325,0.130827592268799,0.380033883984138,0.110632854506457,0.498216298402421,0.738484720500124,0.461140484301092,0.321204873653351,0.396608911746236,0.368397787495283,-0.0829422154060145,0.205474258270123,0.299326861456654,0.474396216227508,-0.0203253244392219,-0.0504095797613769,0.143446657506359,-0.0209640761469508,0.167812957096058,0.159561983651561,0.591530145048892,0.0176151785853872,-0.0398322827146422,0.0817671044407927,0.246995231128117,0.0496520093464684,0.265467271295743,-0.017833401130736,0.134866429226426,0.420912218016142,0.0844214144143794,0.40808441035303,0.512862756689251,0.365273221265071,0.564911544506463,0.0676738843849272,0.34215003515666,0.240154943246331,0.25762933842674,0.174197358450808,0.297793420727962,0.158312365490527,1,0.0989041491150752,0.279538077987925,0.135955064630933,0.240667674623414,0.34043971883292,0.269440162128797,0.355860463827859,0.273240105458506,0.25161855576828,0.0675228570761205,0.132326102221384,0.544052485237486,0.428700777272623,0.179412452880228,0.369216238403827,0.051669158639549,0.0638622589990138,0.117306225818079,0.269104347649339,0.228508661413197,-0.0227986787358412,0.476542352336261,0.423830463553211,0.412275293850055,0.346103536423501,-0.00931492216488634,0.271683700677839,-0.095437929951658,0.195806504451207,0.120240924424922,0.324128154418201,0.171921058672753,0.0793161750760687,0.16266640736501,0.168052221041374,0.0451547485921099,0.143164553338923,0.0798665574131868,0.470866412479093,0.409176825752716,0.0718489321800302,0.120648633352272,0.391373069898831,0.114377724968203,0.267475707091444,0.61082685390115,0.390631697466283,-0.0366300939140413,-0.0428769364632613,0.375282686708251,0.134534390863508,0.166075539231465,0.452449976865513,0.263221097006882,0.578996485811096,0.302655461354288,-0.147067404636095,0.176431891883683,-0.0350056876504151,0.304631032824716,0.590567553676449,0.0837886211519178,0.278173042454105,0.568829107885621,0.348536777733859,0.0653354723577502,0.321738081860566,0.198940038888271,-0.0777204287355586,0.0907503765656325,0.327317319043248,0.314867101414703,0.543762323271318,0.37802300561419,0.245108874076342,0.395383852239557,0.19149832252488,0.207107872317698,0.524341972619039,0.440512014474961,-0.0283176259439224,0.0484274496768526,-0.323827678675805,0.327041761885885,0.204826895784376,0.173034151913944,0.311330219599186,0.280826249795681,0.247519868160639,0.709467576299385,0.123520802903736,0.391466184095667,0.122463942489793,0.173193923855497,-0.0365259962410213,0.0893723534469451,0.434243711024239,0.517416680587035,0.169622973501348,0.149524632656844,0.0908248747637347,0.555094431775421,-0.362652838933046,0.396089568597237,0.212496956848925,0.400192675234174,0.216954048145189,0.246363769475564,-0.0901370246296637,0.484301680676001,0.144341319944337,0.367898615335005,0.577476624152225,0.367343247248796,0.315125608308538,0.102270942501234,0.402985272035118,0.130504602123524,0.327169396417822,0.38627486662348,0.453320447612651,0.0712651984210852,0.256155712247298,0.382151209270617,0.687732385993171,-0.115465832597068,0.136323250563996,0.25743110096377,0.509755683093252,0.42199839492942,0.518001897364205,0.236279712970305,0.159951311708388,0.359327385159313,0.171383823196881,0.410509810103475,0.493490140588363,0.0667520727421757,0.406506940506659,0.296084719795219,0.400320175763494,0.335929887870127,0.0537958855081804,0.403754285802715,0.0843186659511869,0.447145486110191,0.428692796489858,0.445748889803767,0.565021132256017,0.424824510780821,0.0604624946156975,0.639863103701417,0.772096337058638,0.258511176949378,0.0896518027865701,0.0887312524357249,0.311007866105028,0.309307144015518,0.16521193999294,0.448414024008715,0.53413189272373,0.553976799688168,0.00302972234983251,0.00555004634660274,-0.0131411068850508,0.25196843096482,0.051164982088702,0.154825751487159,0.623630243867425,0.190010766271399,0.584021036790611,0.116955626180832,0.345922402412782,0.198600015423676,0.689233219430296,0.523225528097405,0.344635817670258,0.0905113858934421,NA,0.17792724461326,0.238305843978557,0.45974880646078,0.161312223284162,0.590052699262436,0.634494943161992
"ROI94",-0.216036584563858,0.656805584106595,0.259318410003499,-0.0502895770339695,-0.101678502647277,0.423481323869969,-0.147448794462873,0.0278302273752561,0.317634804085636,0.498643468638652,0.308012180228996,0.268751229604813,-0.0795199736065436,0.182906594673635,0.162334774410802,0.569859950343281,0.185534274205388,0.0886181627535834,0.385489958552424,0.0495809174999098,0.502571482589997,0.378467127043826,0.0382927732904564,0.663915987049615,0.027511558371749,0.102039862873557,0.219192158633513,0.0179938310287689,-0.0637438270371809,0.0713384144651295,-0.000973289712856421,0.134978614926692,0.601742245647885,0.00409411090601069,0.431979631088092,0.352573882070605,0.235254431416763,0.139921524225885,0.160395608848409,0.521955930965903,0.170983514594608,0.0843843861341963,0.0292864973821234,0.316812766758804,0.194053181078176,0.590957255664298,0.552801336590153,0.246303272332904,0.286560956578099,0.0771785927821459,0.398976657303998,0.205332509337835,0.186721039980669,0.450913204771211,0.250520170844414,0.146873202631722,-0.106184089538089,0.174665344617231,0.138007701204642,0.238730769991012,0.230363860419236,0.605997024860588,0.280015985633306,0.0280087350709085,-0.0486051395508025,0.392959275019225,0.335941818028866,0.00335749917176834,0.427673606402728,-0.0716629262496131,0.189691992794397,0.717167797303157,0.271931491655414,0.384089868657534,0.548624100861874,-0.011148730317486,0.108938151289815,0.260595193189666,0.145650738627216,-0.100303194442258,0.409034486189794,0.139934558678379,-0.0354890410548342,0.307275740674017,-0.11942523581234,0.27893420791848,0.245942473825321,0.168273351546234,-0.0261191163207255,0.153635318215133,0.123260438643158,0.549930169626989,0.0989041491150752,1,0.488468224745984,0.207810456943715,0.118499047620149,0.0116828264664946,0.0201340746891437,0.505284977053516,0.426158902027783,0.25877254252921,0.239685171056919,0.232073276122344,0.103316472303325,0.152683560747143,0.567944549939378,0.190038512098596,0.263659936438918,0.25900237860707,0.464172681479005,0.21993863657546,0.0853131215658055,0.208809573431544,0.327477578722451,-0.020870455230372,0.194678547123958,0.351860843187172,0.132129918927581,0.240974186807813,0.0627440999313358,0.629884685447102,0.243651617299521,0.242498359350017,0.721269016585149,0.251760006071029,0.145619103444879,0.0889364185707876,0.186577545887955,0.22155842803741,0.397037113791826,0.224019158525655,0.000840624889173972,0.113817854785425,0.601142951751781,0.331965925686781,0.422760729637541,0.498756086066043,0.043573547849312,0.248021811788621,0.0442917388351055,-0.079158269928945,0.176098870200604,0.210558036217539,0.330908302039769,0.361104347553277,0.354593439354428,0.0698690302653747,0.206288975679805,0.0698385028557864,0.265103082773525,0.54559261448126,0.114420454414002,0.14572602974789,0.283034456664327,0.201407740830178,0.039803780272367,0.0867981429818342,0.25355363492514,0.532101007878827,0.308676925405923,0.370118767106795,0.264488840382864,0.462409034682827,0.0844699126940424,0.153866541993902,0.274963786117145,0.128651059351105,0.117737750708559,0.451967673683321,0.35266102984909,0.166635077464564,0.206059681304923,-0.0974725731723435,0.105758156931581,-0.065502627575212,0.275526425746977,0.145458163301834,0.39404634608103,0.528442278224929,0.200553624838558,0.490326652289709,0.142585081141873,0.268895263321291,0.112779310502989,0.460936730068554,0.47812278009414,0.232030695766039,0.315808358949103,0.394033295117105,0.268307778390052,0.444419102146083,0.525147231013243,0.66523393057781,0.03768325089585,-0.00820916504847854,0.2166926874218,0.213931457256255,0.0514789736973661,0.411980267906255,0.541740889213577,0.093667928583176,0.128767944917193,0.595289703412436,0.15587536612096,-0.0279552917548952,0.0164522242053256,0.240580381332291,0.225474236967066,0.343817296183134,0.256977108892665,0.371205977361571,0.130758787681058,0.254195550288222,0.208795710447341,0.297245208292208,0.216913061556699,0.188003236817486,0.188551882303524,0.0958006353742772,0.695444153575309,0.103756305227458,0.36108501552386,0.205960898541426,0.442545912703763,0.533898802244827,0.217898789941521,0.240459152755819,0.274848020729261,0.355058807101048,0.0752461365822877,0.215100798749577,0.300630745870903,0.195138386400833,0.0471709190183064,0.249299854438712,0.144917317395265,0.329502254740831,0.3143376214954,-0.117885448187774,0.342466134242503,-0.0576835793366794,0.197086194414515,0.0969028799354882,0.0314784535295198,0.162277822231731,0.183602553751227,0.381051415900707,0.608137375562764,0.308361706342559,0.494008005144118,0.0560922337261755,0.0354854290905697,-0.0350542155962581,0.104013122976482,0.252139785852987,0.164691171421172,0.56901526134814,0.486721091705123,0.160536356664668,0.121634865774162,0.106412731884748,0.0131688025771781,0.0898592914443109,0.0106379947821125,0.0580969277950698,0.346871956041292,0.0926894781980259,0.169272386415391,0.177635095917204,0.19113785445609,NA,0.114641475634033,0.434541645917194,0.349530403101939,0.330559088959757,-0.0605452451124513,0.0729356448103635
"ROI95",0.281054189550709,0.216967281321651,0.370998398807737,0.214321515528639,0.263345104781749,0.108168490559262,0.00219584237892266,0.463642483460498,0.55310125982984,0.28189038387925,0.33907989947596,0.370186164380414,0.0439863015224906,0.272324058300899,0.293608444769429,0.352239554728455,0.638403094707523,0.203245437292701,0.0930652827401952,0.621401057236905,0.0153502082731396,0.0965116142773055,0.369754425274733,0.136305854677599,0.128612089569535,0.115453518603055,0.478697842381482,0.188810167981555,0.38233881372359,0.113513920709564,0.0916999465380013,0.347940761095457,0.149258195878447,0.0375664243275434,0.559454967716301,0.617246821969554,0.0387548919708141,0.145208863446471,0.688939815237878,0.526107207938123,0.499381785459898,0.320920996139188,0.198075955145367,0.0941243797531698,0.40652032069682,0.182107530702922,0.175253542569669,0.357395211985305,0.389679581458813,0.204676169565852,0.29435957779038,0.295573739106955,0.309583819832177,0.0939870615632161,0.546670273056387,0.08612009613038,0.358881826981539,0.404236505437577,0.490309776695613,0.572162073263648,0.119725539669962,0.224545399648836,0.533736835381415,0.354602807604519,-0.315843814038426,0.0493623539412031,0.38691243305722,0.0611662925362014,0.0475346235751147,0.0940990150984245,0.319339844422317,0.152284577497749,0.316935736005324,0.150405315338658,0.563031918421429,-0.0371166587152865,0.146703898225727,-0.136234988133285,0.171933464877726,0.430250821031875,-0.0176484029184314,0.335345828992966,0.229512750832419,0.188002524938731,0.26640271133288,0.209843612878629,0.400480803930161,0.330091165988319,0.0312541654053218,0.279056073666575,0.157598175126883,0.263462008282063,0.279538077987925,0.488468224745984,1,0.22618064664696,0.19008064554293,0.188113006975166,0.15560818333871,0.66501695646013,0.414132767825259,0.386907833842494,0.0777706027021216,0.282161536862187,0.175358918147934,0.457121757792214,0.245922762693098,0.42730952603081,0.352889141130194,0.205543222484082,0.480732380246483,0.480845888528562,0.198587698535417,0.0804631794283305,0.419984208807033,0.578728133611777,0.34202311808478,0.410468382071195,-0.0647671234869312,0.475587541314254,0.0168763289628731,0.523791387075849,0.0247662735005567,0.442480044930636,0.415757503854499,0.255193312041788,0.193544032402512,0.103063260158922,0.0631047194890084,0.284797544379347,-0.105601662497646,0.465436846215108,0.208440807420411,0.334222508120914,0.303686465201929,0.462339098172287,0.324436089433041,0.420636257191401,0.221050901389364,0.458558961110578,0.118650630416403,0.0838267878123638,0.418625949562923,0.289794080431613,0.149621917084542,0.498069470661889,0.409451407214525,0.271128417089484,0.391673343094332,0.0483013103387597,0.213809446092449,0.134646895894384,0.402856794346435,0.180117824471835,0.248050624013145,0.302324283264911,0.435484003473081,0.206128847800394,0.255322999481868,0.531959738522958,0.298676223875434,0.229175956669999,0.190905681459783,0.409577775165594,0.15824606350811,0.456439311678192,0.441103016325076,0.215724861262981,0.434711919223871,0.365917818987906,0.0146284503493771,0.407073457498722,0.374727322945833,0.0313123285249898,0.158777646820386,-0.114134928954625,0.413838018802292,0.114312568556139,0.391227229922916,0.413492306016291,0.136342273576403,0.266976483671278,0.320140969617601,0.332499971409191,0.447720715719388,-0.0305464460516432,0.374715661497911,0.075053389993516,0.140987806699113,0.321491032798988,0.45085080560414,0.0342511102829756,0.300800062823555,0.161935451108472,0.360623094655361,-0.183976178553178,0.332896587986402,0.133025361640207,0.274162708166054,0.245905717873623,0.433225255680239,0.240618297874745,0.422696708292952,0.243119454324897,0.412706446890978,0.297239927753021,0.294590637821486,0.330732282751664,0.468712720030939,0.160827439051205,0.365550220855166,0.147072304605637,0.318878136515734,0.555198584126879,0.170313496495291,0.467353563794034,0.233667894440272,0.305170350779712,0.121674815049913,0.149092735331046,0.528448290387043,0.504763378944026,0.388855707136453,0.400831004186006,0.200818900385622,0.17555028829802,0.30160200429387,0.0366951782306792,0.397809616490373,0.439525377931425,0.256021141421244,0.555381285026533,0.250097627487353,0.0517204795059692,0.309052442765601,0.302403324936467,0.323834947313099,0.103188922890108,0.379743605133045,0.368367986755213,0.384710089049292,0.239249384418171,0.304027084350585,0.0743040185951301,0.299083406337597,0.374280374560453,0.484829027414585,0.0870088326771006,0.186946979449958,0.464055427229315,0.224102109447874,0.132628565969098,0.173093632851845,0.122446424435742,0.311415635222407,0.283068677657016,0.224707501191995,0.0372888364407392,0.274068392101168,0.178930051057003,0.109345740949772,0.297149855150856,0.0377805026813852,0.207943258254137,0.0165118654237984,0.0997446485534867,0.129551220230824,0.300738012169197,0.422060748373966,0.100612141958098,0.0119022659879748,NA,0.20825905009859,0.407593446394461,0.467972916750977,0.458115419268723,0.198457511780622,0.251823538988698
"ROI96",0.201657455984537,0.26290531004654,0.0133043681881511,0.263097720046637,0.289761507284776,0.228468147358499,0.0475145640265581,0.182936704227716,0.0841488260089652,0.217898308800863,0.164107746686805,0.40882870405311,-0.191987301642673,0.0480913618006697,0.125038737533446,0.103717779780813,0.220587133523159,0.159341294254179,0.11413580981207,0.192701363275261,0.0413807463582606,0.284202136746745,0.506209395025335,0.220957979681274,0.0369812727559284,0.257245892602995,0.111485241782558,0.199700646101453,0.145689605703866,-0.0859168838278601,-0.269178671327859,0.230811476574299,0.394509342199126,0.136905968337849,0.562367344508673,0.344968291367247,0.0495099690972689,0.35601633002748,0.236421748615767,0.243090403750817,0.0818001899423149,0.0522330114919645,0.0694114391171405,0.319050467592593,0.328818465674863,0.230088909434933,0.123469026715395,0.0749106414338761,0.192063597131998,0.334396771182781,0.294449807895282,0.208036318482729,0.16822587115236,0.188220003945545,0.0371433929174093,0.146672356146693,0.187858581348231,0.0427897530503995,0.0896763386100285,0.169464778133695,0.082859020839231,0.368118008365447,0.181542634364252,0.0425242378660758,0.147893780691438,0.0954744327801106,-0.0397135740912614,0.0525486707616267,0.18160670103415,0.263479867725844,0.130407611707119,0.20390392325613,0.454816159499455,0.264676960948926,0.177422939020077,0.0242881297312158,0.0514049445344721,0.302377515997427,0.0655232451590555,0.142822375317702,0.103278804000241,-0.0264932979135403,0.167508002411433,0.108420242645854,0.143718332234796,0.638015432155201,0.518836717716416,-0.0519362445146237,0.165203030972732,0.253778218162272,0.0281768245576628,0.0666123688106576,0.135955064630933,0.207810456943715,0.22618064664696,1,0.167506153441081,0.128642919041593,0.179407621697265,0.211146352541476,-0.112272972860848,0.788136081239623,0.221371344239009,0.243890436831583,0.125631085181134,0.358589615465813,0.274351197912187,0.52698625710645,0.175805291236807,0.592297873150008,0.167186794118109,0.226214764197743,-0.0382269829711983,0.0877606260683951,0.137380023655595,0.226850951396,0.137663502797642,0.165270247236507,0.207489455048197,0.615496338495831,0.392687796107156,0.376502285006264,0.142815052529449,0.225765558229756,0.131916934105798,0.409578468485842,0.17342463555052,0.0548528733805729,0.150635972105106,0.348801300171901,0.230766500424237,0.0268958884992954,0.0913670089948603,0.288338526297705,-0.0357527462568629,0.147184316815034,0.0887611309886599,0.0968373807562317,0.0727877884762015,0.0883353701134698,-0.0241931685344642,0.0364838958838278,0.289117680980359,0.00922866379936011,0.266906802255314,0.16400838957293,0.537578200054738,0.187035573866124,0.133767382993493,0.428344460362078,0.0842287265483109,0.288293565747,0.365326909710659,0.179723172835701,0.268141524765264,0.127992068938781,0.2462307137284,0.0289564634120853,-0.0154699350131626,0.265781186603104,0.144438783670367,0.260815078132771,0.354389595157185,0.189745117838198,0.252942877665088,0.214509726951608,0.177094327670887,0.155108628196613,0.134276923187898,0.193657298920795,0.101066007804292,0.353679876425402,0.239912322074823,-0.0169260264091607,0.0736075861237106,0.266675347642653,0.372326233008138,0.0588220213955973,0.341413562632005,0.222664606858053,0.282455454152072,0.210615296017544,0.106658909250595,0.405292785049729,0.302424266297517,0.168751110194084,0.388576190327948,0.191475808833502,0.33911766126282,0.0539373473528457,0.167878526385641,0.249570495302637,0.402811232432177,0.320967357131623,0.0669075073180592,-0.0706252804435683,0.279040067986194,0.358334910540311,0.143788739172869,0.265885215336704,0.410674487817924,0.181585644031325,0.119149398231864,0.208393540526245,0.333579492737052,0.21481225465332,0.192197548898065,0.16416777082052,0.381071885677291,0.279693666792758,0.141572346527618,0.401246246183603,0.249736768504988,0.197519151132664,0.239254934437486,0.159355202926117,0.113421013325337,0.247418096069742,0.158385890551103,0.106144516635632,0.325614774547596,0.33651623115009,0.0778174855417056,0.115492127406452,0.217662827179507,0.391295050965732,0.229098177793428,0.343615847306026,0.302379253211252,0.0722989439391745,0.0939623748849005,0.259708256666739,0.32894568399423,0.100205026891477,0.424781976078616,0.656332360347429,0.193880235822193,0.441080011941412,0.163746190653848,-0.062330661363648,0.161283208042701,0.157746466884921,0.220764090940841,0.206740069501882,0.0828031142793948,0.135714693705324,0.528713871934808,0.348337755408187,0.136608137949802,0.269406374195648,0.27725846827334,0.184759193795408,0.19998714889222,0.288523149161318,0.225121812005301,0.345295828364889,0.376477027821683,0.190714993723183,0.326083480235686,0.274146505910424,-0.0995512325289393,0.166819903975925,0.0775192564119117,0.268516711730814,0.338228721634465,-0.0499992258508506,0.32482285571548,0.193609192415475,-0.0188066394526976,0.193134805718107,0.212143000400257,NA,0.244712359965226,0.00889650335108944,0.12980435709602,0.160543829007979,0.0519045306177576,0.0909032763241809
"ROI97",0.0405289848910968,0.0623212962479902,0.042298738295044,0.225810080837122,0.149616734309822,0.0741187720981278,0.2359060987595,0.298507652424455,0.248535302075292,0.0458154346306788,0.0784287626978995,0.278685746206521,0.0454244042046339,0.170563970152316,0.297782263440452,0.197074413255355,0.249463016463683,0.315466090490439,0.0477086429461409,0.0395245780708838,0.0840422507670058,0.106006161033065,0.277235867427865,0.0664223478023204,0.151741603553171,0.093395858401815,0.264760762695327,0.190612010012505,0.224251322163678,0.208845632911776,0.132293114904814,0.266497876190283,0.123309745122543,0.152809308650542,0.227871408382043,0.307414372385733,0.0332866073320641,0.0861435303908133,0.306372682496449,0.225808734215339,0.261445203862368,0.302059745685642,0.030624091569686,0.24252220487772,0.313971077705779,-0.0188941550125399,0.13045676503255,0.315348734962355,0.0676941547402484,0.205277638023264,0.215977260426545,0.0301798401682515,0.286055208531244,0.123980577951348,0.358663723767,0.254183702474877,0.237412962328684,0.216986220400684,0.170349622446603,0.274704980772323,0.237411086258849,0.24443135052793,0.101304122977805,0.34853749866261,-0.0252164948452311,0.152889053850289,0.167939546627519,0.357297425391426,0.126827811838941,0.102178217318895,0.291049300903111,0.0844629435968589,0.142506901340678,0.0885683746831968,0.237424860394893,0.0816239591762614,0.18864381881293,-0.0212901999161906,0.118110555330902,0.236025122087368,0.0895399936868242,0.194505511014611,0.221659904723584,0.332165772809027,0.252783881802594,0.0245552572383105,0.273901386972603,0.200263702726668,0.0982042192748721,0.166829378997444,0.0393076289792493,0.16506977817409,0.240667674623414,0.118499047620149,0.19008064554293,0.167506153441081,1,0.145327820985523,0.20028427424237,0.236043368499056,0.236004294504525,0.221729037240834,0.0577493056405773,0.190199814079942,0.275070935089895,0.342862536527178,0.124782450527283,0.370138264979597,0.193429122936222,-0.0478603566927127,0.00802903253066698,0.199033208430108,0.397917512175837,0.112591280790888,0.292197255534524,0.13096657346403,0.438849158826458,0.198283136821261,0.0267879035425398,0.320156646088764,-0.0196839419854013,0.145020226572492,0.0834662775355739,0.0988802811199299,0.131915566687107,0.0115912919912431,0.269201336629817,0.045611247704465,-0.0584575073336197,0.05631238354388,0.064753070387793,0.347373426165464,0.347826865626849,0.0556886387730245,0.212851977650786,0.321878842599221,0.167033577847248,0.185791991009132,0.0940917858642484,0.343962528005311,0.0412984916282355,0.0848448679745624,0.220538654192268,0.139338110692147,0.0861417515990932,0.250133490268376,0.113282376572488,0.348328335371838,0.182959260113128,0.0366541638670521,0.12776312673303,0.0260891166592053,0.23804854245293,0.163532081903009,0.0861589260712026,0.264727262348569,0.368707682177739,0.163491430817713,0.0543741342921744,0.185585670077437,0.131807653155821,0.160092806067448,0.129308905030406,0.421033944068489,0.335605435960398,0.376960537372987,0.295045724376456,0.247413947975033,0.0504749275419289,0.0794058175584306,0.141675556080096,0.318440132892182,0.294120973704476,-0.12164539703472,0.255402734095657,-0.163275381214618,0.137115549612615,0.358185384229723,0.12654264442456,0.319246535649897,0.149857965384926,0.204981985029543,0.334521545652873,0.27009642836105,0.27836380943628,0.055167128980572,0.0831114173843529,-0.100617086048225,0.0726942156728454,0.331161468176324,0.402501293008834,0.0791754873687684,0.275059238533955,0.0745587643608059,0.146947674851904,-0.0155250343766591,0.201547935269533,0.139164693200723,0.249455530627741,0.140325539642002,0.081544466495434,0.106266227361182,0.307413375826943,0.108952173691635,0.532017582866485,0.146158580756131,0.18475081260018,0.443510372855929,0.162737824627065,0.221553031405144,0.0921493323909349,0.139339913367535,0.294783537219129,0.266293065155242,0.0883175483259362,0.206943429836675,0.446094158746701,0.258969420372396,-0.0320749892976265,0.184290302482719,0.164696232548683,0.292278679586601,0.36521933905477,0.418266338950091,0.158050566111033,0.116051231737933,0.356794400291034,0.119700913344402,0.163556525940313,0.354538064290287,0.114920632740951,0.276124823004812,0.180242830007623,0.165941380497864,0.34223186577194,0.151546928974247,0.249503181792496,0.125796101649278,0.190896490247426,0.255301074783004,0.354708939753404,0.333370387847276,0.328488521867367,0.110143708605839,0.258513354997154,0.295261014818801,0.316614639291632,0.0589097321087215,0.126745755805924,0.230601499878564,0.152982791773115,0.311538069222423,0.217865099175359,0.273758824845327,0.278778599063763,-0.0106956686888886,0.0687419792476883,0.0715339122837256,0.301121696876016,0.0697147297637422,0.227715113600187,0.340309786232802,0.103906600458709,0.328951634188127,0.207923085923133,0.136377483574839,0.149879118525429,0.307550073132665,0.163225192974411,0.302980904322076,0.0186177907502747,NA,0.150390646009013,0.0898249968720601,0.266854793325106,0.18864207983457,0.229653398812429,0.162282382888095
"ROI98",0.35508194826619,-0.0687643445936889,0.158781478932795,0.189763048277809,0.279261883438946,0.0439234133872714,0.209891394484534,0.326422900731943,0.186817243200366,0.120526986870741,0.248326967388392,0.234106373679564,0.0204650562067682,0.169873159724592,0.341218321766116,0.12359472498872,0.302518884233039,0.205406296728891,0.0255060635385073,0.284427950192674,-0.0329427309624135,0.0364198784078806,0.251898928336412,-0.0252895030079718,0.0518453623742604,0.246676041573597,0.368717158987961,0.246042636966545,0.302724790374666,0.055117100405928,0.16797021165499,0.234754881706623,0.00455153354565517,0.205122237773229,0.0447435291292387,0.333955645061552,0.0722840163507191,0.0713230502029988,0.317261503350228,0.135199391063275,0.281649178395299,0.199683209652175,0.329116101045369,0.14159482299376,0.258512797527377,-0.080786077099355,0.0469301821222362,0.2570409754576,0.258734237738073,0.235277805417561,0.191946630979864,0.140596169308389,0.2757270038706,0.18648359437532,0.422447066342576,0.299898557738853,0.297395817566473,0.401326971913574,0.305146345713403,0.218017260835249,0.0574872377500903,0.122798691170957,0.178196231690018,0.273687856775427,-0.0370082853014276,-0.108543175364022,0.205185524854822,0.196808848342705,0.0536495687625885,0.195635822415475,0.356165604782335,-0.0591042155322304,0.0285371658462892,0.127031970176555,0.0544577395279062,0.0691871448084782,0.134557186796483,0.0547549880388109,0.14235260053448,0.288626297705185,0.0335341215323809,0.282691522328551,0.366065375821048,0.17695106966272,0.321841712033806,-0.0758318286712928,0.164484753219673,0.19431427688399,0.177337259476369,0.0997188164533197,0.163484456523491,0.222347639850506,0.34043971883292,0.0116828264664946,0.188113006975166,0.128642919041593,0.145327820985523,1,0.370112936799895,0.175610111869842,0.0854635725055979,0.0671018644378647,-0.0206957987414005,0.100748485319463,0.259768184447927,0.332752078602801,0.0777572947698611,0.270399872121281,0.0715726122705844,-0.038668195407453,0.0427721141842105,0.251708547624896,0.117626967488882,0.237216288080312,0.183428623518187,0.199900998067858,0.304444882584475,0.297858557754023,-0.00863840045959784,0.184674442986107,-0.0231978645117604,0.116133619501658,0.0273311743444301,0.150446963273662,0.101686863622602,0.0440860078573995,0.211422056360852,0.415597542364516,0.00654501859430005,0.112919163804976,-0.0948946794489327,0.295642638982244,0.331539152224384,0.129079614001604,0.140944399855315,0.297030889862547,0.0424461103908814,0.210878940865901,0.309153997398471,0.232507717940655,0.0775519754444188,0.0605645902778153,0.216835062337627,0.309463214911838,0.00468926827274446,0.283756223434835,0.00625243424661377,0.232355122883907,0.499454193983667,-0.0229416077056839,0.346657573853665,0.0151777802755627,0.250583877806971,0.223954732449235,0.0690811148301344,0.264755768556889,0.28817824698153,0.166518125422917,0.0837796594585851,0.120398293013221,0.301541571975909,-0.044763464776557,0.14421023833971,0.150331603036262,0.206366448402111,0.275968653395248,0.357895460105341,0.2110824790366,0.220022230849569,0.056947015126911,0.0877956935686856,0.309442603126258,0.330162827317761,0.0589096524757989,0.252300011204342,-0.0804998215521447,0.144433311486149,0.196169238577091,0.0625850733027305,0.213879900976135,0.142215159802546,0.152375625489206,0.297334447621322,0.214168788259215,0.283395417220174,-0.0422733112796079,0.0695649211356012,0.0844986643919471,0.0513113427577731,0.219568282922822,0.225752321049173,-0.0570145161079176,0.0190849900095068,-0.0904042276179526,0.340574999880786,-0.208026261246154,0.165827252244492,0.155826823756921,0.305143649900399,0.129096310761378,0.0408782531431823,0.0884703197501838,0.262557085460892,0.042133008026419,0.33436753048153,0.36712033332782,0.544621393805389,0.254174529015091,0.242912234636397,0.0853563945475108,0.205430147031226,0.0380680551964552,0.281030680138258,0.272237743426025,0.0154336650583734,0.343638189824012,0.246674239872946,0.286607249951903,-0.136157399307331,0.149922987715251,0.0350224995759718,0.290716047044465,0.263726878047542,0.392142925754486,0.133128715978319,-0.0718980384338802,0.23276738012479,0.016973051925406,0.167107158515078,0.397300869549311,0.173379599142159,0.270590232254679,0.167670344638306,0.0890945470798759,0.274295728385223,0.165400799791342,0.297736930466643,-0.120418374688118,0.325978814102189,0.237370255910241,0.209303114002786,0.285312198043383,0.256146751739322,0.00924999853331458,0.297199622122729,0.323429935544515,0.238838928236984,-0.0231280291653825,0.0157741778003749,0.181459630683586,-0.0128206396937045,0.141071529010913,0.170487548286981,0.26376441719792,0.27885353807174,0.0632955909150277,0.0237563479558166,-0.060663608165468,0.0784433099994966,0.130502884902919,0.212975521540535,0.302877699669231,-0.0232643625294868,0.256487842618375,0.14774635453125,0.0838133189683726,-0.035188150719998,0.277285330188335,0.25288379780924,0.137120437704077,0.0372970061182441,NA,0.0733693898429483,0.0811082884758633,0.274452989825797,0.226943754207414,0.361568533808666,0.325589177645759
"ROI99",0.235570946199732,-0.0776615852961866,0.053483727407305,0.260158137204902,0.262737684101868,0.0290968283244908,0.142118477399837,0.205642875884554,0.0898493915500914,0.109617251430109,0.162619892367483,0.0259700240138373,-0.00374527361266957,0.0418112254645104,0.315783652827156,0.191215202029315,0.426308619677416,0.293720231229989,-0.0207914733238315,0.208505547434502,0.0266581537306294,0.204585367278517,0.267087719709169,-0.00178891661516354,-0.0198632211888885,0.141053713862444,0.340946236738305,0.28141400826018,0.122249220849418,0.0856586139383386,-0.04321968383641,0.294939790016548,0.12143356342298,0.184907570175315,0.244153005239095,0.193091261803254,0.0369724954178751,-0.109251234955586,0.202617892660278,0.0883423902959916,0.121175766928819,0.173036142613159,0.450254807733914,0.333884497111887,0.366649331012954,0.0309499411905426,0.196491993353145,0.207594395913411,0.198851348512342,0.357411169074652,0.333227190898929,0.209971810584362,0.165367185245442,0.24747085037662,0.27236715855109,0.313470117651483,0.205424849653381,0.250027043796345,0.27444621762652,0.159492333576745,-0.0720515370107676,0.203222861459544,0.140575471285521,0.166855316561048,0.0648643912559928,-0.104879724527815,0.195832852272708,0.234688400285345,0.0571903678783465,0.127404021526406,0.36944510082041,-0.111562481565998,-0.000893386807112623,0.163539470571113,0.265289153358572,0.0475464812110949,0.199056905268675,-0.0276228907762704,0.0393987790579749,0.0719267156097471,0.068843563440582,0.39262778982829,0.502786539599252,0.130133154246886,0.276938327874164,0.0326470332414852,0.257434205608632,0.078497047892754,0.293177642455311,0.24278807972051,0.174037394874148,0.269051638318761,0.269440162128797,0.0201340746891437,0.15560818333871,0.179407621697265,0.20028427424237,0.370112936799895,1,0.182555032491202,0.100839513628684,0.239953490013903,-0.000903280195136564,0.0922891050960855,0.211666983560642,0.147674372552633,0.0563361803296916,0.148916654150668,0.0970524245261361,-0.0256475284478794,0.125189109876716,0.276793780041389,0.0432938967838243,0.185081786807631,0.156144801162683,0.180388995476688,0.139639996980368,0.170995123019462,0.132929865576527,0.195159243413041,0.170062306523692,0.208127955113169,0.0672361322850132,0.197998022376101,0.0340455750790152,-0.0136317323163165,0.322908119974885,0.117970595020355,-0.0176792103714742,0.0117741596692297,-0.108248519838834,0.189895941156368,0.430380891308168,0.244686294378359,0.102272254108192,0.247156191062019,0.0850296062336047,0.193122383254397,0.302341564184074,0.186189379411195,0.107078572392858,-0.0334357396323046,0.138375707504334,0.21699174367653,0.0600094615907229,0.155357187427097,0.123220289304921,0.266129775168562,0.211789024987784,-0.00991648067370353,0.249527899589263,0.266152753732047,0.269497596742097,0.257978642320319,0.121717075956459,0.240858890823621,0.197379049971041,0.129358858421219,0.0372115808705247,0.101697182586356,0.427113748182987,0.107601330877965,0.292904240501212,0.156361619678063,0.204164154114215,0.244027668163108,0.14904748115059,0.133889533332141,0.214323712348457,0.232515067156255,0.131512387882209,0.294144329570782,0.316717109876455,0.000347664612629831,0.263746814471185,0.111931879517711,0.144849320415963,0.143245007038109,0.0278316832148257,0.246371488421534,0.076403093737782,0.204614283493189,0.367025902863157,0.154607725406475,0.231163183254476,0.0225843898750632,0.163328200343518,0.168263496411847,0.100392779207518,0.203902462331169,0.23895262022554,0.0248189721698414,0.0669128785012536,0.013189299303898,0.276096734870805,-0.152578696097561,0.102970657704576,0.166958514124611,0.312340603676363,0.165943399050446,0.0903308960699465,0.0697413016200522,0.0876401294791112,0.183608045124873,0.220656435622938,0.29462681791829,0.602075914506764,0.235688225877813,0.274984837901464,0.216696456308458,0.04360184028716,0.160043117737081,0.342493794316667,0.106408104592779,0.0586552066644868,0.358333911243546,0.15693067325371,0.424940775386536,-0.0985928782259449,0.0795608148591429,0.178510366742135,0.207969077126245,0.184068911023207,0.325168387096441,0.21516208596957,0.00946473727650462,0.177501663508735,0.0176322163875847,0.291724864038939,0.361566433483357,0.1046514525693,0.11130858022833,0.16300413478987,0.169479364170794,0.379101586070744,0.0882034861154142,0.518654248813562,0.0695274826047567,0.275565521718839,0.0507022601750802,0.361037162774144,0.205770829211709,0.243624495730219,0.301237251249968,0.299628055145854,0.343244667159512,0.223956031567699,0.012386867367045,0.131034958072194,0.107762143043159,0.0528150948818516,0.112271852577161,0.216443614151774,0.271855194181326,0.260323192463945,0.00899922070994659,0.222335309391486,0.0458942670710253,0.140957322495527,0.0942497403644853,0.176027927784808,0.261619837536344,-0.0511085478591186,0.358687615299922,0.105298598337185,0.209039408216905,0.00414870138357685,0.39710477437275,0.311479835704913,0.106380956623396,0.202513907330042,NA,0.0885525688598687,0.0386834603781802,0.203387976794055,0.22692158843143,0.276488320867338,0.268860343484577
"ROI100",0.219272633500316,0.270060251585826,0.252982492945877,0.141017776275207,0.36486955308863,0.262091130004142,-0.0336451555874967,0.517555333885959,0.481763365796543,0.191763467312208,0.440181788756683,0.317174890641985,0.104045931139549,0.219358306102332,0.272567628724164,0.522174296284543,0.577609876955648,0.189869455386895,0.147200427352459,0.583448587420574,0.01578132896821,0.249088940992081,0.286879252795354,0.099238389102501,0.174567565092409,-0.0327987104663552,0.594775447809156,0.161302323459188,0.286129458736336,0.103010958369865,0.0997504088905918,0.278837719662497,0.288113502580055,-0.0452804101736487,0.516248163593703,0.56796067894468,0.00395096163093321,0.0388019790428065,0.504617274364238,0.454462191086873,0.583881397398179,0.299754459590453,0.174265251980305,0.142287290619268,0.430413125393614,0.268281068270541,0.268682237761552,0.242645789196936,0.428884661003158,0.215329803529158,0.230894812000782,0.446556019310291,0.275133041221955,0.244797533408851,0.486163405889238,0.200751059563875,0.280670668641692,0.427322669872202,0.536567714424679,0.546521128181243,0.186186033238167,0.203516098462013,0.514638555530197,0.435772509690115,-0.290896314493227,0.0256004340475419,0.622226317752407,0.0472809996113475,0.0466565825008088,0.0281688436340972,0.472470432126798,0.176980652868539,0.322109363384099,0.344002057412267,0.435040436693918,-0.0812464866694848,0.0836024886100245,-0.130548809769882,0.17358095582741,0.332810111420972,0.0584435568705565,0.468886582549557,0.329795819067462,0.264051848546361,0.241545097848536,0.182315971260883,0.409569038370431,0.536567062870573,-0.0827526435798044,0.402805758357587,0.169703547788371,0.476255100084153,0.355860463827859,0.505284977053516,0.66501695646013,0.211146352541476,0.236043368499056,0.175610111869842,0.182555032491202,1,0.480904302162405,0.338803151826975,-0.190060462153712,0.263447573920617,0.115321765246349,0.326865735126133,0.372101500005718,0.293118937085423,0.256290850194009,0.110040651002649,0.417649958954553,0.416380259260205,0.120432349916717,0.0885451734979351,0.494086062730897,0.419700608745069,0.362421912902589,0.423530830854397,-0.10719081017173,0.313697226618049,0.0558925193115441,0.438670299366649,-0.0532920865823584,0.311897545709539,0.61174557496752,0.24956026857294,0.194834945570376,0.13697895139483,0.191229079543607,0.169550887046803,-0.0252196252323729,0.398727787317529,0.271744842037887,0.391117288046357,0.322458869063505,0.502779540084134,0.319132975532903,0.606353027733022,0.210671401872993,0.555582368262945,0.166379344588897,0.0061572075764799,0.481549193353273,0.269345049599717,-0.0114280074835922,0.506821053142465,0.336696128776079,0.22058021557735,0.415620449343533,-0.117603663239288,0.105199256906962,0.235965432063679,0.205309587641466,0.0970685110553666,0.265452492456735,0.276301726049631,0.378533977499431,0.265207360956767,0.285710116250628,0.569136875393657,0.352384584766015,0.423049861653519,0.283911971410964,0.385180060364882,0.183693637439693,0.51591732054358,0.423571737273546,0.177313619337214,0.407830850601969,0.2343783945516,-0.038506771769666,0.403890916083173,0.597512482412876,0.0193885448772498,0.108706906139963,-0.186181255419989,0.342352832836166,0.253822175909008,0.346684744943452,0.472773288915243,0.0467683243583521,0.197383059469591,0.271734721274606,0.26267339969258,0.273006445582251,-0.136664562931627,0.384325394788255,-0.10214674760305,-0.00277394370590406,0.357194935490081,0.451657475720392,-0.107952855409014,0.344803613949093,0.143202678070314,0.51028741781999,-0.205380700941191,0.142289876529135,-1.19986581380496e-05,0.316058106717462,0.156053239602777,0.432571609092073,0.360824496353378,0.377765995224352,0.332386031621279,0.382960825064902,0.323438428236668,0.335130975130262,0.309765706293103,0.430178648258058,0.0823107117005481,0.296891492985763,0.0631236649414422,0.328696687868589,0.429199220228665,-0.0386492307075463,0.442772857253634,0.22886440133674,0.35679756283676,0.119696032547093,0.13292107929229,0.486325607119685,0.502570370945227,0.392544483738434,0.375051923490418,0.13485436888031,0.125681775921844,0.24207597741758,-0.169621278061916,0.238359760331263,0.533167224014792,0.234868086668491,0.520293398370173,0.284581256831955,-0.0144688175417669,0.305784673057791,0.278624174426741,0.251688193901373,-0.00347762652608521,0.449659068074527,0.276072467837513,0.429698680328807,0.283617906108609,0.366550238459233,0.0680607741978965,0.39515894801369,0.496083633643108,0.336783468780525,-0.0444059767532462,0.313731794750359,0.318849875094655,0.214679883692874,0.268735781485155,0.0260710516247755,0.0952072898925267,0.358863378913842,0.243127491497018,0.113507412683224,0.0596730769078756,0.173388021136465,0.272831103174174,0.136318763248189,0.251790317211864,0.0295700484282018,0.334058594619804,-0.00133716665273503,0.0604596150601178,0.0244343389401772,0.355957718526567,0.543973078164945,0.152118449837742,-0.0709809271757975,NA,0.253430443158359,0.385428777788705,0.377932458040715,0.630899299880842,0.238579876321067,0.15932810382924
"ROI101",0.169602860006445,0.276535960778137,0.269017199306363,-0.0636237121988685,0.123368404875341,0.269350181959139,-0.0480898811720482,0.251603038484717,0.641490085064732,0.169125730398911,0.356795461148942,0.296062073840041,0.166343976558273,0.40907634654925,0.186761379313815,0.617281394312627,0.32555689802272,0.131613729896663,0.265087512222661,0.33871665947604,0.361943986277133,-0.0343629162529462,-0.0325466965174759,0.283640848380996,0.218678744769706,-0.0685761794841596,0.497272376843006,0.078279565634964,0.112826357027154,0.141404940557855,0.18948753955909,0.118639625106968,0.0453824045374257,-0.0144691080480863,0.130341511647504,0.364782927769051,0.342562571597485,-0.128895490786866,0.368483271270447,0.432115345370251,0.536254803360789,0.230483477363816,0.0535543987286612,0.11439382054945,0.226787907005549,0.272274636076742,0.391194061629336,0.259554712239042,0.278752917816106,0.0595406867571456,0.273249696735782,0.298920031728852,0.286347404441045,0.328088394875164,0.404020586297886,0.212683207686174,0.147481448203104,0.278811064008414,0.360361576225505,0.369425133163134,0.266812972238941,0.00182028702083374,0.35834193445853,0.44287530979562,-0.276758693291985,0.157064099800037,0.636583244641117,0.0446604661409401,0.196193338179669,-0.0607265467296762,0.304861935838769,0.287002593601973,0.150205850541715,0.0777204412843084,0.347957699411558,0.00149881297308918,-0.0442698796014074,-0.172564221961216,0.135855144733801,0.102965060168038,0.300813656076973,0.458297643560521,0.233522497684196,0.22086217914382,0.179704797198177,-0.0546395525066425,0.044433942382002,0.663238013121665,-0.111156388244882,0.0953962739758046,0.241167350241394,0.472655841367823,0.273240105458506,0.426158902027783,0.414132767825259,-0.112272972860848,0.236004294504525,0.0854635725055979,0.100839513628684,0.480904302162405,1,-0.0496483211049118,-0.1036295281076,0.204931386761301,0.120901122431035,0.101259117302983,0.270165099236519,0.134861053944607,0.308070248866138,-0.0433762762628398,0.200901095335456,0.0969154501663731,0.300921365179995,0.0348599690865929,0.332491374814075,0.217723440665881,0.26438635508144,0.468002969088765,-0.0973878593990977,0.120432095349664,-0.06829810055249,0.0548671154137252,-0.0370770294791295,0.294802793342426,0.396486495394229,0.0530127337376112,0.107308060188797,0.156609426116574,-0.0486269475188515,0.139104927617575,0.0399496236738415,0.35928870757792,0.15608014908238,0.0652440167300549,0.537386263820479,0.246300272213668,0.436379622645247,0.526238587920822,0.174991992668281,0.55785610455663,0.126815767756664,-0.027998318981215,0.316538867389549,0.217183049711516,-0.153770881198524,0.579146393146922,0.0482980569323491,0.189773469000871,0.299475006422887,-0.0627418886817766,0.122893168872478,0.146640930025761,0.0641463163637235,0.0868257232788009,0.165804106044569,0.176313563177853,0.221107821066599,0.256894296058354,0.0958949904784153,0.408451181191268,0.339498853543124,0.241552516619032,0.046691147704035,0.598783352597331,0.118018754366268,0.364055434331429,0.315536945610253,0.23317749499997,0.174466771056062,0.226824718035699,0.198979618818049,0.17118098707906,0.393407277474436,-0.0742917002965463,0.0939777886039749,-0.337220156451241,0.163584411113322,0.140638065388565,0.16076672075531,0.443972262291533,-0.108183680572766,0.180590856980519,0.247915987363885,0.272396350205916,0.0710089008725504,0.080555534585953,0.0568503223247097,-0.212312063557025,-0.261091565179672,0.395743177995427,0.354796694305415,-0.101557311264846,0.226220709569127,0.13186902104152,0.343011468499076,-0.0183624332896359,0.0973226293243185,-0.242519852665851,0.0159918869440639,0.249121338828404,0.148210071350483,0.13142536850087,0.478755435941412,0.354978985864367,0.175929233295442,0.209381403629566,0.130259398909324,0.138077534919794,0.144140120106659,0.0201438171868215,0.227790731944852,-0.11357318411416,0.150641603522259,0.313231356124906,-0.245200719702371,0.194045210787698,0.152910527660653,0.268372412802979,0.0203221716564684,0.0701743066611739,0.206438752559673,0.196728660264599,0.391565126894343,0.332194180426441,0.249127500430787,0.191491587780056,0.187787550788836,-0.100707899155935,-0.0592942667888691,0.424612137292637,0.273971761784055,0.366989220314972,0.122842007491465,-0.0283131366517738,-0.0387936345894089,0.0268896228247578,0.128157788736454,-0.119945293653803,0.348126047748651,0.295091844684611,0.271290179450378,0.243019608330386,0.224111498353534,-0.175760258529292,0.258945403787454,0.267730883914319,0.0630387297078988,-0.115114223865169,0.439952345477255,0.158377856994958,0.380363310200943,0.119239966111456,0.0223600284101051,0.015199645124562,0.321112418406378,0.292558258716703,0.0661172863116042,0.219611213090265,0.122561153653259,0.275940779923741,0.229037137789249,0.173568877046994,0.0710492637277014,0.117237996524133,-0.191501293332598,0.0775114343986658,0.126677177472381,0.260844625415962,0.499658469140342,0.0697854807616535,-0.106084611708179,NA,0.252387314921939,0.367339569548906,0.389960116120566,0.475947337131778,0.225185802670695,0.133030235525467
"ROI102",0.19373363893577,0.268384425123978,0.0159624742571412,0.449763643543116,0.372119975399204,0.233563055682506,0.126995666651345,0.39507179923553,0.214336833890578,0.314456970167658,0.079136028657035,0.335043909641298,-0.13953155706416,-0.0765528762944411,0.280565473206209,0.132982621660304,0.393984800514124,0.318969037203718,0.0398854809679962,0.236996092369108,0.040110546499327,0.314270816768718,0.679346986474542,0.215809829053495,0.0446924880983899,0.369365161650134,0.20736996602021,0.324135817815479,0.357567964704231,-0.0297264886432047,-0.22045015111617,0.377142579168551,0.475702126711449,0.265787990957995,0.719685894838639,0.528779258075731,0.0263724002729464,0.325212089864307,0.406428628712814,0.315487567635793,0.258163670144247,0.199205058222297,0.0390747177775577,0.427993130735481,0.55988093556556,0.245691000938969,0.112378060980397,0.239112944524006,0.177758737561396,0.4584920191251,0.361317305822957,0.168761463357242,0.269725978221213,0.176189927900525,0.228471947335654,0.242181294197701,0.307382714651117,0.0786976122998528,0.192495841048723,0.316692035303389,0.0566837152003815,0.482617675712269,0.235788198291421,0.180972109484385,0.0948342985138386,0.0252654747041514,-0.0104010803493853,0.0395279749834561,0.19064677725757,0.241887326867364,0.243729510641406,0.208515636723028,0.420912009215174,0.280425054161164,0.321350310322662,-0.0264292983755984,0.231793472704019,0.260447382982872,0.0997582478641814,0.358147411900122,0.0511279393734398,0.0823493234534219,0.275480087475058,0.322683015353802,0.258229033585054,0.649847305987735,0.722843876588524,0.0654409893504199,0.235013467901878,0.336553565429689,0.0135446616692028,0.0915399887450589,0.25161855576828,0.25877254252921,0.386907833842494,0.788136081239623,0.221729037240834,0.0671018644378647,0.239953490013903,0.338803151826975,-0.0496483211049118,1,0.267718385946298,0.278791664186692,0.251812158853851,0.517039118478829,0.307568451802563,0.635907695607375,0.203370137414705,0.497530507136494,0.241865006222439,0.356952325309373,-0.00600378226766638,0.103543536399374,0.315623747480472,0.283909929912397,0.32060823244004,0.18980868173189,0.166328708099424,0.652210905099403,0.242555621324034,0.464911082382568,0.212872847519238,0.27889723987854,0.153660635655405,0.43143418121096,0.233546713638601,-0.0106540080363599,0.212679500741712,0.377229969387493,0.288241894167003,0.249487864166032,0.16152137396434,0.287945851043757,0.0112540102617056,0.326853158496614,0.125505145743785,0.0741253963629508,0.194851527920379,0.227486200270054,0.0177116443485109,0.0340491463176827,0.389440166355565,0.0394824393891893,0.39704993632209,0.318540090618211,0.628140005092487,0.294802627428706,0.107754187320268,0.251247250724356,0.207012624459863,0.306207125332905,0.438148361749163,0.370871007171121,0.192914970182782,0.257881876822745,0.479538242667706,0.0401371657154496,0.0832294090898889,0.357571373531902,0.175387846535113,0.264573520821531,0.372835628650808,0.265263112840257,0.29570583907661,0.324187387890842,0.174126348556829,0.0879025998058433,0.211104706725386,0.282743412162224,0.159947223100048,0.505699589945905,0.315691863404905,0.0585905708894042,0.149506061408746,0.25144284243898,0.428369476684865,0.099042728494001,0.457588579414621,0.267089863856256,0.37608453438741,0.295659577865277,0.265216931101051,0.263334657027844,0.486749611768067,0.226564598439166,0.446856123168987,0.210186867121867,0.398940589035157,0.265787960262961,0.308883255774361,0.339749500583283,0.493717729374742,0.331852970163549,0.201561417899114,-0.173952636752246,0.425341449638207,0.470243524497001,0.258039027716867,0.338586487272055,0.50187056912278,0.195097792155246,0.260415364818334,0.26999843288275,0.453810168465276,0.299543981645564,0.239059218220138,0.329698669745808,0.428071662119293,0.486737470910132,0.151117361561255,0.526743442226558,0.358172206634973,0.4104293351878,0.364767703194653,0.249548051057203,0.194423866682777,0.422279170697369,0.193692916767092,0.117821428297467,0.454018853335489,0.53665747760584,0.304437891800498,0.324262631666213,0.273442049124579,0.456171925607688,0.361777119390709,0.402073910603094,0.494868917019788,0.200071686528227,0.0799276616749177,0.456186218273294,0.360000851594825,0.252426393208519,0.568114239628645,0.539910447423887,0.404160970282543,0.517717037915419,0.21216786733096,0.169364631205045,0.362234117838312,0.294120389486823,0.306141244061963,0.238436817450809,0.237961070503802,0.273912360380471,0.666080191524041,0.399789765365081,0.173417690773215,0.40330551307913,0.267529384341698,0.271814726034348,0.320075592610537,0.383911431590557,0.38519875827452,0.193739552569091,0.321505039789737,0.182193430441344,0.435857414552695,0.144354543879499,-0.0304583719986158,0.347821230915725,0.101550324429993,0.389410554149278,0.312899734171155,0.0992737773757583,0.398881655760608,0.338923855527849,0.114412112086179,0.360926085334326,0.266421159125303,NA,0.27428624398872,0.117901291062991,0.324885635292523,0.225254180678791,0.185049103483407,0.271445611674508
"ROI103",-0.0365406351572252,0.256817368861017,0.209076626581871,0.234018481287566,-0.0878684959884817,0.0985634643600844,0.20588305444552,-0.0798358929219086,-0.0912475235018066,0.399028560841915,-0.0302695378478502,-0.00135582997898359,-0.0972237735116491,-0.0891012679790813,0.216672313381663,-0.0737509843588851,-0.00190758779983804,0.2075801071566,0.116488915956716,-0.057754273935192,0.179255022470003,0.032754264558653,0.0718776311507694,0.230060514050465,-0.0120550860195898,0.347134288048059,-0.0866344311118203,0.232554103583084,0.0565233694032462,0.0857192368887271,-0.126345062783944,0.131425945434598,0.117941456176517,0.299017896624551,0.113154821578387,0.0439498622784705,0.141294306243766,0.259267616851506,-0.103145302423476,-0.0471640819844353,-0.130973249424403,-0.0516328655997445,0.191847947368221,0.163560421336377,0.128359345067119,0.217042038928026,0.094584231771439,0.0614343133253496,-0.102245462621741,0.237698465953765,0.250846441231654,-0.13091177782497,0.0191323630588037,0.175824041656233,0.0154801086559478,0.134520063736341,0.0209016892332868,-0.101930158142452,-0.00293452074813483,-0.0785849812832326,0.0571250082023805,0.366036887342875,-0.048367011221254,-0.0330709755919297,0.166177658222731,0.174488232456106,-0.148119700302196,0.11036464382007,0.461505366383622,0.129152255197377,-0.0342085636110384,0.261079625803964,0.0578569756432751,0.135029730049795,0.207304880632784,-0.0892676296991242,0.147654335636598,0.344815078703971,-0.0125951097873693,0.0307503940764221,0.179044995071082,0.00317072775506701,-0.0507150933670886,0.14409046284543,0.116729477397536,0.26424693626438,0.0982307187229766,-0.142256423140517,0.219645014551281,-0.0947795217626261,0.328054592258536,-0.0143287255059267,0.0675228570761205,0.239685171056919,0.0777706027021216,0.221371344239009,0.0577493056405773,-0.0206957987414005,-0.000903280195136564,-0.190060462153712,-0.1036295281076,0.267718385946298,1,0.0921361884727743,0.185170272158999,0.0748573572941212,0.0593163587572527,0.111582864313798,0.0355415898014843,0.268688172878852,0.372285247125151,0.103805590204553,0.00515607817339738,0.126488462943959,0.0291664467868758,0.00298431213635628,0.0521918446121708,0.0336295589650531,0.20619976143021,0.240834038284021,0.111434951254656,0.22777104638831,0.287775006387415,0.0594203127679322,-0.122934102798786,0.149287234149815,0.0495774035936354,0.00659230070114972,0.0948006383143489,0.140632344311467,0.407472862372575,0.00728176098362741,0.0216662183903456,0.0364179160964416,-0.0247610790046912,0.00279673418294521,0.487198231223053,-0.0795753520142389,0.0924841233742675,0.147293070447676,-0.088072559577427,0.00393423626377573,-0.022127149385595,0.0248512554444546,0.575734848228124,0.0851189413117111,0.247527933355579,0.210632653860727,-0.0826869664818276,0.227867645890182,0.247693381875126,0.295713973759332,0.191424131073534,0.22398037032591,0.164563096523111,0.0164438245958302,0.164541300589517,-0.0582253356376579,-0.0448534196614681,0.0636503711959558,0.081345625423623,-0.0827343100854522,0.203875042769184,0.316842997068439,0.0870103018056627,0.0592847080215202,0.073528575501864,0.0569423411503528,0.03220262752472,0.255932931407491,0.25369648518656,0.275375082810511,-0.120335795130312,-0.0205361634995405,0.123747002680211,0.162093718339491,0.0577792654915235,-0.00114809406887017,0.260884622024816,0.258470292545565,0.364728005018113,0.49715349416351,0.157451180227252,0.0347179449721483,0.151352920599684,0.440167526825309,0.344784657003884,0.316237364333807,0.581639953818009,0.0685202433659536,-0.00502518674171158,0.508308614956977,0.220878053901744,0.330865572289254,-0.200148315659086,0.00403755772534434,0.336179222218324,0.45691094869779,0.0289695502399259,0.281275918881667,0.158023599382676,-0.0830090330199987,0.0298260498157762,0.142878055883066,0.0186353676873766,-0.00417967762394752,-0.048625762129371,0.0649336126086663,-0.000264787121450175,0.359532856171113,-0.00431958223816723,0.393065134088752,0.0644851519201506,0.0894659692195452,0.583862127726803,0.200308234122482,0.0918353352120475,0.103465172220046,0.0203539262255955,0.140425770107821,0.397345084156928,-0.00170990894894092,0.106909441390042,0.0899618446658688,0.400044323291587,0.394590313258499,0.0961620797468835,0.650207093648926,0.357139738810161,0.0106811584735984,-0.0909005681231119,0.0226597656685647,0.190271954388136,0.322812584416192,0.0646292161609447,0.0220316593399244,0.30617223877182,0.397338943542047,0.0229502042927904,-0.03812932935532,0.179007868251724,0.110639578024341,-0.00448615955689042,0.214988975399064,-0.0638829642383272,0.0122635760300133,0.152482206941495,0.589543203065799,0.10659465681325,0.185051985372659,0.213320683391916,0.0281899136646528,0.274517712001957,0.255947055993666,0.0966172746025856,0.00773843581017917,0.260833896436641,0.287020785442151,0.542866125204387,0.0266826614161883,-0.022280300335652,0.200270082257844,0.135769498157085,0.150612284430027,0.146894312563454,0.0411314761936518,0.469172067393047,0.036011475850744,-0.113942891549053,0.133217679715739,0.340020777720407,NA,0.0307727880327059,0.264770585327169,0.156135291722855,-0.04501666157092,-0.0213652377923502,0.138171698523223
"ROI104",0.111201913621356,0.187128131158549,0.207988991880922,0.124886660233784,0.1998507275861,0.156087983581925,0.00724237659278848,0.299457035227545,0.239551733367908,0.307391811284884,0.157698482534855,0.437215548843826,0.0556388654518143,0.246946019706141,0.139613971704987,0.228527288213684,0.12596124896209,0.0880916664736797,0.149195925108564,0.295451495268877,0.194925761752448,0.0580980908480068,0.237073647270854,0.203280513449876,0.0288443943703386,0.118739675365393,0.194575743569788,0.145990222851702,0.109272884647415,0.247884601890669,0.0472455507079241,0.174374309790243,0.127605478613358,0.0925715441104279,0.269915613094666,0.225854812527314,0.129611145678066,0.32448663578713,0.179254422136234,0.276119135423281,0.149918275110814,0.00596640090810095,0.0274389750428757,0.203099494347778,0.199450440287755,0.251422779740278,0.150335596010716,0.116747614765789,0.258848456139269,0.187017282035432,0.168479515274487,0.187168994320436,0.200470499258455,0.143952828261295,0.122485699667458,0.19466187254915,0.236568392371367,0.235206367381392,0.139912818212746,0.251471823084945,0.471077246098959,0.233837363012723,0.148454289856024,0.0874854903455788,-0.0430085228814099,0.311128890003207,0.195602760227007,0.284928397553451,0.134909376350808,0.0805267152350638,0.123733409110068,0.222540103139507,0.491838893125912,0.153200184914125,0.138433292009148,0.0546536631664276,0.0343620083759711,0.131187543714652,0.299844082766897,0.0947827796965712,0.120145389365191,0.0308153301298095,0.161406371290281,0.10962008060529,0.11758911690394,0.291075942156531,0.231413433445493,0.140799917955983,0.0304436675471637,0.127113266629655,0.0198187634130127,0.171803627492613,0.132326102221384,0.232073276122344,0.282161536862187,0.243890436831583,0.190199814079942,0.100748485319463,0.0922891050960855,0.263447573920617,0.204931386761301,0.278791664186692,0.0921361884727743,1,0.166821979301244,0.158107079794662,0.255033610560142,0.280197214544782,0.207824751339873,0.368713030331613,0.088311112542314,0.250693816493754,0.239058773792502,0.154670746450124,0.208242768322849,0.112082529814519,0.192140760286744,0.29467638816104,0.0351748172910822,0.292665352627604,0.172762803117487,0.260943207311243,0.0650430360294221,0.138568153007034,0.229829950962288,0.243575302290395,0.000675406436363784,0.120136747550464,0.183509250054606,0.454490201938635,0.0853141501597241,0.0524298768042916,0.0651938349376312,0.143554658788454,0.261799715478455,0.107696248537338,0.144197915624747,0.198444855700644,0.0663795733880828,0.214923061918835,0.0893028938376802,-0.0229290419381977,0.207692895225825,0.242778659865819,0.141319018276954,0.271209375906714,0.336204505456008,0.212321409459172,0.161852538602367,0.246908014220226,0.194976237770244,0.19107146929524,0.152393042912781,0.158174014754611,0.165484168509334,0.00822029313158119,0.216608799844017,0.149213626643155,0.0298110541206162,0.325966223550478,0.122542641738317,0.279353317145342,0.165230224892437,0.298514453374121,0.180218382089225,0.286074639232419,0.212856679666952,0.2808171288804,0.102520230967461,0.314369973710072,0.213722829224806,0.231515985044319,0.202262647897032,-0.0936366616439822,0.289920040975416,-0.0812245085307439,0.241750551310649,0.389489216534239,0.251754745653628,0.225267639212937,0.139439675900729,0.266942852073158,0.159382065831879,0.308260107368985,0.149182853786783,0.205970839986453,0.194710504006332,0.121893304148571,0.148504676254014,0.131637380098774,0.120222679156629,0.184467156079403,0.244049142762636,0.253001575698956,0.224882731550638,-0.00751721061655847,0.220017995452067,0.161256041431164,0.156368377783691,0.299783228692946,0.229641676298146,0.433014088316821,0.14115648513827,0.251336653244011,0.196310710588044,0.103887312166732,0.161740206970554,0.0872301955721063,0.198909651375049,0.214428417308231,0.306382152029269,0.23043960037797,0.203850230424383,0.246192604190255,0.0819670396857843,0.094454303967133,0.203679019315407,0.166570467951807,-0.00460994110124417,0.268273099280177,0.290242130425508,0.287889566715342,0.138329449024099,0.182579227668414,0.320683418670442,0.328090204400243,0.189477203039305,0.197006415830106,0.244646829663959,0.266949256232547,0.487911655066583,0.203997703206857,0.171675286497592,0.123153822334855,0.232133091497477,0.335542758697293,0.132835417074142,0.100919393784847,0.235744598986091,0.0407770332055554,0.206394197194334,0.157927674681154,0.205837050187502,0.000382191011381926,0.162064390305271,0.103335088341905,0.20945774195106,0.216719519737779,0.219025338243115,0.170382309416015,0.286994427834152,0.307138664540997,0.0544186126106246,0.200044856752845,0.205940372101646,0.322767737141665,0.188595269089299,0.309202437037268,0.268108603230422,0.155487413475739,0.302259934258764,0.174208013589296,-0.00251059517012779,0.152710099443538,0.0669027825972458,0.0508813923593993,0.23723640957062,0.17219197743378,0.0145300207051302,0.127633039881876,0.125667325682456,NA,0.274103151678826,0.307536199503145,0.360158728306952,0.141214936299098,0.0734720154200507,0.160436346016054
"ROI105",0.267292983384176,0.11835969981245,0.170783203839444,0.627058231076092,0.38343532671551,0.0705698793073869,0.67254105104297,0.403122505545477,0.345555627016992,0.249158786266066,0.031680552573678,0.220027514117949,0.100891147040661,0.153789611182625,0.595129949208562,0.0226058985176892,0.424427709983665,0.558230977979202,-0.00867788651337322,0.0830609046239969,0.114245014416513,0.142506615497929,0.425495362996209,0.206199412691525,-0.0551978749855024,0.250356212206677,0.270294679939192,0.658727673954436,0.519861408882452,0.13243647275287,0.0850345454803384,0.664105100275595,0.146007156520416,0.653774714823554,0.199838415263532,0.403213045907325,0.130440839920481,0.0711877588752378,0.324812393813731,0.262066539131846,0.207149665982307,0.422430324374221,-0.0520582512994233,0.478536884498892,0.596393508096193,0.0824944780358717,0.0162235080020594,0.432950432801427,0.125968103827869,0.551992753387384,0.315062121597562,-0.0325237909941028,0.424275232293691,0.096036357017406,0.478739128653832,0.498861616730452,0.414254280373735,0.28834482939894,0.253391132366753,0.313792976441127,-0.0875879731072616,0.364309336473649,0.277800741249658,0.411430242891992,0.00624788802415116,-0.039689733862799,-0.0300117671852324,0.160645807984512,0.157852644788703,0.079555119183383,0.483840414258647,0.134768742354771,-0.0830807906455889,0.0663556277816176,0.260297901812276,0.106248898462053,0.316307557993068,0.0701606837909125,0.13151109072402,0.396498881630412,0.0427914024464989,0.0843909996602507,0.309397956925444,0.419966945174127,0.507785946427081,0.0151005006399861,0.317280385257264,0.0547750830738506,0.281737109542502,0.126863756808002,0.161724466468906,0.127663586413738,0.544052485237486,0.103316472303325,0.175358918147934,0.125631085181134,0.275070935089895,0.259768184447927,0.211666983560642,0.115321765246349,0.120901122431035,0.251812158853851,0.185170272158999,0.166821979301244,1,0.434172807032386,0.234297183115886,0.342172009821129,0.0502190240678224,-0.0270899640951113,-0.0091050633622668,0.313341777729474,0.342426235760734,-0.0154927725611703,0.385623794031631,0.323613058610651,0.351951663671766,0.328859140133186,0.0379632910003691,0.336734593601566,-0.0401328665374189,0.26552259566312,0.126721283203637,0.308639384538149,0.0880031998254548,-0.00650824877381874,0.268103956690801,-0.154577035468129,0.0677730689391066,0.100430507311735,0.0681987493795018,0.386773966747978,0.294181005311907,-0.0893535041548426,0.099575455887888,0.348425819966956,0.0331742833061606,0.184222110909637,0.650455031505234,0.194195210699155,0.020766459435113,-0.0203843560721792,0.246108740393315,0.194560658894965,0.338371039824006,0.325211391172037,0.275097756551511,0.521056216797813,-0.023224136207369,-0.120031995637758,0.221426767746644,0.0268732652145832,0.389360480000916,0.662313948158072,0.0921403324577149,0.367048687613957,0.456774737176556,0.29485681080303,-0.0515775161002904,0.226540494253032,0.0991370231337472,-0.144790682994954,0.0680341793453724,0.244323052462912,0.359913312918973,0.314992455449581,0.257857505592361,0.255806561551288,0.270488846718784,0.222553928996038,0.367502609480958,0.4839347655513,0.155150561200101,-0.0463725743246757,0.224862215281797,-0.0678446933069007,0.380968857840576,0.326232265217274,0.127096882906164,0.211582657630267,0.275922660013831,0.302517527044739,0.586230364489038,0.12226783928347,0.470455501205835,0.288307936038676,0.277471476087118,0.0962924994481416,0.204280371336895,0.419683683214235,0.482512275239954,0.333794953246666,0.166454332038902,0.212601105275396,0.307770799925038,-0.293446304949062,0.501938164572057,0.267526272683861,0.365924537531571,0.344026209568057,0.195668077299392,-0.104364046751237,0.359816174928552,0.187719642140241,0.373690989686075,0.418503700550976,0.228271444839301,0.370411033239278,0.137352700860353,0.529717206769027,0.107668239179741,0.436643562254539,0.424458115429649,0.398056205125116,0.152386709804721,0.137241128435278,0.486086876714051,0.575661898342337,-0.173505105957218,0.194814786431874,0.247833130772364,0.43545368480938,0.465527186237691,0.48263506314745,0.299197107401188,0.295352405973994,0.467165207031676,0.331392977806104,0.486954004637501,0.379260848544899,0.0576865538027395,0.258727558125172,0.340388445929315,0.50849052413752,0.426394607040935,0.0817531331353634,0.390399699284657,0.173663011024219,0.339662229475024,0.300873785488215,0.429944257732411,0.431638869037027,0.319222369756866,0.134863108141727,0.538410194665645,0.473401283795102,0.364277185959337,0.257221595249134,0.100606522534822,0.281270629927172,0.282301600306399,0.141651117595501,0.773906067728396,0.458539855790297,0.534872095588641,-0.0298670573314234,0.120798719437795,0.0734610444282132,0.310980130738963,0.0336367593906119,0.262976204563073,0.741181255571261,0.00732601994360792,0.512933483611898,0.0472515283121439,0.489097326618278,0.248612088462662,0.529575888430139,0.228422185949849,0.470847215696535,0.116683216694181,NA,0.149439173987065,0.21320616103005,0.460942194654024,0.0143795367182499,0.570923354213807,0.697132144673335
"ROI106",0.165401286977955,0.0150570175613885,0.134852910734818,0.600360705175694,0.310371533460153,0.109017538202765,0.408495805499031,0.568380588848085,0.348837807233283,0.232934461047457,0.0816863016420758,0.404193377119577,-0.0212942628089948,0.097469413846706,0.471416303872949,0.0213956112643564,0.436141401022595,0.40070727326552,-0.0382847428912483,0.214131835249407,-0.122443185050338,0.174238651331648,0.727315605043307,0.0547659262702573,0.162253594996839,0.319912288475992,0.331298562159542,0.46016118112894,0.721138243463586,0.0740022303483129,0.0998185492764335,0.485416950524098,0.15121248155719,0.403313277410564,0.425253747285541,0.808807039655742,-0.000511454449326486,0.237470900686171,0.735918552597396,0.441995626085237,0.416625966336351,0.549359236675641,0.0168871032152416,0.344755347603864,0.58891909337718,0.0305970782097498,-0.021909033921319,0.538509455938009,0.260722207805901,0.421152039707574,0.191623448733852,0.0560462032879315,0.540327178396613,0.0519234308703963,0.594352054888886,0.321845954840964,0.495986452025548,0.306053123210336,0.218314226010175,0.531343907048405,-0.073288259298893,0.312590733544681,0.32181132041986,0.316285089368355,-0.0653087105324775,-0.106987212922662,0.0380247838135087,0.0577446124451955,0.090003745810793,0.149952240094392,0.349195392192008,0.073605573502787,0.0965886084483574,0.163910243538121,0.198908775605579,0.0136574403754923,0.381778714335542,0.0871392076237564,0.148055683734681,0.704583988098613,-0.00615833796283878,0.136748582098362,0.243861584977891,0.626313728868175,0.355700574737408,0.104409879904315,0.471792997519985,0.144124712269706,0.244338654377737,0.202053860234168,0.134289598308515,0.0516457561799673,0.428700777272623,0.152683560747143,0.457121757792214,0.358589615465813,0.342862536527178,0.332752078602801,0.147674372552633,0.326865735126133,0.101259117302983,0.517039118478829,0.0748573572941212,0.158107079794662,0.434172807032386,1,0.211660707039828,0.75261256239362,0.148429206855689,0.0625018729326425,0.13050967953992,0.402987507633867,0.288483493552298,-0.00762084391099289,0.446414609534539,0.441760969045707,0.618443447740032,0.321105716328366,0.00808373699184297,0.620982252850646,-0.161720908940142,0.345870468047221,0.126961010084743,0.380379168723937,0.176638889113221,0.150908015186442,0.4173028475906,-0.00413398865045767,0.141677500501386,0.22917797029482,0.0485816919294629,0.654658187435739,0.305658679176161,0.0998255663982491,0.0564028026395078,0.606495645475396,0.127732433608703,0.19370434491862,0.312209449261876,0.259076680091113,0.0297233388400541,0.106882475504039,0.377019952137874,0.130624916478211,0.332113218789948,0.397541763842958,0.383415516123023,0.416080893934372,0.17396051440485,-0.0505439696786861,0.269916259048557,-0.0058379543698063,0.604732082675365,0.422421974290879,0.0599457258540204,0.511716422096234,0.679210338519208,0.242484634327898,0.147955893482923,0.367459547196961,0.204950912867281,-0.00610701385051382,0.204852752204824,0.322228280977225,0.551968941520439,0.458797138475596,0.348046226310548,0.156472278418565,0.327456184722958,0.238933830098943,0.205846498706427,0.449895187229479,0.292919475977711,0.0766294903146362,0.171222287020082,-0.0340185420609693,0.420569535487877,0.224244228578949,0.297809878881767,0.272652623318363,0.366502832617945,0.263076676041359,0.432873731816575,0.147271990749099,0.800184892694924,0.0938479434848089,0.262982960809333,0.13120228761656,0.254806663248867,0.514198270298265,0.596837741100445,0.226637057882664,0.302968788593298,0.112920225661246,0.298670068911084,-0.287189771867419,0.56802515392812,0.35085854563724,0.405645614742913,0.289510440945885,0.272414357350994,0.0375831609761445,0.433827431104091,0.120602560980187,0.696347799721792,0.338467829700146,0.26199923322924,0.582340373086534,0.350731716302928,0.444056513267189,0.176719353158121,0.400628266763356,0.437721625502672,0.749820653037637,0.277883378042981,0.291408344430171,0.481079243888571,0.413879929384846,0.0285073890225718,0.19153090145194,0.300357122729377,0.745488764509755,0.696320179631265,0.556206945292024,0.251808610770266,0.211473149988752,0.611239732320893,0.236772083575128,0.51170135625024,0.430604033387817,0.097916675864151,0.63156761955129,0.339803674222641,0.324494978270191,0.618917454263732,0.333070284957867,0.337591265608868,0.182398411846394,0.331700198540157,0.577586964771164,0.392345447226593,0.38108294369973,0.341314669071104,0.163393540196223,0.349331973238381,0.433603554658804,0.684049227075207,0.220827473331594,0.00916987498512471,0.576755237426235,0.201766380417664,0.205707245946122,0.441881300177682,0.374273770032243,0.483365995624604,-0.0435611408533276,-0.0232058814668996,-0.0598586469196795,0.303367989253797,0.0681395459175262,0.217295056480862,0.505050147374184,0.165242823207054,0.338466753001393,0.234927670538767,0.353322697697498,0.232208039077826,0.349700960331395,0.226373214430189,0.585739088726218,0.127378051775678,NA,0.252397455823018,0.13968612010295,0.556467393393561,0.148016554893675,0.287639885867583,0.477020994853295
"ROI107",-0.0191681521139708,0.687981990294521,0.136078725307847,0.109761347165052,0.0622043531332111,0.490119399829651,0.059661713643713,0.121590509924072,0.406056126519214,0.218294141437153,0.248204704909707,0.301655353082229,-0.0339696654157066,0.123811744313324,0.221294577948734,0.525218321855439,0.0279674410569872,0.205214861808869,0.145103372989975,0.0660340185139753,0.52553997565785,0.451291941520903,0.128845217052414,0.629124589682766,0.0237715026708092,0.0531794944230586,0.0406714594873443,0.178662089173246,0.00156230563080289,0.0423138256060441,0.0488763709797343,0.256361780442171,0.653098000314604,0.185347137691791,0.498253709258671,0.32854307201939,0.286871883199149,0.236312050737275,0.156879582084765,0.62953983039101,0.182194017314041,0.128055248492787,-0.0185312057075375,0.493072630717843,0.275784103022795,0.583740979123936,0.507892756203625,0.272736181409155,0.300596284314991,0.220674652879631,0.322690659702623,0.205269431676843,0.205861313000121,0.383913606380485,0.150060510966157,0.314947736978259,0.0692087349992961,0.133608997753019,-0.0554723283449546,0.387622355160106,0.18143058956992,0.566871893450836,0.400851627601844,0.0183883406049296,0.161804583657133,0.264977121240965,0.184814962900165,0.0831070843923979,0.390207700639913,0.031210319856168,0.1413901325345,0.689801495047704,0.311835927010744,0.459471841934724,0.40379018755855,-0.0291508091684168,0.156230614250625,0.448812555452533,0.221319236294453,0.0167840033332344,0.287386699425784,0.028971196962611,0.13234024329102,0.345339444120262,-0.034391009692558,0.338115500567429,0.319199290796383,0.233143384478713,0.10340300642885,0.200321533126455,0.0487267717246022,0.397228536004214,0.179412452880228,0.567944549939378,0.245922762693098,0.274351197912187,0.124782450527283,0.0777572947698611,0.0563361803296916,0.372101500005718,0.270165099236519,0.307568451802563,0.0593163587572527,0.255033610560142,0.234297183115886,0.211660707039828,1,0.265755486902344,0.168145977101422,0.264157268362266,0.288208117422646,0.19065417766337,0.204557958234911,0.242073791553012,0.267231972504089,0.122934325514058,0.157201320385755,0.276782680151289,0.251186785983507,0.206316160885391,0.121319677039144,0.626472839075455,0.234122598550968,0.544723175157055,0.700496396309499,0.31442388737614,0.139713126921454,0.107132884354514,0.36253811583459,0.225214172702697,0.453483927775475,0.226435356756013,0.063924069413849,0.158077384665311,0.551316333088714,0.252259676024756,0.088294844331947,0.374497086001835,0.109453740040121,0.0616516928089423,0.0567366214667914,-0.00439638131565297,0.376997486546724,0.115383178889479,0.421708094524358,0.299825877349056,0.44557656382134,0.0912070683186293,0.100855240141392,0.0938726296376299,0.229939224984013,0.397287006890707,0.17301246814243,0.220780302299321,0.179875022443273,0.171246534473676,0.0584683193433882,0.0440204373234107,0.0965929977414928,0.48698503508225,0.141597879675037,0.28195133556693,0.213515748734501,0.177042239620792,0.196284649501805,0.132976918234222,0.164144708696805,0.161504912303508,0.0900896417987115,0.242302860615822,0.385923086095165,0.204566675645354,0.136089532700575,-0.0500247178861474,0.14839043660063,0.105361884791491,0.415778514893032,0.110702099990815,0.429128372117218,0.276126259361929,0.178924931367343,0.294419880191274,0.155416271791567,0.257391497388141,0.13517513733981,0.442304616842123,0.438477294298257,0.270621542381153,0.248370607408608,0.366305215176941,0.286434034702299,0.462989022430552,0.488937117677964,0.566539549391932,0.0177636227144773,0.0496916110939027,0.319371855671695,0.198580944833257,0.12838860869764,0.42562874573399,0.500588166679876,0.0513077595544246,0.125167148325102,0.54818470304352,0.199268655881679,0.112681607639537,0.0162433543964961,0.261434890667261,0.312227622393503,0.389421244351363,0.229451613336583,0.486636848035379,0.201905898616684,0.290055489949051,0.204862063787826,0.173357371612418,0.290181019462188,0.2252260810784,0.191115698756731,0.22848485774001,0.397642675361984,0.188782090279256,0.266111870725562,0.26066799994836,0.298862193208342,0.515804788727256,0.282236907893377,0.236000619731332,0.320204435344798,0.213348401055523,0.0100596218308228,0.283297222928664,0.26250158594189,0.212424616360393,0.229554063082456,0.450072699434592,0.160543317240747,0.343531081719155,0.209862611610431,-0.117348849932292,0.273467669238684,0.00789151893689704,0.278029900736174,0.0709818879367519,0.0461356327256195,0.145492691887467,0.270619080877876,0.361649432002511,0.559989890330734,0.355171115442801,0.329158473674402,0.233686469111996,0.179169822955747,0.0337230951166238,0.111795588005121,0.315879252742429,0.205772514299296,0.491905791718829,0.302782778234707,0.177391166323663,0.0844671708098292,0.19141924429619,-0.00449612084668602,0.169576954276081,0.0555413781277509,0.107226250416984,0.358037618622542,0.159363079639356,0.0694965736192999,0.280245850454366,0.240608119216929,NA,0.0945160799432649,0.195287247052749,0.313402200885121,0.138612312797366,0.020222633147684,0.101326051790654
"ROI108",0.138491727571372,0.155106389764317,0.113332606363269,0.450122029058328,0.281362570904546,0.0768913882547613,0.258500564867616,0.481625084951212,0.344798828096014,0.289213209908225,0.0824856613070641,0.609842050608948,-0.00233972645115456,0.311350567810988,0.424532411072669,0.129766669896153,0.344120339726239,0.348702111462377,-0.0106622881640324,0.189075221612568,0.0208594547907769,0.093941332819863,0.627004811625846,0.173492256466758,0.0561533244415697,0.278413426524654,0.310838231186853,0.33836841352921,0.494971754733042,0.0155986882440371,0.105438737033319,0.419316900124227,0.229035368603482,0.344608397885413,0.525360494968417,0.638257200112931,0.0903030682469759,0.249422808384989,0.642861497450892,0.486793199575825,0.35707619342005,0.387275219176216,0.0406798233809186,0.356739595864922,0.492695690619072,0.115330525772723,0.0686407403696091,0.506481708730132,0.317579876241736,0.383774723275383,0.237601389131313,0.0385026317830665,0.60648980171352,0.205966733617637,0.468888797368576,0.355664845862322,0.386879374876282,0.235178478739564,0.214512796071817,0.478384128612344,0.0807071140569222,0.323688849063724,0.288635268517262,0.282546132285392,-0.0262226787412584,0.0616604459062882,0.025071651646509,0.0891521622019642,0.141706622230284,0.225540996738241,0.322754780313768,0.111559088914586,0.262420826095098,0.201926358889084,0.235696305969645,0.0214515525463049,0.167985176171719,0.100895908178347,0.225878417112535,0.446568138821668,0.122930143071169,0.102808897810295,0.194700249383157,0.536521923241782,0.273654705449577,0.248386945126067,0.50477533711745,0.0725185565994488,0.150739379720754,0.1593803323771,0.0730316306667742,0.13858329971765,0.369216238403827,0.190038512098596,0.42730952603081,0.52698625710645,0.370138264979597,0.270399872121281,0.148916654150668,0.293118937085423,0.134861053944607,0.635907695607375,0.111582864313798,0.280197214544782,0.342172009821129,0.75261256239362,0.265755486902344,1,0.144645530931435,0.239084917497163,0.116512405387912,0.335100108987834,0.246669999158096,0.0803140776488831,0.445192367263753,0.314747229569965,0.586855551467603,0.31307035664853,0.0614009309743386,0.635342014011869,-0.0374656249123115,0.334832405500414,0.152434397809914,0.40968341573188,0.239352291126446,0.230579542777326,0.405024289027572,0.0513455194430395,0.0647830864559436,0.322113281304408,0.0654681972187387,0.538180621874447,0.247751537226896,0.0922552493845925,0.183056507317607,0.497780846427202,0.0922792645981799,0.249302826370459,0.24842031664056,0.175024109334372,-0.00223581514902507,0.0323041124689231,0.323712351750134,0.184220090043358,0.261758465051397,0.354401168961841,0.408646792586871,0.346545367535616,0.171201512522487,0.0802156664757843,0.271226747226713,0.104685577576812,0.459982485189415,0.36103724363578,0.0247968858314277,0.468936003454024,0.527517742257426,0.210111013080595,0.0288325534408753,0.348695967725851,0.252212037717952,0.0203813842131443,0.24736982614083,0.337130189944516,0.499117848566826,0.423384197715737,0.290258202540908,0.358448799094907,0.257058115427147,0.228339141307454,0.252288693961901,0.398948470646895,0.286872216210544,-0.0110155299066032,0.187175129444192,-0.0196837785072296,0.43462995093947,0.1758726544935,0.280294651289344,0.306030347646414,0.284183577596813,0.316851486969954,0.404911689051726,0.335645178028112,0.554178158792489,0.118889639661301,0.303774297649502,0.0643078708530907,0.204638243767501,0.461112498620824,0.475320875646186,0.206667514053593,0.30886274838674,0.190680927827569,0.267511519543797,-0.163895783900703,0.456483510735697,0.267540136569833,0.322541024661775,0.309591864699561,0.269751138991031,0.0610249131343949,0.394243052382697,0.171655432720717,0.611038297898788,0.277657351570878,0.276225737039672,0.505680134764286,0.273436102561693,0.37586861918974,0.252312147896725,0.355415729421418,0.394826011141294,0.564392634795408,0.1308942574109,0.302546060576086,0.344036336280745,0.385021166580491,0.0109921486669932,0.218675397615123,0.259669311570396,0.527737647701098,0.565008107797693,0.442419115953686,0.276290833577141,0.267725041141624,0.612993714907562,0.251988541991894,0.385400240656112,0.397892701739985,0.120501952775944,0.509032354963887,0.261933798101001,0.237708755899916,0.464746240650369,0.423959922488526,0.256738225390604,0.202969532171902,0.339261588312665,0.368315970168151,0.307403544748014,0.345685730375781,0.323952070622394,0.101695708865256,0.286702638356219,0.375861466131825,0.561255101196086,0.220468129488414,0.115783981710146,0.454919895086622,0.275371701399754,0.159414419801724,0.338796151028232,0.346695805556043,0.429857353818067,0.144737385998724,0.02967779366619,0.0820516094412113,0.268987437884498,0.0566561599369075,0.234777250082041,0.406812454385211,0.0770318932947919,0.332962505846882,0.242713211080363,0.153818375133661,0.252969322329016,0.387735126461062,0.15415519762251,0.482792198803988,0.122385366922177,NA,0.177779888393916,0.124984544486989,0.457170454233948,0.142924695743239,0.28728102848798,0.361706081762811
"ROI109",0.0563386867988761,0.163156347832098,0.215270460172784,0.0830499940711039,0.0126339419283874,0.226021158405603,-0.0111208746690016,0.156617183595687,0.245548960980814,0.330779674414845,0.200814659541766,0.114314733729244,-0.0114523234110304,0.092083808316082,0.177593898915933,0.225114597845671,0.222097168442711,0.103545852818463,0.189625080572892,0.206088941337589,0.0992230238562187,0.097901848873952,0.121378305128488,0.144673906381736,0.0783637557217463,0.219478576518146,0.183909941393553,0.0782839426298578,0.0446533785986389,0.127332093452198,0.0307593618956286,0.121107655946245,0.253030573907586,0.0109786232180255,0.310345445685393,0.231222481383619,0.153762521466515,0.00736958903754708,0.288579141234395,0.265018279410539,0.146308560477173,0.189618463726566,0.0392646085790079,0.162059419847988,0.0990334026982499,0.226981900339685,0.173538686554352,0.10535403167907,0.126974015965064,0.0812956171235434,0.289528775927943,0.179537567890494,0.105712358359263,0.167528599788124,0.232697182621363,0.0888298809365867,0.122116957709229,0.185263715747877,0.143138296885865,0.221490396879085,0.153118850558523,0.217578613466499,0.188449342849324,0.0922612608553982,-0.108453238457908,0.147862036124624,0.310283046498402,0.0801301612168623,0.0903106518022525,0.117356035377707,0.188812205536304,0.171501349024401,0.178192368624679,0.176616139409311,0.338447484163416,-0.0349425229473898,0.103968253443909,0.0584908210186191,0.0561601207028456,0.100833195194175,0.122162698498467,0.112223035631899,0.0862476567489072,0.0229406927274151,0.095776527649762,0.162824119348262,0.286769535852412,0.167399907662445,0.0920711139819221,0.21396174069001,0.0593579470907332,0.187568252099985,0.051669158639549,0.263659936438918,0.352889141130194,0.175805291236807,0.193429122936222,0.0715726122705844,0.0970524245261361,0.256290850194009,0.308070248866138,0.203370137414705,0.0355415898014843,0.207824751339873,0.0502190240678224,0.148429206855689,0.168145977101422,0.144645530931435,1,0.140604598368521,0.186913992616333,0.178646586712807,0.188235444308252,0.129776024471247,0.120246971457024,0.162782711589926,0.0681507294869618,0.233491488535031,-0.00709541452260143,0.185517972932979,0.0471697044056885,0.259526311976728,0.061605685211693,0.171530962081391,0.225543879790691,0.0656390799825831,0.094425321630845,0.0960092775703805,0.113003767521314,0.0885923620160695,0.0202359136141854,0.0870555643557671,0.17933803988866,0.232682039772842,0.215367545364091,0.0982615473406402,0.190490968331085,0.234742185734033,-0.00815685247554761,0.267578254131292,0.0109499817946074,-0.0883368173019831,0.225578388168876,0.168701613077136,0.0108999481537897,0.295225462361787,0.183986072815728,0.1340639552225,0.219565956822031,0.121310740505588,0.115520792209032,0.161516462306033,0.00348041366066132,0.0919137950778169,0.176252455359886,0.0331289488874095,0.193756063448459,0.023723707804758,0.164417382213177,0.306823738133072,0.189993662582092,0.227549713242304,0.223493322264673,0.325985391775029,-0.0855963558531381,0.249282038309523,0.0822802007156702,0.02027391656614,0.114722395375267,0.311527952496167,0.0757964770743818,0.205425346790708,0.157254452641769,-0.0277169749802228,0.141386063841115,-0.095160182404672,0.196358543139997,0.0799230064999009,0.299733436872316,0.271907288921847,0.0146712190237387,0.14309726260999,0.0939695193276772,0.090740940617823,0.120595089658616,0.0802283710592728,0.135427630863879,0.0532970209258801,0.0628302814992726,0.0906489980533435,0.111248435965202,0.0263326286612291,0.261980284811614,0.160683303854606,0.127972590687348,-0.0564821053676861,0.156830908836346,0.0500398147769643,0.108104991250322,0.159783182298239,0.257451336501356,0.125171745433744,0.216082482736495,0.217539698256773,0.0795489367438543,0.120309651836297,0.0472480714761089,0.0231683958480133,0.286682347725148,0.083196828250128,0.23711873459084,0.0311530130812152,0.199144934459085,0.215710562331368,0.0377381960090577,0.226690381916302,0.157718428809849,0.0820646546143626,0.111110774617506,0.0352334230681418,0.243567493342214,0.190309755646053,0.118806329644628,0.228708782935882,0.180286941284763,0.195333960882295,0.0495092056068275,0.0391821726805829,0.136102445096816,0.233070171232514,0.145797927041326,0.27047875720791,0.152464158124938,0.0258889358083883,0.0816672565523412,0.0522360751168712,0.1058579706233,0.145417916255566,0.0400336085654566,0.199045729798592,0.232543659801041,0.122324877355831,0.276992058360992,0.000457152533280802,0.140039556549005,0.0569147779096662,0.117467608523674,0.0606854916359689,0.145372124319743,0.185332242268403,0.22065370892864,0.13689130154929,0.0900805520399961,0.064288633709182,0.0849698431882229,0.217988206096069,0.113402640017311,0.159367825593678,0.214494988477528,0.098688365497216,0.151875599431237,0.0190118266588619,0.0216313790481553,0.0477219971488933,0.0693899300913985,0.0426318211126817,0.157981382645669,0.115994970199309,0.14586581055007,0.0102825935951071,0.000511124760930745,NA,0.167208671178794,0.195371151473057,0.269794243695497,0.289989186967697,-0.0127439553000133,0.0836820057870193
"ROI110",0.06301828811987,0.385560379200443,0.200742112244154,0.123059648072554,0.0113952535521398,0.348121046043577,-0.0362517251485729,-0.0554810426830189,0.0265963378238353,0.250475024396803,0.0386413202136986,0.348568844870746,-0.172539092929446,-0.0355725933338366,0.017448597458501,0.114476211073412,0.0152406866838422,0.0163775751690475,0.0308945851955586,0.20662989172354,0.199976351298743,0.177350730252574,0.118236825454309,0.332383585763224,0.00753892619966984,0.101654379319809,-0.10145362001391,0.104248056427701,-0.0579550317399316,-0.0273418910202129,-0.319188805004941,0.0880577907975573,0.384452777870475,0.0997453464714596,0.459963853813967,0.170025505081337,0.202100693373602,0.620032357106306,0.109141986858392,0.29067699482285,-0.104742343459859,-0.104991812652485,-0.0582605688953533,0.211693443812424,0.0667643588446557,0.400406844593957,0.191910137810542,0.054407671711686,0.068199757058144,0.199320829862471,0.298547973933642,0.16115288705294,-0.0199464621133682,0.119385064908512,-0.0753867421709316,0.124196946591569,-0.071523323711048,-0.101814099536209,-0.0494233605407579,0.072148303185515,0.210569554593776,0.224955315149444,0.0928572601802576,-0.203821670057431,0.0646920318844378,0.383127932905102,-0.00747344440986332,-0.0552343367306339,0.165224011210474,0.0553591816688398,-0.0582704748826076,0.33344505936303,0.679274154076947,0.216631091028531,0.207993587650319,0.0320269599960538,0.0169535766004724,0.371872904995388,0.230051988040805,-0.0957037562670718,0.156403771221119,-0.157373307121319,0.0199481036461862,-0.0298830486105169,-0.101086511204841,0.871178859260528,0.244735171290719,-0.0696916258835038,0.116418856827677,-0.0476046124037567,0.00781320984364095,0.0356296985436619,0.0638622589990138,0.25900237860707,0.205543222484082,0.592297873150008,-0.0478603566927127,-0.038668195407453,-0.0256475284478794,0.110040651002649,-0.0433762762628398,0.497530507136494,0.268688172878852,0.368713030331613,-0.0270899640951113,0.0625018729326425,0.264157268362266,0.239084917497163,0.140604598368521,1,0.200429009861041,0.0707161065408481,-0.239728019751622,0.110747088749693,-0.012683940024665,0.109046317686652,-0.0419927468907672,-0.0138767476057314,0.186573112011057,0.285557154670201,0.255453770073657,0.376910554872588,0.148415722228963,0.214350423274746,0.166974881067969,0.644366504481771,-0.0147253508419417,0.0392595848964869,0.123182906470573,0.708686578477253,0.334692857778197,-0.0159659283292037,-0.0571772710889436,0.36612388064356,0.103952585917132,0.025908669485632,0.0874070170606636,-0.0424557779238975,0.0380013838235193,0.0109866030723612,0.0561210465480843,0.0669821181483641,0.278923242089068,-0.0569611173973255,0.329344544539041,0.0783868986055368,0.659082406195843,0.0381192462082595,0.0268279124504231,0.610162966528442,0.0625431643378248,0.286273135633855,0.123309707219889,0.0951802851576216,0.180329097398723,-0.105454038829457,0.028152317877201,-0.154748526695323,0.0977666737032747,0.257135276811384,-0.0230894285765971,0.327342687096638,0.33128803323284,0.100311317691815,-0.0353478627555458,0.0560720120173923,-0.0237195743013889,0.0764931621924321,0.0678043194620225,0.334911689611154,0.178477732741529,0.113732335182976,-0.0418503581437066,0.0470550425243464,0.0612373095493923,0.192580072691966,0.329977695684159,-0.00116051515991089,0.487696844055757,0.117098945879772,0.200801705697396,0.196730543577167,-0.00259793138280107,0.23668389430436,0.0958447545088265,0.304602461311596,0.299614375437746,0.311021708105834,0.471794087621224,0.00403852827731019,0.019444234980144,0.340589960293021,0.396609145032106,0.475764843222513,-0.162030116823487,0.0805651117879072,0.219449109530102,0.282886447199737,0.0278525995349488,0.398364098940625,0.491803712736586,0.179959615669958,-0.0494844814141147,0.275890351464948,0.0128756679784753,-0.038985473605448,-0.0252866118054164,0.011304877596266,0.254708671970248,0.225618650980746,0.239882617038109,0.407423970707966,0.0439243993706761,0.192018976505742,0.39217388976254,0.0301722114877542,0.00629909294482308,0.0467841898778009,0.373174966688581,0.157892359508344,0.359840157903178,0.107256128491881,-0.0650669315434063,0.0125374814148492,0.332459636511311,0.549101340582924,0.0292864124584561,0.355896185452124,0.30022436204349,-0.00361652260042455,0.1670149685346,0.134271247218394,0.236952049361972,0.043817695161864,0.106804159787656,0.591763429232531,0.049990237182107,0.427935751058824,0.0198388237040686,-0.263116629957431,0.0970537414516501,-0.0911701467324273,0.0520633774665267,0.155285958845466,-0.0760843204161071,-0.042838064219662,0.27752044242811,0.466770284113525,0.206999347265319,0.280749246303842,0.326252065107074,0.0676743757371259,0.139151256377185,0.08066258329725,0.00928722543299983,0.574670079482291,0.305379832451597,0.435078697149724,0.312893325156422,0.153412282923761,-0.0950394654977629,0.00263422550140759,0.118288385245043,-0.00706724319432173,0.254140629577523,-0.0913164439637851,0.513751381800771,-0.00359950399687155,-0.166058323701236,-0.0149903526853298,0.29888550232623,NA,0.169746737992497,0.235376513527371,0.184178783044797,0.0922776266920415,-0.201187223626917,0.0134953113120004
"ROI111",0.22010345260129,0.301621063851247,0.23226702874387,0.0685730208922619,-0.0787761578242885,0.145003861506007,-0.0100434381051383,0.0127863242184242,0.1581186848647,0.317063409945912,0.190294906046895,0.11736945959708,0.0305277306503411,0.0320800628758208,0.0764574755399285,0.289842422613951,0.231039011087182,-0.018201703996241,0.0744435668312489,0.362348677576163,-0.0606046630788051,0.149978232246984,-0.0666877896364117,0.0436066046131216,0.107882745920135,0.00813009816590747,0.172093251240752,0.0866309760782005,0.0413091004793555,-0.0423597201936374,-0.0443776615791744,0.0985767986533831,0.176098054814632,0.0309646720563517,0.274518550932528,0.292757553754073,-0.0576722541705933,0.0639398894956248,0.164614226330817,0.137563011406946,0.165601943034892,-0.00270399836136639,0.30871001366477,0.0299927175660148,0.128556758244112,0.297638168397745,0.212190515102993,-0.022641876266004,0.146171964048027,0.157647681677067,0.161948552067889,0.164207926649641,-0.0181475240890567,0.0845712101128982,0.169306960188991,0.0579206073520225,-0.0852511577560968,-0.0345080432797022,0.283757957902614,0.161142799173475,0.0611794594824171,0.160993231001356,0.329901937149484,0.136780128641314,-0.233691820596511,0.092978574817543,0.315648298372461,0.00742361891546502,0.0791721094831827,0.0909851780990739,0.0934744645120225,0.214540397319317,0.235061813419639,0.18245615299707,0.335076836911811,-0.019052561372146,-0.0269428820531924,0.0687604708608143,-0.00903532716661366,0.0429578946376514,-0.117461544694733,0.426845435823381,0.194031589210359,0.0395091851814774,0.0607280300775392,0.260443382998055,0.153957175542803,0.304922861676901,-0.00815591421939732,0.115841858218965,0.213191643360199,0.207854883291018,0.117306225818079,0.464172681479005,0.480732380246483,0.167186794118109,0.00802903253066698,0.0427721141842105,0.125189109876716,0.417649958954553,0.200901095335456,0.241865006222439,0.372285247125151,0.088311112542314,-0.0091050633622668,0.13050967953992,0.288208117422646,0.116512405387912,0.186913992616333,0.200429009861041,1,0.212358237774418,-0.0180561716755799,0.0691332166632428,0.122503392729083,0.272091544387093,0.163837224553009,0.0520664476264269,-0.0799179646340454,0.150283901329012,0.000649593777239311,0.298095045385566,0.0277562813043968,0.228166081225232,0.240464032258991,0.204329574367987,0.112421528445101,0.199398561192054,0.217464589101023,0.116994882173715,0.107420484078118,0.0847714724548295,0.0594909657256162,0.341080818609112,0.065386119251652,0.220602176039839,0.424676162287378,0.237735896056378,0.110935751093526,0.348215385424317,-0.028232046865459,-0.00624678733702648,0.26461614584229,0.000552433333202667,0.282622520183211,0.255341622808228,0.265313403873405,0.0583998074066462,0.273448316506083,-0.00205961071201877,0.0618461311043946,0.318872791634752,0.155382230245165,0.0427112928727486,0.137278112450032,0.0724928524895514,0.109206911108142,0.0178345698452492,0.288866246262703,0.307828059618086,0.2389227088639,0.139365599029826,0.200931680907386,0.220026454890683,0.0424701504651869,0.137863862112591,0.0337001579513715,-0.0105573846991897,0.223549710330046,0.279101944387193,-0.124369825263589,0.246196186669391,0.123311600893594,0.009311687049751,0.0507057936324368,-0.00916384611325956,0.144500545080717,-0.0488988169002398,0.378691448473418,0.266911759495982,0.0731199360996726,0.167048888564906,0.0113743677662492,0.163281467765844,0.115938805828638,-0.0537658662149752,0.322788042374164,0.148665109544386,0.216137802183264,0.0744476047749502,0.102858884930204,0.0618786360065536,0.254667791702042,0.195378027044435,-0.0470333639832265,-0.040976115660727,0.128211766252646,0.0841158239423411,-0.0138991467152691,0.106438350150307,0.348176080735188,0.0571226195975308,0.157908387130426,0.18463379527475,0.124502585288298,0.0876236754765994,0.0406925262252388,0.13448014325683,0.355146323887957,0.0240930162867701,0.116416300025869,0.0887070435987362,0.0760915089763096,0.216190108894462,0.281812247595713,0.366624133551453,-0.0254952230876188,0.0524394651132174,0.177975553634459,0.0220728810230477,0.514045940078038,0.0738577172606505,0.181134461874754,0.0747299294768445,0.0407368725427939,0.176212268743307,0.0173178356786146,0.0513825325667938,0.207991408819,0.130435098638566,0.108068230503521,0.288163477950124,0.119127870430228,-0.100657326721968,-0.0300395357376329,0.185669781580774,0.294982938669854,0.0831758043328004,0.104028361871905,0.0534481674127714,0.207940469592783,0.00198457380157919,0.0471932852460474,0.0757285701815966,-0.0798893043255507,0.109688471534689,0.180102357909509,0.127008237982492,0.195109294560616,0.197592553313013,0.093019345042954,-0.0517551336483083,0.0178075141442027,-0.0324937095238316,-0.00529843734856309,0.260551379412015,0.199161921123964,0.0647359570818939,0.301974309664532,0.0524798149877402,-0.116242718178537,-0.00196409319135832,-0.0155918050082081,-0.0227800308823286,0.0486576244595385,-0.0951070309656526,0.0986567742675276,-0.029037341768069,0.266402451968857,-0.0586671159361235,-0.0273956328181608,NA,-0.0618715727588951,0.328986427477738,0.116222033178474,0.374991072267983,-0.0368325334124794,0.0153540295240152
"ROI112",0.172290278546074,0.136126681113998,0.103750372871187,0.428381306227449,0.27805042608743,-0.00161612198662483,0.241205571715137,0.410687037065983,0.270294679672063,0.293755373025379,0.220617653914149,0.167248287873014,0.0038625063335986,0.105184339655941,0.401753670548018,0.109803118132971,0.482981633544533,0.342453011493383,0.0729152321856008,0.272209625238735,-0.0143118434203155,0.108337801728187,0.403527263422013,0.0818009598043173,-0.0189544264623928,0.34196916019357,0.401240035763738,0.387563503176396,0.382971829042103,0.157003443753342,-0.0631655775071325,0.346217059403907,0.171359052641251,0.213180961818182,0.432933661181796,0.426331017822048,-0.0871560463888748,0.05794637335389,0.413962933748602,0.334989121798176,0.243376305583161,0.331942399117104,0.149620127731417,0.234891847349286,0.380634626660448,0.1028675000846,0.0739690680099784,0.32375531149089,0.306552379328165,0.351234516870189,0.264506873495865,0.172070672005905,0.326285200338335,0.107228830568593,0.418179715553251,0.182135492132834,0.316804305539978,0.440062297146015,0.38427055041317,0.385504376099041,-0.0221119080036432,0.319979567345801,0.398998508851409,0.310956140909728,-0.0257226087954051,-0.204845855823457,0.0648905887862586,0.0871968079061299,0.126820070779419,0.295897606568989,0.431131791029696,0.0750356043460364,0.0655103547180045,0.211737284224752,0.338712316368685,-0.0869702477600049,0.285115146652304,-0.0700493848075641,0.192032407593071,0.391493050125353,0.0468679863526459,0.158881351148473,0.209680400238235,0.259169162097932,0.294755792261468,0.0966304154658937,0.320369518424348,0.0707535194687049,0.183909453969697,0.210195686361811,0.112438408618678,0.0922427057724451,0.269104347649339,0.21993863657546,0.480845888528562,0.226214764197743,0.199033208430108,0.251708547624896,0.276793780041389,0.416380259260205,0.0969154501663731,0.356952325309373,0.103805590204553,0.250693816493754,0.313341777729474,0.402987507633867,0.19065417766337,0.335100108987834,0.178646586712807,0.0707161065408481,0.212358237774418,1,0.273587237936255,0.169554870766086,0.354780806645143,0.359756740799335,0.295389268581379,0.297892239783495,0.0518013505208725,0.414198459997587,0.0550645626127911,0.461022496907015,0.0989119873040662,0.283397864605373,0.252780582973565,0.203106040754803,0.296073501502225,0.0163530449377563,-0.00771034549837109,0.162752554303329,-0.075138982557902,0.392912291982208,0.32877776691943,0.190619628741011,0.142139444788539,0.432186121205495,0.137079458966818,0.346765803480067,0.378885476667121,0.228450297436661,0.100153289292055,0.0410227588534849,0.262783293682769,0.326927093856938,0.27212025653774,0.223510344113282,0.310845326968708,0.274053277570724,0.237606990961196,-0.0486255594555902,0.230045232102963,0.126880676248013,0.348934886999609,0.308117993641226,0.213324478693029,0.33001185137293,0.373381373169329,0.170764348270393,-0.00049690586614677,0.31498285387095,0.244907046617141,0.0907459023335048,0.236865678560079,0.230716528922436,0.248179514779757,0.31423680104461,0.310810791898515,0.162475090136776,0.34575792075672,0.242021328041429,0.0960917461213172,0.453529740749896,0.344334025298261,0.0524683358792657,0.124897849795473,-0.00749310235167084,0.282110253283264,0.285660520966453,0.125400549312104,0.311009112899842,0.274661276385217,0.287604543802927,0.407788005230024,0.155561354992593,0.429850954216201,0.0331528144045884,0.351280115466481,0.0822234602438316,0.234855299781805,0.25481946340527,0.403234240788714,0.140904482082496,0.150513938287156,0.0979877280219804,0.298352877440177,-0.128779808425315,0.428242050384701,0.343981518109173,0.455162019881206,0.151570135845838,0.257012982002531,0.167656397659666,0.27111340253562,0.155759173942296,0.391801328053084,0.347482145194537,0.347303129489546,0.324226844122746,0.348911350351352,0.269516478195286,0.118353929826852,0.29755730612226,0.598539120758166,0.390300401633965,0.227914850353826,0.393628145197308,0.320043781643603,0.399878242889177,0.0660010160151647,0.207084950467643,0.312978077335671,0.413095971377996,0.320833759792176,0.321499361600984,0.178662184662656,0.118767650027961,0.31049679636381,0.139762798705677,0.45260684798723,0.359870476822337,0.181943969483579,0.349848519236619,0.243226510015065,0.285105956440413,0.432424335701603,0.15872824125477,0.41643142548187,0.142919235598228,0.328242483317601,0.274392846806081,0.348168202754401,0.264239974996663,0.39614506540763,0.276051475916536,0.362942897962448,0.418474848959593,0.385115919397865,0.167404133815692,0.0691833068711121,0.36348108597891,0.130245892063339,0.201967970930933,0.280542998943897,0.209793796710706,0.228013972385152,0.0102007157394867,0.128269945355514,0.0249321413853849,0.205028174118664,0.0433717583930352,0.164546849601544,0.406935478781541,-0.0633976739838299,0.368026320371698,0.138031436771605,0.249813494087173,0.101052454143097,0.399319775174122,0.225987664956683,0.25687086822955,0.0918859705467756,NA,0.190935777597698,0.166399652922716,0.337947944624343,0.175482853740486,0.271473734654829,0.395967040122273
"ROI113",0.0862273791312272,0.12760871568209,0.172224811434245,0.276139979478079,0.200065026526888,0.0275872685669914,0.322376217103824,0.411030154180515,0.391268968580766,0.180301092789719,0.11335962161753,0.17960740952864,0.281275169425354,0.222516815569822,0.348771505743308,0.150574155632789,0.160939905855416,0.302023045601772,0.161610187344384,0.0387565835830442,0.1792988937887,-0.104977159522464,0.227186846886855,0.202960836987398,0.0963859781475237,0.083299732966062,0.163581963338324,0.290513904034358,0.288622170585248,0.282660876990839,0.196163610925879,0.378972976429848,-0.00123804658224638,0.20127110031671,0.0423607546227742,0.233074174197622,0.188381723572869,-0.0823796263404946,0.306138904926207,0.329106545357267,0.256661374924691,0.326668916866004,-0.0365808206311456,0.210610179971477,0.285159043435775,0.0151515424949251,0.0597316584760814,0.339341365225643,0.213623293340764,0.165143703254678,0.189658603075886,-0.0463220388194577,0.283274146030102,0.0172349387540133,0.287253706297713,0.235694602416422,0.397771470467849,0.356510533783962,0.0620387101488735,0.422426462957347,0.110557874457053,0.180398682682009,0.200443926884376,0.343602375284023,-0.121585122220489,-0.0585479915159271,0.0263444668968474,0.29238554814361,0.0948532097922206,0.0582291064087653,0.181735467829104,0.166823953121286,-0.141127982943182,0.0155790898032383,0.168576994630365,0.0711508917335206,0.0860852355798354,-0.0475872434588829,0.167562169845767,0.345756355774878,0.0867347206070824,0.0390724646880472,0.0496078479605432,0.227988945605339,0.296279285116569,-0.252964392701566,0.0458624026388127,0.131608741545751,0.0773171366824797,0.0135651089565401,0.115648414580715,0.0664960216664378,0.228508661413197,0.0853131215658055,0.198587698535417,-0.0382269829711983,0.397917512175837,0.117626967488882,0.0432938967838243,0.120432349916717,0.300921365179995,-0.00600378226766638,0.00515607817339738,0.239058773792502,0.342426235760734,0.288483493552298,0.204557958234911,0.246669999158096,0.188235444308252,-0.239728019751622,-0.0180561716755799,0.273587237936255,1,0.0596394887465258,0.245999733146813,0.198137512493547,0.263198011443036,0.329513610303323,-0.0706738846580688,0.207957555036411,-0.0745601011863469,0.124120501889234,-0.0366700837490615,0.214782882661062,0.185994173502201,-0.161543753601574,0.143573859308658,-0.00178547788673446,-0.049958783342101,-0.0323017360261306,-0.0770031095092223,0.303020470057378,0.182075845581742,-0.165679010563373,0.232283828602535,0.210895750396197,0.0131776471896252,0.224118977945924,0.166942727638985,0.12727877484926,0.0354222390090743,-0.0166826004084913,0.113671163484752,0.270777483215658,0.127107264993831,0.268747293738813,-0.0388436986056083,0.375345720509787,0.0798223160735919,-0.113869289213707,0.196059330523127,-0.112428499782146,0.222446110789575,0.22443821233527,0.0428643624234327,0.221467793771116,0.378309523339623,0.321892817682525,-0.0296113537712829,0.209153225234505,0.0574085701101694,-0.0788107343409822,-0.0477442765634485,0.310086012095321,0.19376700190343,0.348641343765784,0.281717486608413,0.181397997593409,0.125500421625009,0.101841049652264,0.257920438393667,0.191037652232769,0.0743918211027526,-0.0182317022601683,0.22254583997461,-0.224629295634379,0.156704429455963,0.286550887067654,0.0236114182283317,0.154920703476293,0.0665381708571562,0.134743328311721,0.350342209053423,0.126982375312677,0.238036307931728,0.156382996147098,-0.0219710975085738,-0.0545889290287466,-0.0300056500075391,0.281243022318504,0.391310131393516,0.141804220290837,0.0413158877557459,0.0429721318722074,0.251736646252471,-0.0559889608542366,0.350301206284575,0.0224006749428139,0.226116512015663,0.160241471301611,-0.0255653724279674,0.0472612406195961,0.327124979396414,0.0648806638383248,0.2953124422505,0.213180089584251,0.0984123578126748,0.184390805375589,0.0469922800891202,0.243496920423943,0.150268354882888,0.103818975319424,0.360700574363695,0.282278046338806,-0.0506855048850297,0.0637544468407996,0.480116609591755,0.239623758179669,-0.125733446003569,0.193956277595572,0.00455060013473415,0.309764489713516,0.291531301854168,0.262451036991766,0.0930032257375399,0.105463467609943,0.279713598545639,0.0644476114187378,0.117634505593288,0.243423136109442,0.0839808669853129,0.264257365217273,0.154658319500592,0.280972814345459,0.195004719318248,0.018559093093804,0.0585838207784921,-0.0852600808048033,0.230823707175544,0.399059887788164,0.197012564900158,0.382956028353817,0.401348456391064,-0.0649862987702118,0.275695205638048,0.2420024629763,0.139558364867628,-0.0233074490255897,0.0875650447067517,0.191305142220163,0.139304051619082,0.152464640476762,0.304801158264956,0.225006647142689,0.275660425517752,-0.0120681703938706,0.0171671201492832,0.00761168504572687,0.0882502555919351,-0.0127000642511591,0.358267824626927,0.3502314007537,0.0748819072458319,0.214227900034723,-0.0596905455226374,0.312718810895172,0.0164821929119552,0.329617058458236,0.0853655203261586,0.268915867653513,-0.111272156466438,NA,0.123235783100836,0.13561748378546,0.288594878968098,-0.00157439881249507,0.312671552816282,0.255862293957847
"ROI114",-0.0973427501666118,0.220735806740811,0.0231066851701023,-0.0356651577852172,-0.0754410618969244,0.22456907774602,0.0332132397347953,0.0304349543925925,0.0200764599398115,0.093682526262441,0.128143221126383,0.0544443662335262,-0.0918961193673905,0.103737320827981,0.0918539837348132,0.254420442845138,-0.107192787823999,0.0247297721886917,0.0799849437251927,-0.00571666007266977,0.244470529589313,0.193313728504914,0.0486578285960896,0.194698458672923,0.267750310345665,0.114583538877677,-0.0470460235573593,-0.0287533934789762,-0.0864198932654553,0.156678627352919,0.099384224750201,-0.0509726822160105,0.249803705144116,-0.0168820391496482,0.204851580905421,0.0658189270579468,0.141630190338223,0.125345329248292,0.0357595537522437,0.210264957208161,0.0503460860683793,0.0229969226962044,0.174014344092655,0.138153005104292,0.0113283665603139,0.190449777700247,0.30723156920912,0.0927868085359154,0.0664184947348396,-0.0356340359620656,0.139688578757926,0.0744998506766301,0.0246572348378006,0.273154820550464,0.02428545715175,0.11378791160865,-0.044841029427575,0.209560679295192,-0.100830182485265,0.0938827609991844,0.258538333276008,0.236974319185962,0.00352249914042238,-0.0473180786574335,0.144751713564873,0.0994997068283605,0.134233920933748,0.19803644344086,0.234333036406167,0.0760228761931145,-0.0189642839497462,0.204969068827271,0.184729565139197,0.297896241970206,0.0747287071400396,0.00559634668284442,0.155340121194271,0.162075351490616,0.156280208657215,-0.0283195670272745,0.215267660924159,0.05413953729105,0.043585927261254,0.106306152349771,-0.0941155793774283,0.12436408739124,0.154341109971363,0.0639779835252531,0.077618965832591,0.0755685004502187,0.0699166236211041,0.234090057876829,-0.0227986787358412,0.208809573431544,0.0804631794283305,0.0877606260683951,0.112591280790888,0.237216288080312,0.185081786807631,0.0885451734979351,0.0348599690865929,0.103543536399374,0.126488462943959,0.154670746450124,-0.0154927725611703,-0.00762084391099289,0.242073791553012,0.0803140776488831,0.129776024471247,0.110747088749693,0.0691332166632428,0.169554870766086,0.0596394887465258,1,0.036142207607469,-0.132584908186678,0.0431139327247408,0.099993114560565,0.29457646579962,0.106344823182032,0.210308035540802,0.22354141170034,0.117163889158445,0.0628875800897852,0.288251579708351,0.104677881633688,-0.0147554621967377,0.283017918551679,0.149108832193246,0.0878359849658839,0.191968158765693,0.089110606927053,0.0880483337447792,0.187352410206633,0.253728533133269,0.11128088995478,0.0310742988732436,0.0749841755338681,-0.0852527081708628,0.0524344367257844,0.072406511737048,-0.00128997486176521,0.049649045653015,0.35673698391425,0.0582339161323385,0.104425834477715,0.080161046941268,-0.0719747053325318,0.169975742072787,0.15696152665139,0.609812784733235,0.260786058456127,0.00416456740942585,0.034296663573977,0.174019074286744,0.019354731336162,-0.0280410710834376,-0.119081500212809,-0.0582261122550888,0.153186305717745,0.142459041680205,0.158361915713786,0.246380204626355,0.0970270871670318,0.00719971264202921,0.0182339308253581,0.14113550849851,0.112023192834918,-0.0361427386859416,0.102474963760886,0.172459659564715,0.0295035488403433,0.027692800554366,-0.0387844609752466,0.389844797174519,-0.0154672343673049,0.0013282364996617,0.125750704274215,0.126272295792271,0.117279284800721,0.0326825286481433,0.14585220117808,0.00283875875925115,0.113478731148877,0.0236188731121059,0.171796205351763,0.0612074917999962,0.201169933439993,0.144524407684791,0.107605855542273,0.0552913819965077,0.125844877801845,0.15751801908509,0.181433178191825,0.00493598044856103,0.110770208132141,0.0749566642788073,0.151284986256873,0.163969985074382,0.0816999836959706,0.163904145576574,0.0924123493338095,0.0123239598473384,0.237468362951244,0.0242676068403173,-0.0106485641744976,0.189006430696466,0.0478697282418639,0.198615491971302,0.148364020574577,0.126284318487349,0.12370829893992,0.0989094979432887,0.0543056419045307,0.115269920009208,0.227683649295249,0.0241026981051765,0.0391312326704515,0.0751445863193653,0.0888483038817093,0.0569588935156099,0.0123699939416207,0.0372537104242022,0.0831103387642909,0.192548818761804,0.144094620344242,0.0338440356914407,0.0751551830215026,0.0539347178440006,0.145577570889073,0.107826973988562,0.099078126222832,0.0639702452172655,0.0367588591919061,0.0852218593381448,0.0944475616328669,0.128161318480761,0.140324313421856,0.0527761169999428,-0.0284277810423297,0.00915680487888204,-0.0193776941382128,0.06215195337667,0.04173816108226,-0.0176668829206351,-0.00231274051049165,0.00736777093917151,0.0790381380160122,0.209013766917555,0.105593677726016,-0.00216842018095906,0.152859919708718,-0.00947267920193732,-0.0153747454945071,0.00490859668640318,0.0984013511018495,0.173310415539971,0.289812463177792,0.112023674903505,4.97440064193033e-05,0.12727299075694,-0.0775235226959541,0.317790216595817,-0.0500831836645204,0.0888665853038564,0.00178226856723142,0.109410428503866,0.0272721938529214,-0.0243010608806632,0.0335357237594521,0.248433721549724,NA,0.157411829388877,0.0347385503242797,0.117547433873193,0.0463713537530394,-0.0981296249083224,-0.000672301550365552
"ROI115",0.126136511070975,0.125444298843271,0.198613032448154,0.34374606303107,0.412188451210159,0.215389509745379,0.243275400957946,0.520076884734526,0.438732530879611,0.293787934052309,0.333505162835895,0.325273626639437,0.1944797347657,0.313008525026108,0.487437708380773,0.231782007571009,0.482605387681655,0.417452221647124,0.249374465469271,0.241202577525276,0.104371272045174,0.244324423655328,0.463089770739693,0.22920131403418,0.136373664910399,0.286097943137378,0.497544400400799,0.41694679563094,0.441427973072689,0.134250133347372,0.229442669406273,0.382446823265073,0.211846036275707,0.341694021436357,0.350376318322877,0.476911143514464,0.173007203695204,0.00451396458650715,0.456329126299492,0.401696015303881,0.427969232310993,0.471852887286341,0.0560534024550725,0.294250483783102,0.464915613264509,0.155909108330841,0.217493878156713,0.381118729559049,0.419307940215157,0.351092119354107,0.327599129061104,0.217956114607937,0.426817514704015,0.264259474324616,0.549358541719635,0.383115685396971,0.408538588228098,0.392653652682316,0.372798489308765,0.45189051934402,0.0824605664103144,0.326867284959226,0.390397417148824,0.40153385593539,-0.0158479664666484,0.0499262852870765,0.295364043790529,0.0856795235731704,0.197838990436912,0.151982817769825,0.504113299590607,0.17376188236314,0.0130092679160013,0.259240575132648,0.319266201187999,0.0210691046500311,0.247764825188057,0.0625902409484076,0.179168773138176,0.383234946412861,0.253949671972925,0.23652665263128,0.277183195115945,0.393525014578558,0.376167329156269,0.00374654650707259,0.365800424747874,0.231633807747165,0.142839933119198,0.216796362015833,0.30636205402237,0.328264007293083,0.476542352336261,0.327477578722451,0.419984208807033,0.137380023655595,0.292197255534524,0.183428623518187,0.156144801162683,0.494086062730897,0.332491374814075,0.315623747480472,0.0291664467868758,0.208242768322849,0.385623794031631,0.446414609534539,0.267231972504089,0.445192367263753,0.120246971457024,-0.012683940024665,0.122503392729083,0.354780806645143,0.245999733146813,0.036142207607469,1,0.325874886632581,0.415425340278043,0.462656717754765,0.0799162429628608,0.362008789790708,-0.053521885181157,0.324467237328125,0.192423849389023,0.322303332329054,0.324794113199607,0.0883787740249076,0.235678387964393,0.0788785902291787,0.075438173251679,0.189294715813708,0.0288750404900502,0.450028997511854,0.416227248129554,0.0434015895233606,0.22148445597479,0.467541272062113,0.206422460329274,0.432452640508344,0.371837871477129,0.374748357870763,0.116591921093973,-0.0152153480483892,0.277959500751928,0.281195716778085,0.248178923915998,0.449348058139125,0.247527445946711,0.402170809348803,0.275522365681635,-0.16084246919229,0.307608836726531,0.111297756511399,0.301912430650218,0.397733298263417,0.20565886408624,0.315454535191278,0.50930179848447,0.423799945251001,0.219806860082425,0.468500710015102,0.308233274485008,0.10985889919702,0.307441638968509,0.417650698665247,0.33268759818111,0.498877765202782,0.487223715358633,0.301364867083249,0.428588291911279,0.333286133113714,0.300018827408695,0.471778411563005,0.478029639967007,-0.0498520511843725,-0.00798324713751963,-0.269130270984577,0.386932866944855,0.27984891830143,0.258446284154256,0.468856666776565,0.339867455769554,0.35894932926412,0.49768622634511,0.279751510942287,0.36758604663196,0.170011219327203,0.328176347951245,0.0164798380610871,0.175038119532003,0.426434780762838,0.534402926339925,0.222292547387428,0.260915276169929,0.248355513241883,0.500637459496929,-0.310904107750157,0.430319786229537,0.268916526741751,0.450962780139908,0.323428232492213,0.283425096265422,0.081563063701762,0.475373288136283,0.330699493031916,0.445790905985702,0.367927605729849,0.280349508960753,0.370666215899694,0.130476650440552,0.358436451536098,0.242526274275978,0.329386631572852,0.478885333009151,0.457277785345619,0.0940603453828869,0.317197623243946,0.512811184354685,0.472199475530022,-0.0327251974405102,0.117521584541826,0.38367590192912,0.509739165706935,0.514258265725139,0.473383003721512,0.398128024387698,0.258531378982744,0.390046597628322,0.13443897181668,0.351524139750632,0.590017644770328,0.177703534547107,0.450986721886287,0.35261905995147,0.346997619233402,0.347095951613043,0.10873238718557,0.24683507987485,0.159473577159425,0.491711070014953,0.407794004976206,0.375047516114139,0.420277530452956,0.390555217532562,0.0749423772212238,0.416576903335012,0.50996076026504,0.3110237713919,0.153336922248577,0.214646117995174,0.319241507399713,0.347998129120165,0.203502928091739,0.320517449455511,0.339003269601378,0.515147845053559,0.0522081592530036,0.00432519988766727,0.143832686809511,0.293151167771008,0.206367498051463,0.278200999730322,0.464458060475669,0.0134647033750389,0.453930559830829,0.181036883728935,0.349322522150595,0.206060539799223,0.447682440492605,0.389891785958521,0.352066535436601,0.184162660247473,NA,0.23730084680435,0.263521181229781,0.473636227642996,0.33463444120965,0.431825664536047,0.477562610670222
"ROI116",0.586985187780264,0.0596820050085537,0.326146881011196,0.394399139059783,0.534083488878835,0.0423466962331583,0.308004291391134,0.47168481275706,0.49124213269834,0.0639160122085542,0.293836581487272,0.18658500873651,0.103267584477991,0.161633986415763,0.297519301432698,0.00536598095389516,0.585879954852203,0.248009949576976,-0.0785567838117416,0.622096585087459,-0.226403067913293,0.0213926248237523,0.404746243447361,-0.119703363817118,0.0113282043568023,0.0456522903486018,0.378282780770926,0.406718473735528,0.480373223592631,0.132629170167211,-0.0264511694674568,0.394152980534297,-0.0878281458701453,0.177544200572465,0.35707546157152,0.480162062747029,-0.0245711519884211,0.0166312480401342,0.61380708382657,0.351136657684267,0.376523558068044,0.37134155800284,0.175803238359205,0.0913643506223429,0.37043387878755,0.0218515620815922,-0.141328154713675,0.230415369589953,0.302577144808659,0.361699341077131,0.157019339446168,0.266562605486976,0.197209920865489,-0.0831289168460741,0.419367836145722,0.131714914378322,0.575847069778116,0.297802757341712,0.394550689976769,0.590265077968455,-0.10377966768234,-0.0255634025731882,0.650982976656497,0.409773559701373,-0.296591120096811,-0.26138326375859,0.172774357640158,0.0491614531096697,-0.0057510403323875,0.0994930161931245,0.332469158396117,-0.074451795093305,0.13752013455569,0.0521295647183709,0.275638248654283,-0.0407834644731917,0.129713290364052,-0.0843917821558108,0.0497070695877543,0.620468859248032,-0.152500980950982,0.236105003688667,0.268724885635672,0.0104413773057192,0.458526920406693,0.0988843254234199,0.274604512049485,0.301426792100972,0.0875257595408768,0.247230045600057,0.267001190790726,-0.0271476243234906,0.423830463553211,-0.020870455230372,0.578728133611777,0.226850951396,0.13096657346403,0.199900998067858,0.180388995476688,0.419700608745069,0.217723440665881,0.283909929912397,0.00298431213635628,0.112082529814519,0.323613058610651,0.441760969045707,0.122934325514058,0.314747229569965,0.162782711589926,0.109046317686652,0.272091544387093,0.359756740799335,0.198137512493547,-0.132584908186678,0.325874886632581,1,0.171141505985789,0.29923763527308,-0.184915575143396,0.458582784406207,0.0498796408729287,0.232493411328186,-0.125960296796182,0.54256692108632,0.0985191290116828,0.134421462129822,0.16607284834531,0.0126137331930499,0.0338575627969089,0.177959170008993,-0.139964348322165,0.30915780131654,0.243093559988512,0.334284359458582,-0.0743923754726039,0.33351972299134,0.211772897436886,0.251606350689367,0.36210614528197,0.375129360191783,0.0225676756852841,-0.0391943872121665,0.484911230137041,0.10445806953579,0.0974783957632146,0.286196013212364,0.311806973139625,0.331881282110596,0.201074777210014,-0.0466976131323592,-0.00841804106940474,-0.165933766668167,0.449750474097975,0.205491535799686,0.216447493539679,0.243903770734781,0.442282633222866,0.233638826392988,0.0364412312785633,0.337206755192894,0.172312041077961,-0.0385071529173917,0.143578135372911,0.234314239114729,0.106967791409107,0.447915633980425,0.300380351292406,0.114356276113837,0.42800025710393,0.187714360912237,-0.14506028673887,0.458002720690184,0.286174694370873,0.0321236186478009,-0.0152579205637033,0.0916379549343498,0.409939193994532,0.0636725095999999,0.231978565777951,0.234239642342176,0.0549934563745175,0.103146915106273,0.306853865368118,0.236439453968285,0.51053298247449,-0.186858926497687,0.195165693243467,-0.0457947622013315,0.0859490567273304,0.0997676940943651,0.426615813006437,-0.101727525497256,0.0950084620696559,-0.0946284045081741,0.38651942999532,-0.269834160540837,0.394153846448191,0.0538278860858315,0.332871627894799,0.113913015760792,0.190295156014616,0.0646841029228882,0.409583144067716,-0.0630905836142609,0.372222845576763,0.502777193626904,0.278104456575232,0.166014923033524,0.466956312870365,0.0750663528353156,0.163155664519183,0.0431063770577088,0.313219615273917,0.502709600258173,0.0868618792108969,0.290780633473186,0.294025903624502,0.293454614818472,-0.0291202062491479,0.0491676145600478,0.181938206061682,0.583633383662015,0.185226893277677,0.282163994854263,0.0347844807641478,0.0277289599208184,0.212447732245609,0.0928972361622648,0.295337461755945,0.230966952754359,0.167962545917453,0.494960541953604,0.233268673146842,0.0455058674879412,0.3637426697336,0.258342628092924,0.288512522610044,-0.00565951247079768,0.319085619678322,0.483024057114603,0.230583881946574,0.311977734499536,0.257737225498932,0.128831577576968,0.334531498858761,0.40751026161632,0.499076180783566,0.0133437919709737,-0.153361590274294,0.387438076806638,0.0698149673507704,0.0443762250672057,0.348295891910662,0.237266658503737,0.333822073200326,0.216851877182815,0.253602346233684,-0.293466441455419,0.113513997995392,0.23216407046039,0.11122371802158,0.324391548476395,-0.0012447370976978,0.231745101342385,0.00319996537135861,0.218106226887468,0.0790340250312187,0.326001273721693,0.358075193333217,0.0533385785231883,-0.145601753950857,NA,0.209035245192173,0.234872072364116,0.304562366119425,0.246433405056848,0.284059516634247,0.302109458009412
"ROI117",0.162428721229248,-0.0117193738972794,-0.0243778781395992,0.375911843499304,0.228303668003556,0.0927927203554901,0.270124055400199,0.505875621788468,0.366238509669725,0.212584386992366,0.0408018013532217,0.484486848453532,0.0649154522841232,0.288547291380816,0.452328871853429,0.140650691130869,0.345419350393722,0.362952433082278,0.0484948505821714,0.0612648294019524,-0.00573873069860902,0.123612189874287,0.374486847709385,0.0276002086971598,0.263569486641235,0.25357809207462,0.447153578712739,0.36322797232953,0.466529426869337,0.103304113271931,0.210601510940621,0.335882848531625,0.159931293202795,0.396794557332998,0.29292478551205,0.612144419441441,-0.0684114359617089,0.159336937616114,0.518277669111289,0.22180282263533,0.490880270400543,0.39880312570747,0.0103994674682159,0.324791064108904,0.526083086070867,-0.0535341812580882,0.0255498343860136,0.549418398848654,0.221635321332702,0.367869072293271,0.156861418881612,0.0211873339734951,0.73552659274513,0.099229737398541,0.541307325292608,0.425489781440504,0.313831223099327,0.247242395327114,0.361932940568357,0.292827742249296,0.190084036953565,0.282051746536309,0.130498864480656,0.448566861232025,-0.060010568115202,0.0234688387434875,0.171342548684618,0.191191965569259,0.0247208216177142,0.234167406754615,0.350481133085901,0.0604584430093063,0.158456106568583,0.155887279575802,0.21714877862133,0.133459845361329,0.225212096141998,-0.0725707001682833,0.196891038555539,0.394039276184307,-0.0547216684698367,0.38299418975961,0.370131214768697,0.725654949615745,0.383051069593672,0.0197768261807335,0.419002836535282,0.346905555094022,0.261634460665054,0.164458154252773,0.0218753290269138,0.112829147697814,0.412275293850055,0.194678547123958,0.34202311808478,0.137663502797642,0.438849158826458,0.304444882584475,0.139639996980368,0.362421912902589,0.26438635508144,0.32060823244004,0.0521918446121708,0.192140760286744,0.351951663671766,0.618443447740032,0.157201320385755,0.586855551467603,0.0681507294869618,-0.0419927468907672,0.163837224553009,0.295389268581379,0.263198011443036,0.0431139327247408,0.415425340278043,0.171141505985789,1,0.285549362940132,-0.0164586288039694,0.284644969025493,-0.181474159615418,0.183608316076862,0.135279440311422,0.173347505410476,0.19304190400124,0.118972523640728,0.471265252025478,0.121423898464605,-0.0241087670465536,0.15594479941678,-0.00431973792867994,0.634296465396302,0.356647288943823,0.00731214679192761,0.177615783849426,0.680078036435223,0.151589366478899,0.202978471402618,0.351073614643534,0.406224996596284,0.0631509352156919,0.127921507855261,0.35338127960066,0.157393043999848,0.195125457057414,0.451561227460762,0.222339819918024,0.410639989672959,0.280146552077429,-0.082568816549885,0.180981340037979,0.0162230805628974,0.266205338411674,0.351981726365561,-0.0604986541443354,0.610904639940035,0.55472252837876,0.222305158957362,0.200264367205255,0.297474724102915,0.195848113025541,0.115651883379292,0.127412208009718,0.413552726337212,0.59617867405606,0.520090895319537,0.349111090190145,0.385211849135716,0.184593244490779,0.118662670247311,0.152811360051902,0.455920115053774,0.457521585693861,0.101785309617255,0.203658118766937,-0.212525735888481,0.29468279923392,0.288768344804475,0.24141436665342,0.32171315917915,0.267117320871222,0.189821347264969,0.425548450025839,0.244326105107842,0.398511726529427,0.02082014435649,0.180621744843957,0.0456624502914504,0.0495650160195964,0.604126986041124,0.469450546796602,0.123643859527977,0.354903768687999,0.102362350557079,0.363008632107887,-0.177262731809976,0.32865569232455,0.233779657728726,0.30457864792305,0.154273159945937,0.241336032225415,0.10221855904657,0.533346306385528,0.182428577190678,0.633979182216322,0.334470262860596,0.268065521162476,0.680066518536327,0.253909847900784,0.338417137797554,0.215182071829631,0.249584093479831,0.301615609767483,0.490999205548097,0.100513253040626,0.266655818100338,0.324054030678008,0.399426386867024,0.102478469020196,0.248867556341295,0.276273961296395,0.421924959316804,0.720422820354097,0.568987158897427,0.105196405048465,0.121177934315304,0.73780901238957,0.0939488154931234,0.337110231209998,0.475969749830935,0.166838507411507,0.47822506537052,0.210046442404182,0.214606140467815,0.432215860450547,0.142721914306761,0.361875762964837,0.128442153203833,0.282200841524208,0.411264317974637,0.425025672598472,0.46929274382033,0.242323221598811,0.033751251688943,0.346725272064619,0.439511834690816,0.366377564670811,0.0613860162351458,0.137871079021498,0.304275423799076,0.14990606190866,0.220790770667858,0.279863586149185,0.37801597189035,0.408992333766484,-0.0538848181789052,-0.126604621664576,-0.00371234483800832,0.300343593315232,-0.0101263204987676,0.294033482889893,0.47228553671287,0.0895288834481446,0.423138798038707,0.241848001179514,0.219782934577432,0.0788809560084954,0.393055318754355,0.360737609035792,0.634707276800497,0.0721113894051985,NA,0.147169328469024,0.103318309912657,0.455960110894894,0.280290074611384,0.403956196061189,0.444554333039932
"ROI118",0.165372098765565,0.155386543353913,0.352576938154409,0.161974786871112,0.378270817407746,0.144709934655648,0.0933629742783504,0.370157745017933,0.407374976296343,0.205993866257669,0.600993308498652,0.394309241637706,0.11872767402125,0.396671992959237,0.420672975029881,0.444419498923994,0.445186667505781,0.330256058069143,0.259701442153572,0.294024980264107,0.334517574896068,-0.00626285761910944,0.33025081261351,0.305917404904305,0.195049830896202,0.0820851202969006,0.506223628548071,0.251669147195926,0.28257328036152,0.0992409690017164,0.144878993639385,0.336054915185105,0.133525346541848,0.157884114337779,0.277404248352371,0.436046657995218,0.319298478171801,-0.049112543271856,0.384760491835327,0.514987035615104,0.372550409455993,0.337765754750973,0.124118864285049,0.228764405432163,0.400635037462692,0.111052101442073,0.320181107335237,0.414098966589917,0.494356343143675,0.268502825103225,0.236422573725893,0.353991146780311,0.397455618742598,0.382404184014617,0.46772565363288,0.301975146551197,0.399922878757311,0.493100655289802,0.376546841432398,0.478426595423082,0.140992319577673,0.235037386798333,0.378764219384937,0.340222513272591,-0.181595564312121,-0.00123876125037497,0.339027787460992,0.0700357291951862,0.258323225889007,-0.0049712712217626,0.393532941607341,0.197241567665663,0.107739724744796,0.128917673575178,0.351460835812856,-0.0805409802032439,0.0332409099387373,-0.0567787480719882,0.249601057597159,0.262755170100389,0.266520570992278,0.255402375176653,0.193126125397263,0.275237400463019,0.28399982463487,-0.0414144949831946,0.244732745489108,0.303459925936801,-0.0737577451387647,0.12357979135503,0.350287827408637,0.48557356361268,0.346103536423501,0.351860843187172,0.410468382071195,0.165270247236507,0.198283136821261,0.297858557754023,0.170995123019462,0.423530830854397,0.468002969088765,0.18980868173189,0.0336295589650531,0.29467638816104,0.328859140133186,0.321105716328366,0.276782680151289,0.31307035664853,0.233491488535031,-0.0138767476057314,0.0520664476264269,0.297892239783495,0.329513610303323,0.099993114560565,0.462656717754765,0.29923763527308,0.285549362940132,1,-0.0526848218865426,0.410915453429921,0.207734679805551,0.295727625729408,0.0183070133597199,0.375947002715219,0.392538260787142,0.00306006596599805,0.202362771623657,0.142348650832649,0.044651017846716,0.176624389601025,-0.0340398347075826,0.360567465492799,0.1622667440676,-0.0514950717496068,0.445860843312822,0.330746205636629,0.346167416728287,0.540572800370757,0.26396555401243,0.370155795819441,0.158659507275087,0.00530489980576656,0.296348858320829,0.344461171312672,0.0843407850917333,0.497517918583097,0.193235598384175,0.265963805029618,0.301721989090956,-0.0432821130072204,0.210209562007875,0.214137858754472,0.315372021265252,0.232049827285811,0.471425759057815,0.321968313093984,0.318581664125048,0.36256887494738,0.089691690859309,0.445962222056532,0.434779709631551,0.140334996682784,0.154218077377776,0.446775166277368,0.202338425660234,0.394384746596678,0.577275443116559,0.355877057825799,0.398070494650512,0.276192443344356,0.347306786403654,0.315089230118614,0.437724180534214,-0.0734282498211524,0.103856829011331,-0.101469765025383,0.349049474152097,0.223425459098587,0.163442936377974,0.511098228702131,0.0917439112577862,0.388809269836127,0.38538132798313,0.371849403882492,0.280111473774606,0.226638902079844,0.313413424142516,-0.116666023006692,-0.0243254212332582,0.404583271123381,0.461044493877882,0.0763693854791123,0.184496212269539,0.206191156069153,0.455131737547255,-0.0607078354429687,0.292518920242767,0.016074772394895,0.186297636849166,0.352454739808992,0.212509796710182,0.207068105652885,0.315142439048236,0.445046741917268,0.351996977688153,0.308777878112035,0.327216226524974,0.256527529211395,0.190347695529102,0.162872614498983,0.307951286914492,0.111827036929814,0.293290370841918,0.409187611397489,-0.0851380409283533,0.378873840248612,0.307953470477597,0.343402950152519,-0.140419541354033,0.176281915345511,0.295789407369304,0.412107506527749,0.392509585472511,0.425482117317946,0.34567475116164,0.179503942076038,0.332132215833209,0.0480778531118831,0.168891376854528,0.51006728905192,0.251170503882265,0.380682626061201,0.455717231022279,0.155577710243841,0.313327079754922,0.195089356659808,0.192781143927067,-0.0439551995752951,0.506140722064289,0.254408380754149,0.370675370312096,0.266534560916623,0.315788545249506,-0.0806100977266236,0.364412372259113,0.436151238824971,0.280011395630542,0.0426703135190291,0.430871116544849,0.29175182636237,0.32497450656927,0.239181993649549,0.203098376223052,0.212450847116083,0.45027099551354,0.212220942680831,0.269687585117838,0.260485330379861,0.203366107634526,0.498485390419157,0.129060560592471,0.348085373697116,0.145391242257611,0.311239873823703,-0.050979925287352,0.15370381715102,0.10724846029306,0.401347139154636,0.388632778841071,0.224303416479941,-0.00331168219964842,NA,0.320286795134979,0.376538118625483,0.461962185796283,0.333526403450132,0.325649362652262,0.313782287557936
"ROI119",-0.129097286980736,0.240172046626313,-0.23143878173842,0.079677817112551,-0.0205172912254009,0.335069299986666,0.0785713103161559,-0.0178561097463504,0.0131343240145439,0.0115548917106251,0.00425496190381205,-0.0367805337687736,-0.221169167068571,-0.022726639353729,0.108575857333458,0.0661528727994869,-0.183166407187427,0.0280239082530742,-0.0239772721043252,-0.192921169714617,0.317206021778114,0.528058284705073,0.130611459080125,0.331810714632973,0.0455716626159846,0.206210682684619,-0.173393033919959,0.134204336136179,-0.118393124479704,-0.0416633062415552,-0.00541396702094741,-0.0737113208762868,0.357106632355268,0.189453601357695,0.241759541477184,-0.0828986308557072,0.250896876689742,0.170308961544291,-0.11159404124492,0.147396786279149,-0.162435476437655,0.118997316343827,0.0858928154413682,0.33157293326832,-0.0855746750904589,0.285646787035606,0.204847012582898,0.11897498750223,-0.033382819486136,0.140703770170319,0.30726338233894,-0.0343256889630848,0.0710289449935575,0.363057598169975,-0.0971669684214017,0.167610562300846,-0.0846627822755876,-0.0315183903833562,-0.316014615152666,-0.0864519787695063,0.0468061508406453,0.370659067382436,-0.0868775375233767,-0.250976416434747,0.819352600031013,0.280129140139261,-0.0892837112271644,0.0512911800269551,0.432919699241977,0.384010723018468,-0.0353199266959911,0.367861604792701,0.015219163903867,0.379076423583087,0.0183853210814033,0.016373870925935,0.288745385136808,0.394605993403023,-0.0343551370094473,-0.180780189725289,0.604639144876542,-0.213668921500123,-0.0441740961744497,0.149842302996687,-0.129693186550662,0.215583477704676,0.152862883254967,-0.215627480184922,0.3383271132043,0.0172261524821541,0.134230051901308,0.0246625461044052,-0.00931492216488634,0.132129918927581,-0.0647671234869312,0.207489455048197,0.0267879035425398,-0.00863840045959784,0.132929865576527,-0.10719081017173,-0.0973878593990977,0.166328708099424,0.20619976143021,0.0351748172910822,0.0379632910003691,0.00808373699184297,0.251186785983507,0.0614009309743386,-0.00709541452260143,0.186573112011057,-0.0799179646340454,0.0518013505208725,-0.0706738846580688,0.29457646579962,0.0799162429628608,-0.184915575143396,-0.0164586288039694,-0.0526848218865426,1,0.080996757348697,0.175401906658696,0.242676219599714,0.45548564786996,0.0376228747245122,0.147579848935915,0.145351742834369,0.0144261896059146,0.0979564557303034,0.140136747777925,0.0857536353585646,0.433428582802589,0.0692466667053594,0.184865800317933,0.197911915352643,0.188713903811368,-0.0050036126937569,-0.0260292683549122,-0.0568890388528185,-0.0796504594120297,-0.222094599253922,-0.0216637611074399,0.00807417244933675,-0.140255840881084,0.0402801198303315,0.240014505045479,-0.0651953573640443,0.147786508373242,-0.0238927897579942,-0.0542770649388194,0.248630370977117,0.324459225698284,0.214070454897219,0.0994313347590238,0.151070091040983,0.150186235017387,0.0286199418694752,-0.0505170414566363,0.00533766234499036,-0.0483697270659387,0.0337096810009573,0.077200162782437,0.0189247763283981,0.293572095660883,0.0815990991774907,0.0478746870583857,-0.0767836128538471,0.143683697898309,0.123124850748513,-0.101517814107597,-0.0183832443158653,0.372500856575355,-0.000853165296505571,-0.107984861185015,-0.0206795951817385,0.0452185078031757,0.0846095414369167,0.0292343126928564,0.02799357762995,0.0848551671411311,0.0846468740173398,0.443294737249277,0.184365150653235,0.0709201973422767,-0.00276302130994786,0.00177984326310327,0.364465240348334,0.0951709057693516,0.387167659133532,0.364081245889085,0.132002618967131,0.0725112255504255,0.38762259457559,0.0947914128043017,0.322269214109807,-0.178044888354309,-0.00732510808389031,0.13758123350734,0.389412033076932,0.171290978772129,0.0816323703946019,0.10431163797044,-0.129475751009557,-0.045630364634911,0.27073143845451,-0.0581527724919656,-0.115054087242175,0.0881246530508287,0.0815213620167143,-0.0817696072880173,0.322776364501795,-0.0906932818494929,0.367975503231753,0.1812696468229,-0.0531532216056707,0.286410780624851,3.15633763809532e-05,0.101551041353714,0.08673138011851,0.100263658652328,0.0701082886506329,0.117962498912657,-0.0750484014237423,-0.0227284348240675,0.0267873562862948,0.401864171175061,0.33559961440518,0.10010579113007,0.358440405297547,0.184386735290224,0.0104812603643157,-0.121148799544944,-0.0844185716702412,0.119298449244207,0.351715812638723,0.0347505180226576,0.0308308773817776,0.0123823290898898,0.403689778617983,-0.00578341859423905,-0.229728832790736,-0.035049658617801,-0.0305977807799586,0.0612821122481783,0.291920106899569,-0.114080390334964,-0.0882188432717357,0.0193649209123387,0.362573940507553,0.154897025552016,0.103823079517395,0.251997532745858,0.0712717129285489,0.108901183188708,0.0848601683874625,-0.0337224049754598,-0.0094726623664723,0.0893318114682051,0.328773270604847,0.100172078496853,0.00656394313901656,-0.0181654650683105,-0.00585976700263057,0.123605175600764,0.144722849947465,0.413447867287263,0.106426403347037,0.300856044043449,0.0183524389004282,-0.180624195669226,0.124775202469591,0.82091174299598,NA,0.150564328661364,-0.364386974576842,0.0683030954477701,-0.172874555233805,-0.114098800592586,-0.00347475786372648
"ROI120",0.170602219635552,0.132949809129545,0.217102418252124,0.382103983625945,0.345309607364276,0.0606471902724873,0.240264660253257,0.390186434486537,0.24943430325474,0.230911664139972,0.278535966176998,0.454874066813913,-0.058598468495328,0.258198203162303,0.307363387733761,0.13455890514351,0.479954138424649,0.335778830937357,0.117330540874333,0.369075420051742,0.0139599346811233,0.0871558971078468,0.689407755102629,0.182545341942464,0.0429381986176472,0.248348016846996,0.32750429682476,0.321983688103561,0.419592754931014,0.120550052071078,-0.0305285085051951,0.391420320111045,0.186025613297897,0.126431446341661,0.585424169376684,0.556719710609346,0.0930060661809909,0.227066126876606,0.502733721640812,0.446814372092937,0.186857068422166,0.357996159610887,0.099733843102858,0.281576025368242,0.41218377454281,0.133159139383241,0.0835304862372412,0.282278297315223,0.291752150860787,0.322683906788177,0.354398844793222,0.194703338164159,0.338712139862983,0.15719457838717,0.378255367125785,0.179344569953282,0.432677508237135,0.377205950110964,0.284250398326906,0.461853149702397,0.0339702051424948,0.32119712342095,0.410951578222375,0.267651162152854,-0.0572621727652375,-0.0555716827437572,0.101682417989507,0.131728974986469,0.202047597950837,0.139219466474794,0.284522980789741,0.124818329958557,0.307858483086721,0.228524382990726,0.322967100352598,0.00225996051031388,0.197520274021497,0.0770056454074705,0.0930644463999379,0.450503427036423,0.153012178635899,0.0956203592181933,0.169169342597234,0.231052810763638,0.294958270078529,0.257014093154116,0.430773870485295,0.086195834993432,0.112220701420888,0.243570561104688,0.208017148858591,0.147829206800689,0.271683700677839,0.240974186807813,0.475587541314254,0.615496338495831,0.320156646088764,0.184674442986107,0.195159243413041,0.313697226618049,0.120432095349664,0.652210905099403,0.240834038284021,0.292665352627604,0.336734593601566,0.620982252850646,0.206316160885391,0.635342014011869,0.185517972932979,0.285557154670201,0.150283901329012,0.414198459997587,0.207957555036411,0.106344823182032,0.362008789790708,0.458582784406207,0.284644969025493,0.410915453429921,0.080996757348697,1,0.427580216796317,0.453428826587337,0.08264502083194,0.369807235838035,0.177106682965435,0.202089976907804,0.218690011307583,-0.0415201957397957,0.0652775920231875,0.321178592041975,0.047213511553533,0.274994742262342,0.255550782181079,0.205506631886431,0.0594580594691501,0.353538475914794,0.264232267238884,0.286927522038025,0.222650592516949,0.315501164209573,0.106307438132028,0.0397767242925069,0.285119288328716,0.214443272863638,0.264953419909842,0.272361599809986,0.426778908298121,0.345070436305703,0.126131895890905,0.148712212568426,0.24257037144813,0.139362801221736,0.679259750215178,0.261060863154931,0.326469543339614,0.296875025421631,0.433677536364649,0.167833573822257,0.0393684364462832,0.350222125185606,0.298050102062644,0.139917159659573,0.332924976223299,0.368125865184141,0.356980542465709,0.337581247464463,0.377462391827376,0.293266808468547,0.334981870665547,0.330006155015381,0.183481452730086,0.425226058272525,0.297121555516075,-0.0123572702080029,0.185763105631774,0.037042252418202,0.405852694701012,0.203941513982064,0.280932180758494,0.385683278388756,0.273980888044186,0.352951554976298,0.349063294169915,0.448661406831674,0.629231542532909,0.178776980505196,0.325286117964684,0.0748905321375869,0.239159696373434,0.216174386828963,0.489994760694419,0.19325837682363,0.237807471286459,0.189907343113995,0.243193173458862,-0.156405166948287,0.499168144815242,0.286953487465925,0.343964190985298,0.309920651514091,0.274460047597793,0.133346977262446,0.23184268256519,0.202429781376187,0.529653333405782,0.285456646725213,0.311140938604058,0.323189222321121,0.383800971937828,0.323501650903681,0.215167586160247,0.340875333535992,0.414640975309888,0.45469000026584,0.195953781191254,0.275055310022456,0.339074997464988,0.368208908321577,0.0408826642875078,0.150084267631288,0.330737692537221,0.577388709446786,0.333963970745739,0.313397569108429,0.316330472024179,0.274165983898469,0.366688732163405,0.276421359971996,0.391093645570076,0.30806948368847,0.250592016075491,0.391764990896406,0.357008062268441,0.20765308075566,0.523975831783399,0.441757159127569,0.263723074941102,0.289144199429801,0.364414256256605,0.286623319369759,0.312313306351671,0.279651449610258,0.243418965290776,0.207983559817466,0.274276706391934,0.338910995769119,0.675803451969765,0.248168965018015,0.0915535590564063,0.46036820803016,0.274449528764872,0.147281490317084,0.338548946565302,0.301982876599329,0.378413707881892,0.207004875028415,0.495927743647855,0.0804289738988799,0.313877827900962,0.305842234871386,0.174611528311797,0.390113498876231,0.0682906951574058,0.29760537150702,0.150116068586139,0.193525384113159,0.241881193058922,0.356761725672009,0.167874363869406,0.261215606335606,0.0881498255681507,NA,0.375595691582709,0.213064364800345,0.333067073847912,0.211008933314005,0.214668651391761,0.272443855847263
"ROI121",0.0711397879395202,0.0953633702733664,-0.0854399059427401,-0.0861838909345124,0.133562930106368,0.0473737175406377,-0.0979353483354198,-0.083238013138149,-0.138067320160842,-0.0617181715145768,0.365576244298834,0.208470542964419,-0.0307455293221313,0.197160556532577,-0.126711952224464,0.210344185286895,0.0356126577554727,-0.0244089616382958,0.149596550918743,0.13016357039321,0.161822091139609,0.0563062701211082,0.0986643118813547,0.130364658171916,0.0829109387360205,-0.0611045338368553,0.0369072257292042,-0.0464864851018821,-0.23430978561445,0.0818619874654095,-0.116748891063163,0.00102411372843771,0.191331129894507,-0.203685185346132,0.299259152598952,-0.0542731650867212,-0.00654952144300606,0.0888416935228235,-0.182064770013869,0.0434256524596816,-0.201874287503143,-0.172229990069676,0.0208165169346214,0.0729629706502513,-0.0165270318509893,0.111541339311179,0.156454008814375,-0.210439963372468,0.0996149484661461,0.00242416673163129,0.119810143120332,0.158601920934777,-0.105564379136492,0.132238311003289,-0.193788341144987,-0.033010476414317,0.0521175499015103,0.072544673807266,0.0110744212363038,0.00628818903650178,0.119613354942353,0.134741464121655,0.0400918550190258,-0.0738906666133599,0.134202310764199,0.0393949518176475,0.0706851102870067,0.201104922391273,0.1293297029359,0.0956923655230789,-0.0269376755498814,0.0567975595286378,0.264049743323747,0.162713921153963,0.103696002453802,0.00340949039863155,-0.100555036327639,0.0318911967870295,0.0346830074457248,-0.202896894709624,0.114203279202883,0.0271790378291924,0.0709070686577045,-0.221085698002856,-0.0456525033425425,0.230419583223494,0.106002568590367,-0.00923033248980521,-0.0472247811130037,0.115570986350562,0.0347656398240967,0.135302841420895,-0.095437929951658,0.0627440999313358,0.0168763289628731,0.392687796107156,-0.0196839419854013,-0.0231978645117604,0.170062306523692,0.0558925193115441,-0.06829810055249,0.242555621324034,0.111434951254656,0.172762803117487,-0.0401328665374189,-0.161720908940142,0.121319677039144,-0.0374656249123115,0.0471697044056885,0.255453770073657,0.000649593777239311,0.0550645626127911,-0.0745601011863469,0.210308035540802,-0.053521885181157,0.0498796408729287,-0.181474159615418,0.207734679805551,0.175401906658696,0.427580216796317,1,0.190364994839603,-0.0226587697935728,-0.0132506813378413,0.0822304480329292,0.123232378036628,-0.216783191140852,0.0684317205960683,-0.0141544961048268,0.139792765413668,0.0478215840136481,-0.336955757606507,0.0352428596297712,0.181733197466241,0.0285188162935594,-0.183537458566143,0.131937179853626,0.0556125991689867,-0.112875376020521,0.0812322203652289,0.182460309770695,-0.0606576066884441,-0.0397226425654918,0.0743164145864991,0.000270898242834731,-0.0493822390330731,0.173417501139327,-0.0158667361230832,-0.0454168600264328,0.276874920902399,0.0460377214462995,0.245465674622989,0.30136872592504,-0.129761468677228,0.423523570319728,-0.186181493361605,-0.154384395361561,-0.0287274372624875,-0.152618261592212,0.0255488615093296,0.137286854681916,0.185285590856766,0.179499053178163,0.0813693569551162,0.0502131424230064,-0.0307355891850658,0.198625075711131,0.261183606020204,-0.028269760035739,0.0646372639171942,0.0151780912357169,0.0272333693451096,0.0842241090838145,-0.0963143253031534,0.142908806102255,0.161395430349936,-0.0109070627503285,0.0636659084466271,0.0259656038250436,0.144089787918821,0.0222748613637815,0.149516644334733,-0.114521725785664,0.399470128054946,-0.121853182728844,0.149293274739371,0.125250570887284,0.0304619264660079,0.0130313428220311,-0.262216115346618,-0.0455048613764684,0.097007724660349,0.0601810923787117,0.169306639017782,-0.030067411494903,0.217853232695749,-0.0641946887515853,0.0499185394169507,-0.0573951793798391,0.0512142807797065,0.123877542230457,0.143245932545439,-0.219171960343508,0.196630387467986,-0.0335120521968068,-0.0144738964739445,0.134980698447476,-0.195717338830307,0.124380937512141,-6.38388271903444e-05,0.128414302257223,0.101019863643545,0.0433606539204132,-0.230797434408661,0.00935616539966438,-0.0115095013433961,-0.109126478310322,-0.0100844879865246,0.0134047166622196,0.0308409606907089,0.149939151779075,-0.0658826698040804,-0.250183130299988,-0.145760548201598,0.0726339741485781,0.147055481331435,-0.156316992602153,0.112827099045302,-0.0174590840389952,-0.0841048117738497,0.239977118819411,-0.166307782873715,0.181300726153567,-0.0934376859334223,0.10484165209247,0.30265566357652,0.0111449312735894,0.243440239451363,0.0504083895809616,-0.330607081584318,-0.0176838769512106,-0.0455453553395581,-0.0351875691052769,0.00123238292106576,-0.111471292657849,-0.0704109159855404,0.104036976591031,0.0930011982480319,0.176976561658678,-0.0494719347740519,0.0932258797084564,0.0845821303083385,-0.0277986705715743,0.0570594781474301,-0.0395842998730433,0.242160043033893,0.740601576059842,0.232781239680969,0.129650491618137,0.332812815933358,-0.0828615252483265,-0.0729974780110322,0.0470660780534709,0.0375310036240342,0.0355863084272342,-0.133543785167375,0.0427583404214103,0.0238094592089865,-0.0300184742319175,-0.18576364715923,0.0807165797249913,NA,0.214937539032924,-0.0103499903300963,-0.189738911873649,0.053834122419616,-0.102446165408065,-0.188209334044804
"ROI122",-0.123617933499667,0.563095314354406,0.3630199988588,0.292318333438199,0.0582672763066583,0.375984718843253,0.132877468461707,0.186310431271754,0.217869619317003,0.374221018150319,0.213408003676462,0.275941459253749,-0.0869675529925162,0.0890701972797246,0.350216477709072,0.325150637291706,0.347427233684909,0.334345790611397,0.195682541082745,0.150837204105259,0.373866189010621,0.412163460072875,0.366309114113696,0.593938044456939,-0.0805278448501192,0.168162776815818,0.187916886182943,0.305512889762751,0.195449379784295,0.15328366728365,-0.0941945945252128,0.409443793025066,0.677211335511885,0.193497498801537,0.715958965690737,0.430255512789996,0.227174041106312,0.323081167880266,0.328661114256669,0.625171039255826,0.0303296150309487,0.262828809257349,0.120513042842021,0.524530309807029,0.341643174173882,0.515573508255428,0.389594134722073,0.39809548697458,0.342541253232844,0.317472274131394,0.536485878741418,0.172571948732351,0.270541595645932,0.344490868021306,0.345980843816748,0.203776305115703,0.121534923817675,0.309711100625899,0.112747356091227,0.405600473152694,0.0487149748065576,0.709047858702402,0.397090565812614,-0.0151378410406053,0.0799944793892579,0.194310445444516,0.0635974332388395,0.0697669258000766,0.438152506641827,0.00300963575171332,0.296332486592751,0.537950583179132,0.297905695755249,0.45934743240445,0.641852431714903,-0.0631680452421919,0.321077804474517,0.35780797099064,0.281190785966326,0.155130754211979,0.308225308200899,-0.0318285331792204,0.0140967593007594,0.335253264221903,0.0210818378059322,0.391291636069297,0.437767292233989,-0.0854532731650404,0.21774793192732,0.205271624786671,0.111161099464487,0.358534708732191,0.195806504451207,0.629884685447102,0.523791387075849,0.376502285006264,0.145020226572492,0.116133619501658,0.208127955113169,0.438670299366649,0.0548671154137252,0.464911082382568,0.22777104638831,0.260943207311243,0.26552259566312,0.345870468047221,0.626472839075455,0.334832405500414,0.259526311976728,0.376910554872588,0.298095045385566,0.461022496907015,0.124120501889234,0.22354141170034,0.324467237328125,0.232493411328186,0.183608316076862,0.295727625729408,0.242676219599714,0.453428826587337,0.190364994839603,1,0.280812088207997,0.49194655631804,0.648797723529116,0.327376171329917,0.245182585778112,-0.0631368121692217,0.164388597328857,0.332965360718347,0.309001513109327,0.355470435247787,0.175316238257801,0.276811997015879,0.460436783806671,0.403447392401843,0.194050003034229,0.418064677470531,0.216005471146417,0.0829537679446393,0.116952467036405,-0.0369059777318532,0.281118457963145,0.268175565538107,0.517296886001755,0.184293859734132,0.603159285393164,0.238752172734926,0.0969008123353519,0.12723983810758,0.30249220567052,0.410348251860111,0.374246145745533,0.315764105266703,0.257102734727002,0.308721746204239,0.188984562645752,0.0371078962508402,0.137502225946419,0.499758484945178,0.201862260424457,0.285812994062542,0.40310321370109,0.228164809649251,0.21025264634184,0.187157413589911,0.252270157334768,0.188921362995373,0.32042170920699,0.472237031860155,0.401207848304682,0.305853627638558,0.134746076084321,-0.0192266359518572,0.164051026737422,0.108295175201088,0.488922726392885,0.236402562398392,0.413216045652025,0.41395659495482,0.304263480038401,0.502609919463534,0.34782253607409,0.247111480432484,0.385068825826252,0.492366393756304,0.552179255400122,0.440519320748369,0.541109998555435,0.392631144793647,0.407568876720124,0.566520000922655,0.471928694694426,0.600781449787298,0.0251686437413794,-0.00860386197672107,0.470600279973524,0.420912564677357,0.387684175111602,0.494310994012109,0.590834519492978,0.0927036855290193,0.021063242175523,0.483463200462564,0.286156060917006,0.120499560681985,0.189833685639171,0.380293765240717,0.365541671187402,0.512911787306806,0.298832958091697,0.625227073889631,0.345566273777314,0.405471751951085,0.420740869750397,0.376676650004377,0.361829528028567,0.316423282586462,0.175284864742726,0.283540880901172,0.578095646831599,0.328625713788435,0.327085719941824,0.354908174054496,0.477047044769698,0.498324867019214,0.361473101500082,0.347467913687872,0.626005263465297,0.370247688391043,0.0913520534346286,0.250695100081707,0.396408132382637,0.398774690866155,0.421769399445995,0.408435665885747,0.276319995503405,0.453691324015295,0.302062580801294,-0.0700373412083288,0.469183368715697,0.0194215755823208,0.341147414499993,0.384821371240911,0.206668528570319,0.288231762755442,0.44310711258568,0.501649962003193,0.394259984887747,0.50275089778152,0.331280581694003,0.171451799272479,0.257599472356482,0.126901057195874,0.10995242079339,0.190075104746391,0.31915327379211,0.454102124308923,0.408186957178577,0.0973746429662848,0.198804161558035,0.308838405323749,-0.028458772024634,0.2577898570642,0.116414223492466,0.261350258087587,0.429144950821001,0.296064893662948,0.0718988035025495,0.304406775186621,0.331626017052305,NA,0.13614808641797,0.35757443527245,0.428891010400403,0.135113766919344,-0.00376289603634271,0.273635935200073
"ROI123",-0.069837864037379,0.183865623126789,-0.0141799145625677,0.182733049348184,0.0417071517587406,0.350976012533771,0.124917868440512,0.0702748551250737,0.0551166765528291,0.302993393577368,-0.0278935189282011,0.0282128067270548,-0.140382243116465,-0.0428853187438348,0.228335590821373,0.0561268899138728,-0.045566378018006,0.216204255971439,0.149696714028307,-0.195479871275679,0.318867137577641,0.431475912955332,0.211982851876263,0.387030621918659,0.0121096154383467,0.47655955309251,-0.0528818658204545,0.159711782865119,0.0210412376761863,0.070472942367621,0.0847712669928271,0.0436169602161132,0.41759226770115,0.279024518121523,0.220658235373156,0.0626587162659471,0.13473543536545,0.206329625916458,-0.0478568965775924,0.126992184176868,-0.0741348494396217,0.096878261635616,0.0250690205267259,0.473445885372235,0.110263564216434,0.213891051674831,0.139887106054514,0.158016929164962,0.0234502474157697,0.235691247577997,0.38114931595008,-0.0531497566856636,0.145805660479078,0.213324771273439,0.0572527302350896,0.278349757055629,0.0242432852417063,0.0455064637006514,-0.169157951253849,-0.0501851686732573,-0.00401918758633448,0.498837334717496,-0.049073728501803,-0.145537150790788,0.465131043859743,0.267509456527892,-0.0802119297430356,0.0497558648501669,0.35763697090108,0.288937004146249,0.0443786153439295,0.326797502182185,0.0140462077928209,0.360226079827165,0.195336174421495,-0.0150680244146039,0.38497832928495,0.406650707505692,0.0165638841641385,-0.0748138898485472,0.389935431819444,-0.107943372629972,0.08031069198069,0.273163629524775,0.00884386903995701,0.190121631493164,0.27338123637504,-0.105833959415898,0.408419435957234,-0.0193384747612637,0.0483149458551376,0.0688954716259656,0.120240924424922,0.243651617299521,0.0247662735005567,0.142815052529449,0.0834662775355739,0.0273311743444301,0.0672361322850132,-0.0532920865823584,-0.0370770294791295,0.212872847519238,0.287775006387415,0.0650430360294221,0.126721283203637,0.126961010084743,0.234122598550968,0.152434397809914,0.061605685211693,0.148415722228963,0.0277562813043968,0.0989119873040662,-0.0366700837490615,0.117163889158445,0.192423849389023,-0.125960296796182,0.135279440311422,0.0183070133597199,0.45548564786996,0.08264502083194,-0.0226587697935728,0.280812088207997,1,-0.00941825908936755,0.171456021092996,0.107251963293528,0.0120774899930706,0.0663979888689705,0.223227284965713,0.0772981176753086,0.404254080270357,0.141083463032065,0.308493677196277,0.0660566579607045,0.14393857801501,0.140776338177728,0.0270734252486427,-0.0201908712581841,0.00278641604515397,-0.0678397162679555,-0.110670131689901,0.00579147005551994,-0.112041429624625,0.0328893746860666,0.21223116513723,0.0658628115273176,0.176595232355778,0.143630889591862,-0.0135672159766378,0.177297459370276,0.171108957948154,0.136344005686621,0.168113474533529,0.271164146310519,0.032912065265876,0.0849566659058032,0.115685841190695,0.0154735498365737,0.0146271133570678,0.0638838501807542,-0.0117012649852986,0.029779586676158,0.199332834066699,0.13054523616839,0.166881400017627,0.0400577245369528,0.0551315284817705,0.0450178322048813,-0.0502123088963229,0.127979606544033,0.2769798774929,0.11166182585543,0.0254596178515755,-0.0606330221067166,0.0806614283150348,-0.0427911976751442,0.0383397466663683,-0.00470383246650877,0.199293272643574,0.110363345570511,0.582255581567788,0.280223231483731,0.173201937804368,0.000279729671007927,0.101576152203666,0.364441322492607,0.108094474219619,0.285796652329606,0.304267223248028,0.179697201253012,0.168599409903188,0.421150358259557,0.172478643719861,0.286305296974544,-0.0333043202782904,-0.00369502263078108,0.17851045105854,0.414035903644739,0.277072776948333,0.167973182583413,0.163293457675614,-0.0836203131443244,0.038442231918764,0.192105409851761,0.0777378609274252,0.0494916746418419,-0.0165799100447978,0.182393865818317,-0.069344166779916,0.434584069845661,-0.0982782777033784,0.447125192781051,0.129189047639011,0.0684045305623517,0.26513128770853,-0.0352925003972056,0.223612819242098,0.222162322349303,0.150344360360439,0.129822850091559,0.182230637115517,0.0542345430883003,0.161031017332298,0.146336328825211,0.35789301387318,0.283617273756948,0.231649514687204,0.276901198632703,0.286785937243537,0.106911427031286,-0.167053630783384,-0.000577149818098526,0.208322843617154,0.436199758481483,0.100956693708935,0.0930744556292614,0.146148861778523,0.437447910802695,0.0749464029392448,-0.0726374559558953,0.100104173022865,0.10531806424481,0.0743041010655114,0.283574001539044,0.0926882712891043,-0.00529546942039368,0.0662836226617353,0.373430637171279,0.151148759665384,0.111173531155596,0.188221570659249,-0.00763039216290315,0.16323010535999,0.194468097095076,0.084298822918167,-0.0634067361898905,-0.0203839018147959,0.28083211061817,0.230459472335173,-0.0603993987862634,0.0271031936049988,0.147530695926062,0.00400857085479629,0.238340954571036,0.258945363136827,0.285368639861904,0.33244924721288,0.169988461145309,-0.0731979305212396,0.277468939853337,0.499262154538627,NA,0.111438873628956,-0.0873385325753088,0.13869852610169,-0.120970517894315,0.0412686489731074,0.1557428246671
"ROI124",0.165168823061693,0.368144538564863,0.419437659136993,0.283759915395116,0.230069788141915,0.217111675564727,0.225231950534786,0.208811569301108,0.445124471649078,0.119317683028942,0.309634736781554,0.347041098316017,0.056428069415638,0.257964194002556,0.379637269822352,0.222266792559045,0.396295526575439,0.327468854072401,-0.0370669968459782,0.371576245482511,0.241175438248666,0.0990074097926142,0.275064304700892,0.335732756953762,-0.0254068010193253,-0.00421714281104647,0.234537413707282,0.31810986212616,0.333813226475248,0.0970955851948673,-0.00696979428694141,0.427757997243389,0.213265939178306,0.240943212957811,0.421270743307156,0.4249807645348,0.38366947810871,0.115048215113109,0.5149695629573,0.645399644777835,0.263304923655305,0.296765853601315,0.228745203628861,0.297883398576437,0.3458063602925,0.286423451814256,0.236024468379814,0.486252571773722,0.33478874789585,0.305714769559884,0.324136808786142,0.250846612417666,0.294692778424546,0.283044175014532,0.443972437035455,0.265532038215971,0.239627164311307,0.257927715747558,0.172079379915384,0.516951597156615,-0.0401666741155938,0.222680844898179,0.621559738582251,0.15855597878705,-0.125060952577819,-0.00550462197661432,0.125160056933156,0.0296198680519601,0.320285774005124,-0.0663770387356979,0.289727187596087,0.247132692591781,0.192190624049636,0.212568971679149,0.441159965907869,-0.104764369444524,0.150743312440411,0.175184267411347,0.247507690903814,0.333725465899266,0.157474426368337,0.0934655735511202,0.114891817808751,0.225972842630712,0.146177524625897,0.191866091186537,0.211875219046221,0.150081732632586,0.0883544411457936,0.111784533241094,0.40126034413739,0.228379728202892,0.324128154418201,0.242498359350017,0.442480044930636,0.225765558229756,0.0988802811199299,0.150446963273662,0.197998022376101,0.311897545709539,0.294802793342426,0.27889723987854,0.0594203127679322,0.138568153007034,0.308639384538149,0.380379168723937,0.544723175157055,0.40968341573188,0.171530962081391,0.214350423274746,0.228166081225232,0.283397864605373,0.214782882661062,0.0628875800897852,0.322303332329054,0.54256692108632,0.173347505410476,0.375947002715219,0.0376228747245122,0.369807235838035,-0.0132506813378413,0.49194655631804,-0.00941825908936755,1,0.369812409694176,0.21022072501749,0.21737794792591,-0.0967163042880402,0.0918863073976077,0.302460285707136,0.0900745449967409,0.434667415082579,0.180431474216849,0.106539070659883,0.368178881372939,0.371749748578192,0.202462122400992,0.432629775999969,0.330466390162972,0.165633563045517,0.120149728152993,-0.0797904370514542,0.44739578606585,0.19191596611826,0.359889638941284,0.340248767336526,0.467672352949296,0.21667210358537,0.0290106698670027,0.0202244207656343,0.202797383389045,0.151518372203184,0.391127502581603,0.261182982177755,0.249536539573179,0.301822083333773,0.262514414688007,0.168730526764618,0.0384838587588373,0.442607341602759,0.294618135072127,0.000477412801840988,0.224465926232448,0.228624135936101,0.192633536935927,0.226970354111395,0.244329373043605,0.262311685802398,0.417993605815051,0.379395043101477,0.371545344633555,0.305610472807515,0.147951234102806,0.0214036801722373,0.0463299872001219,0.13363797545069,0.591485546501938,0.114653126140444,0.309266529049077,0.327728973835225,0.0600996987060338,0.339155611428828,0.359387244517388,0.272790353061519,0.421582647883792,0.244890741736205,0.432802252747536,0.128829454092241,0.212038032985063,0.403267662210304,0.471441726802666,0.215759905692557,0.259754870763076,0.263323768590258,0.155709330893063,-0.057548241893054,0.482781928060566,0.0677991679593432,0.264046393912269,0.475984700612725,0.283891814935612,-0.0954462594192807,0.192015517454748,0.316985690420056,0.300845264871662,0.205343748258057,0.203120727587371,0.334679194155265,0.299106636422794,0.238186786877493,0.267451527048451,0.296512800016863,0.288993944189347,0.531901654729003,0.168510837617732,0.336013236409874,0.307520653677209,0.324084404203272,-0.016286646178514,0.150937187414203,0.252448989051759,0.370766031448055,0.296456459557648,0.441696998863466,0.336606593311143,0.299518391095284,0.357747762810317,0.236431629079443,0.406243271384591,0.339842477452326,0.0676617071351741,0.417572791054835,0.279738270587566,0.199098829879056,0.349552438579325,0.291958856030114,0.242222402748838,0.103511985987396,0.299465596731996,0.213828555598619,0.366476169240907,0.0958183493133786,0.267013083501366,0.147628696375249,0.217297705593551,0.365799722159236,0.416794669140209,0.228876832417292,0.26428930655329,0.527473272523196,0.317404479281267,0.0689161113687792,0.348351432306391,0.0745391364115897,0.27478266456768,0.262455381958234,0.233205576592526,0.172730007529014,0.236805722564053,0.228057897772306,0.171289374591681,0.350934285886631,0.0232893805220417,0.16969881968435,-0.0932113562859801,0.199212097940195,0.341950071872287,0.309102624009935,0.189371319396554,0.172686673453719,0.0703944003054308,NA,0.165659114866014,0.336516781518148,0.498720739353267,0.146383609613853,0.138395438886722,0.291506320074698
"ROI125",-0.140021590364121,0.631190566321603,0.26654459542886,-0.0381189627334017,-0.00720785175615875,0.495286201358405,-0.121930273007164,0.22148541681027,0.412021210074294,0.267850037162414,0.332193883254156,0.288599707712715,0.0412537608228278,0.251452574361893,0.198259751727798,0.68698374142665,0.087557312542196,0.0796361629911804,0.23404666457729,0.108596832539457,0.488607941013366,0.399082363646647,0.108747514084626,0.585134246102015,0.0790300295662476,-0.0104795291414115,0.21413315346959,0.0259084684967427,0.0390274081414542,0.116866593564113,0.131824110799143,0.126568523884937,0.598550561515324,-0.0153210463974533,0.494641577781675,0.373209668220796,0.304246932567852,0.0755679295046241,0.279397174323092,0.729403489245628,0.274038079002157,0.22700295208793,-0.0232952236119355,0.319500738323494,0.172180983836779,0.540402659819005,0.578582216062066,0.325106407274235,0.407375093771769,0.0606365370647715,0.335776754193916,0.252133190318085,0.215400368333105,0.489222263218734,0.272812531852058,0.210643883472695,0.059804661598345,0.288102715379728,0.0380223802039897,0.543433237781761,0.185446503202895,0.454576044467093,0.392246560120118,0.0286217092645927,-0.028716175729856,0.259333379459389,0.370027767559035,0.0569252909540148,0.371098337599496,-0.013116700478929,0.218138464550742,0.633599481231422,0.243038149300299,0.503040111460996,0.396831436851939,-0.0634447186233887,0.0791420194377318,0.234988226884906,0.236013422307391,0.0831868069665317,0.40876892814073,0.0722873965534477,-0.00987793415540468,0.294927477221926,-0.120097836849967,0.174641770133853,0.224779134859974,0.240747789825713,0.00207825789422689,0.192003378681103,0.0487807830446029,0.570558872028957,0.171921058672753,0.721269016585149,0.415757503854499,0.131916934105798,0.131915566687107,0.101686863622602,0.0340455750790152,0.61174557496752,0.396486495394229,0.153660635655405,-0.122934102798786,0.229829950962288,0.0880031998254548,0.176638889113221,0.700496396309499,0.239352291126446,0.225543879790691,0.166974881067969,0.240464032258991,0.252780582973565,0.185994173502201,0.288251579708351,0.324794113199607,0.0985191290116828,0.19304190400124,0.392538260787142,0.147579848935915,0.177106682965435,0.0822304480329292,0.648797723529116,0.171456021092996,0.369812409694176,1,0.210753640228722,0.120069706779605,0.100281734737156,0.159020141446486,0.210285835456851,0.330120819254811,0.349072778961287,0.070589131343485,0.250667464627338,0.663136127830361,0.359348585266202,0.118637616467217,0.582269392815931,-0.0325471523996755,0.127722448323975,0.108187233636356,-0.108025897667973,0.313590873411611,0.273503949853064,0.149448852943729,0.339818742777096,0.303813847432286,0.0149641541569169,0.18077340305667,-0.0593261561985116,0.237647655558517,0.410652779585411,0.108808763874388,0.0726786454179597,0.169076527271939,0.195058552679508,0.0710197923455052,0.0795733402005247,0.211811998210202,0.645850813916746,0.295531899255068,0.386915843331933,0.266924282661829,0.304244079846596,0.0616056507280238,0.247752968397502,0.300777692742308,0.181341908110638,0.150830645955073,0.311417366676518,0.306905431108235,0.0945144425798096,0.206405803622862,-0.0767988471687067,0.140008826947122,-0.145422565129827,0.316444528336168,0.186359751393493,0.323083649001103,0.41998162584342,0.107097001076529,0.312280664010733,0.132550278122297,0.257482677258148,0.103522575738963,0.32375819981151,0.350628973782098,0.150253234366588,0.172141360923721,0.439322536688193,0.367742780674482,0.286471779755098,0.451555860947847,0.548283342359687,0.162697216537353,0.0505975577204453,0.183548431163677,0.112017011841003,0.189310094706166,0.34936744740004,0.499526516633501,0.102692846353377,0.15251091984622,0.54985557571662,0.157756455186662,0.0243714248067142,0.0784667190923339,0.251138054501517,0.240922039489834,0.230093641702563,0.331816848117061,0.302799874047772,0.194793902202522,0.329715141014738,0.0408885553372277,0.264241650072326,0.277959174773808,0.143840822648532,0.102182925054222,0.226080653781381,0.409324457479896,0.197299980687551,0.29149293245284,0.239494564913615,0.311818936655555,0.363455631960946,0.206483754927862,0.0308908086285086,0.166838803575697,0.366583447148775,0.0951548500132188,0.356801656621696,0.278561920226607,0.151013998611265,0.112713261534976,0.276090572291946,-0.00103538933783579,0.175370259933299,0.327064564620651,0.00322298382954346,0.19225372078337,-0.0259454434622822,0.34018910388101,0.0883458268054029,0.0650576981381213,0.209967673740684,0.121445923290536,0.211351343148085,0.629102522782579,0.403138502263259,0.301475232246702,0.221766287272705,-0.00202894388137779,-0.0756055904058102,0.0925885870809551,0.250373436331571,0.12593871626395,0.48286531310849,0.211524230043169,0.166527964677892,0.188996846786071,0.0818320893706344,0.0657875837577904,0.0748560084712457,0.000658832461041372,0.0877983267149158,0.225003361647235,0.139527702240152,0.149209839201669,0.135219717526929,0.144448543245754,NA,0.10827130571838,0.320041633001974,0.322916674222284,0.275334461252601,-0.0428547878480065,0.0289777414146045
"ROI126",0.0955438913788865,0.382047570998197,0.0555648778716787,0.103182327667949,0.047158374113307,0.278429865803349,-0.0564887086627562,0.0160416634713449,0.105795910478683,0.181415995068565,0.0512162314574772,0.299544801830316,-0.0181602880338185,-0.0646765145022018,0.0215954353612156,0.245715053007347,0.0630261655397599,0.0450262595407368,-0.0698671496910588,0.214560499851938,0.164409196188498,0.222932932686191,0.0982773491364035,0.238572767485072,-0.0170889350727507,0.155399702965804,0.0061704273521047,0.0513647853410847,-0.00547516386028513,0.0306197012996711,-0.169713123877472,0.0838310926044788,0.352810152754659,0.0805278145361465,0.466351709093189,0.316230400874979,0.0466596769707555,0.585377933808027,0.152420772267696,0.28983764614166,0.0622026914877446,0.0106843305445089,-0.0634324810364454,0.198781900347196,0.197543111520127,0.361675134527673,0.254245701302551,0.0589922949262537,0.0743664247440132,0.211149021517334,0.236761363595968,0.111192255112942,0.0394922759203933,0.0443636691666327,0.0689378110862524,0.150228513616541,-0.0895221904908808,0.00111458561613877,0.0182955376883952,0.177449540116429,0.153064939321567,0.233922196089133,0.161257817580518,-0.0796487153912135,0.0351511189527065,0.262905440240735,0.0367800761070165,-0.0583787758123954,0.17602270253282,0.103135148654001,0.0758881134200407,0.333458131423512,0.544096341343975,0.23193177243355,0.221637174951959,0.0687683922473647,0.137920693630547,0.299546134189735,0.337783790756168,-0.0273188043176963,0.0836413046223629,-0.0135013123421991,0.123436826018129,0.149376248625405,-0.121738060230624,0.710812566792191,0.297733940753546,0.0793126395432013,0.190289885978886,0.069825483598746,-0.0135179188505218,0.102535318407181,0.0793161750760687,0.251760006071029,0.255193312041788,0.409578468485842,0.0115912919912431,0.0440860078573995,-0.0136317323163165,0.24956026857294,0.0530127337376112,0.43143418121096,0.149287234149815,0.243575302290395,-0.00650824877381874,0.150908015186442,0.31442388737614,0.230579542777326,0.0656390799825831,0.644366504481771,0.204329574367987,0.203106040754803,-0.161543753601574,0.104677881633688,0.0883787740249076,0.134421462129822,0.118972523640728,0.00306006596599805,0.145351742834369,0.202089976907804,0.123232378036628,0.327376171329917,0.107251963293528,0.21022072501749,0.210753640228722,1,0.0245907579193708,0.0810379065866201,0.139564918577147,0.57769456576629,0.280709487299338,0.124644330933283,0.0569177355929474,0.362845072328985,0.167875320296905,0.200359078781261,0.0595965512815759,-0.0311891314198157,0.109145599105244,0.0540637481791056,0.189956399749962,0.248056270635655,0.301062190780886,-0.0560542091966311,0.30779639776659,0.138375571351887,0.571376846154741,-0.0960713665236652,0.0940153159366157,0.420073687921988,0.0541753261758611,0.364579100974991,0.10621708482953,0.12015386838899,0.0933378657308161,-0.0141861216039286,0.0584056044609754,-0.0244157122913876,0.117469266617094,0.230125069939664,-0.0246193060073537,0.321731732131147,0.288267647401287,0.116317153933956,0.0994506029098693,-0.0117484856925566,0.0398965343718073,0.0746137640496957,0.0429602980025007,0.224457771370141,0.0720028868082381,0.134825048463494,0.118031855454346,0.192638656045573,0.0826314727948464,0.179595012302822,0.191554298220651,0.0304238309622555,0.431201006139443,0.126793030637207,0.214576140376167,0.109836134359288,0.0101331855004482,0.165171045976248,0.109033922017476,0.158630016544371,0.241942125458991,0.174585258454217,0.339493099411687,0.136334166054515,0.0731899816100278,0.271585471506989,0.416048001787654,0.349732232292505,-0.107377130535841,0.0845147462857061,0.158254236052824,0.207512789086418,0.0289899578056002,0.237962068785494,0.442692667312975,0.15153410248099,0.0333917819899528,0.264349019562021,0.130122523112697,0.0510978675873345,0.00491272322287694,0.124721397298509,0.310181727119262,0.196761097954227,0.254895771446603,0.373427303492178,0.0411509858206643,0.220228502092564,0.362720096696193,0.0578102699122575,0.0570923854944987,0.120037161596542,0.502263298527769,0.251877691622637,0.340013868223641,0.135566497364671,0.123523213075519,0.0723502951951657,0.191665564599559,0.425012516420982,0.0753001280063447,0.265011731900611,0.307137243811204,0.0721917055469009,0.0838129319063675,0.211026760718323,0.150124608743519,0.0304881729707685,0.144981170348491,0.473135748253452,0.137081381244928,0.311696880663161,0.0296459205187816,-0.162820480395029,0.129275234989697,-0.121727983362271,0.0893246035116659,0.0859166326092968,-0.0491173252794401,0.0311402523482434,0.343864520419537,0.3642994332711,0.251983327652025,0.255880246470417,0.160381636374694,0.0574736355786789,0.0513297844503819,-0.0520515573130142,0.00648605384450395,0.442293587615959,0.198768567015373,0.355871587757454,0.203382878169417,-0.00483759679285075,-0.0312207107155861,0.0304622082114011,0.107845973422125,0.0900073830163603,0.183045480906519,-0.0967370100993829,0.361702327696323,0.010886525013257,0.0162021603656099,0.0794578306695903,0.217659703424459,NA,0.0792518782371674,0.136104668923091,0.140485566406912,0.127377501192259,-0.162443928354034,0.0447566733542583
"ROI127",0.0354104983442457,0.0781273585524949,0.0328214496470517,0.283603259482607,0.131405537502016,0.0758832125983125,0.212935305695378,0.25432970445746,0.174071739652621,0.163652321498117,0.0306295811241387,0.114994097172977,-0.0757123416703143,0.0740192187947552,0.32902496775333,0.069163049161381,0.2949528658579,0.264577195964392,-0.082769070390627,0.00406879863841058,-0.0491388222341937,0.187682062666559,0.323353654414735,0.0601685487027467,0.0132325302653848,0.136031511344272,0.253818787891847,0.329320534579012,0.271741974123801,0.0955003208505255,0.00155132710340609,0.216875062739349,0.206110424602986,0.272061508536027,0.279582260750482,0.377420430260996,0.0396956998492557,-0.0233650533763581,0.374330761077397,0.204162170570676,0.184201456705387,0.475899086026664,0.187439661857645,0.242643898158398,0.300925471736854,0.0656532850544321,0.0849055988161043,0.481958910157021,0.134528392676006,0.253548168633803,0.216972091066059,0.169487484451095,0.519490779425118,0.173027941203449,0.363056578671325,0.16033866014391,0.179272697823514,0.200068150809205,0.185402168993874,0.201461745983039,0.0142874975620952,0.2950149830194,0.189704931823159,0.18764351753924,-0.0185022989282003,-0.101243403698426,0.0563374452777066,0.0453048594418452,0.0124293401813419,0.130159495073785,0.225775611477953,0.092154608165437,0.0252775794319898,0.240153339038826,0.241514400082087,-0.00870872463152917,0.222770750795207,0.05169509599192,-0.0378697446650958,0.249506884423791,0.0644347750179296,0.0793380321538393,0.092229314776677,0.427666540151052,0.270043523372748,0.0116903300683721,0.30410256552607,0.0523337251938862,0.203470574166766,0.110270372396284,0.143626834104721,0.129425249243645,0.16266640736501,0.145619103444879,0.193544032402512,0.17342463555052,0.269201336629817,0.211422056360852,0.322908119974885,0.194834945570376,0.107308060188797,0.233546713638601,0.0495774035936354,0.000675406436363784,0.268103956690801,0.4173028475906,0.139713126921454,0.405024289027572,0.094425321630845,-0.0147253508419417,0.112421528445101,0.296073501502225,0.143573859308658,-0.0147554621967377,0.235678387964393,0.16607284834531,0.471265252025478,0.202362771623657,0.0144261896059146,0.218690011307583,-0.216783191140852,0.245182585778112,0.0120774899930706,0.21737794792591,0.120069706779605,0.0245907579193708,1,-0.0123213801899584,-0.00451841807322454,0.0248033826283453,-0.0409956844094812,0.493128719173824,0.272680653418955,0.0648526136709516,0.10265651492323,0.58097192630265,0.100794488450373,0.268895583870652,0.266809905822758,0.100195188047126,-0.0171944418030996,0.0671051553553861,0.182196957998862,0.110496387034948,0.232347502196476,0.164347608290201,0.18952145732727,0.191004642556465,0.160232646160253,-0.0355704914104642,0.0960322360165908,0.147810752260533,0.101880005875057,0.201113725070168,-0.039350315206031,0.703030384052252,0.290780104875542,0.0918433640942772,0.180679232151639,0.240621449899882,0.2438066731031,0.0844066410385186,0.261978451724713,0.196992545986483,0.249443051186023,0.285237252866262,0.148886403431665,0.104049621850464,0.249088656400294,0.115816898058127,0.0965194215666469,0.315268515462035,0.254835611900038,-0.0620787919488944,0.022897345137582,0.104251258354516,0.254236843319344,0.151134022337776,0.166426180606707,0.271038135624968,0.130692992647979,0.179218504928337,0.318768406402822,0.0400183731233066,0.345257878978919,0.047056504219627,0.251201363267953,0.114436712792739,0.226531581707909,0.432688755557201,0.396543976563018,0.0904937077137945,0.255264011560541,0.108819488584783,0.191315495988877,-0.217960020471309,0.254671326246085,0.264017374336242,0.367997750358228,0.134229106161863,0.143575497945868,0.0597814713566853,0.281918848205512,0.137341034818948,0.34350607384701,0.183278104907513,0.307027472204406,0.567219658836474,0.279847315279451,0.290478963431062,0.0712234157358107,0.224872452579324,0.419228556566982,0.334431954388026,0.129055356522403,0.317798385867801,0.246092895626842,0.2128220879743,0.0739055884316302,0.115612285103337,0.207320370832077,0.31059264645708,0.459817483473094,0.31343134175891,0.130222203300168,0.0678026453180003,0.5422637512585,0.0990333836398005,0.320174502355951,0.308482893090878,0.0462880550425563,0.297297856521821,0.302058696829059,0.250127698394121,0.411972647779377,0.108390875028831,0.259779179237799,0.102655874378082,0.175451633798184,0.216800685003581,0.355227407973309,0.194830414373185,0.166135880752262,0.307491811935066,0.249636896330896,0.288067110121421,0.295877561886381,0.099488437858334,0.0615001724650781,0.255312517673399,0.0992158359534009,0.0668384252957515,0.204065819402519,0.252139301821763,0.14735588659869,-0.019439224781858,-0.157710396681191,-0.000715458072693182,0.0958559768207769,0.0213984723907476,0.165361964250245,0.271401031125455,-0.0335468926982406,0.289454791984813,0.149981061303879,0.265143873585611,0.0153451490476734,0.249411472910594,0.216160112964827,0.437283096243674,0.0734919396942873,NA,0.13218988692404,0.0167836893707333,0.31466675863294,0.209787724433857,0.210895264704263,0.277363812409479
"ROI128",0.335200986035166,-0.0160357485482657,-0.0358235869579537,-0.0877996946435748,0.158034662965956,0.185921752687676,-0.0935158269046524,0.144772123022158,0.0842540804552782,0.105834606640587,0.266772758891033,0.181648789764244,0.0489847595280615,0.142373779648818,0.042691352354634,0.144144588970574,0.000336290924177646,-0.0838705906954856,0.102744273767528,0.180352844377237,-0.0335804544597812,0.0590735702367467,-0.0297814058690867,-0.0927043106338698,0.356877917775602,0.078257445967161,0.229574956236891,0.0142223411422813,-0.0668139854376121,0.0245910414681906,0.182933824734032,-0.135372594372052,0.0512965373211858,0.00873193148271072,-0.0019625108302161,0.0558239874038045,0.0039999973110022,0.0875637713188032,0.0192657691811161,-0.074116606384011,0.141607671617852,-0.014828246979556,0.254393935587332,-0.0244055038796459,-0.0359916740825113,0.0237109020474858,0.0316023717963985,-0.0657735064892658,0.173031011333766,0.0999192896040891,-0.0684598984286415,0.366580943070814,0.0772091508315897,0.127012267649657,0.046385891639362,0.139982186200141,0.0521137205255292,0.134330885494595,0.147621667253697,-0.0814996539480892,0.182454212087594,0.0160032360752301,0.0265194082357896,0.158453210661435,0.0826131171730965,0.092502669116456,0.363080130398466,0.164671178183876,0.00571213418005599,0.232616328960768,0.12842112817115,0.0210563869893969,0.0567241042431131,0.15735583459081,-0.0750948277505018,0.0989960541920244,-0.0664356818169025,0.0479307487028808,0.0504517804463445,-0.0694807092794733,0.0282070761221587,0.358593661546909,0.275000206595567,0.00410650413632473,0.152374920764623,0.00979908265040865,0.0942193807571305,0.315770953605212,0.0419777234700329,0.120557131676231,0.101708864006999,0.129539581024913,0.168052221041374,0.0889364185707876,0.103063260158922,0.0548528733805729,0.045611247704465,0.415597542364516,0.117970595020355,0.13697895139483,0.156609426116574,-0.0106540080363599,0.00659230070114972,0.120136747550464,-0.154577035468129,-0.00413398865045767,0.107132884354514,0.0513455194430395,0.0960092775703805,0.0392595848964869,0.199398561192054,0.0163530449377563,-0.00178547788673446,0.283017918551679,0.0788785902291787,0.0126137331930499,0.121423898464605,0.142348650832649,0.0979564557303034,-0.0415201957397957,0.0684317205960683,-0.0631368121692217,0.0663979888689705,-0.0967163042880402,0.100281734737156,0.0810379065866201,-0.0123213801899584,1,0.139377744891502,0.0316551717959624,0.105046084977864,-0.0198435985004895,0.104790853641285,0.201206547131736,0.0688161812188786,0.0150407539800172,0.134687580836076,0.0487213068137015,-0.0232136794291792,0.171202041361595,0.0132847075054754,0.00498658494935242,0.0505422991931048,0.147434625476855,-0.120136666533853,0.12272026503639,-0.135868891993735,0.0627541970087242,0.699860856888683,0.0166438139431187,0.157840419560921,0.0530670380223403,-0.0992245182729778,-0.044592465186422,0.0813484780628965,-0.0221441292996339,0.0625075785147337,0.0371754782087206,0.104056119972349,0.0194117319025375,0.118237031316104,0.0625754317537883,0.0703989477124745,0.114804200906621,0.0278712946259818,0.160801759663466,0.249138603868427,0.127509915084972,0.037200046444703,-0.0998214156576723,-0.170012665268023,0.0935504648972685,0.294123754478822,0.0184891192513612,0.0832177451474456,-0.176383340485123,-0.119695270243178,0.0506437491833373,0.0710102928434718,0.0942388082064397,0.0541677509335302,0.00623421842552152,0.017281630315152,0.102358235449283,-0.166942457528062,-0.133964443748773,-0.0966067545995972,0.00623990790270669,-0.0415514489784027,-0.0668968762661387,-0.0472585423026821,-0.118783408015587,0.0804322441911125,-0.0391110445250965,0.150017149035496,0.0405794124712649,-0.12120611242188,0.0440552278207444,0.0993637124253918,-0.0625214254611408,0.0596679326038666,0.164404116040292,0.169719597563193,-0.00906855667559999,0.0533369999400875,0.201384857326237,0.267854819822647,-0.0550589884044422,0.0487186469741457,-0.0849600544936532,0.175895618155709,-0.0921767905575927,0.0244639457882554,-0.0731238552119831,-0.0282215838477879,0.203524246918833,-0.0439140283243289,0.0496026050633,0.0963021329794457,0.145301268921669,0.047058156815321,-0.0658604328297917,0.0290150392669508,0.0280131783939922,0.00279208588803503,-0.050094892316958,-0.00192958332778819,-0.113000257819718,-0.142752856217949,0.156609485433063,0.0448671844471479,0.0538844203699848,0.0542011942353571,-0.169196661139772,-0.103123729574819,0.108763458009946,0.133392965818317,-0.0412766003923265,0.12907876655068,0.0199218856295745,-0.0612590492022691,0.143125528889687,0.0666919440796019,-0.195012421864217,0.0231988773970644,0.0701684726596899,-0.165205930389437,-0.0810440784142286,0.000711210476028694,-0.122179385281118,-0.0158073270045316,0.0480874712565062,-0.171631876886122,0.181411775557483,0.0633301661967324,0.134400843667469,-0.0671219429122257,0.010307342092026,0.0497529603888814,0.168330181591233,-0.0186380228297425,-0.0459995091986836,0.135629948915774,0.142886368589626,0.158394287783096,-0.107649730564984,-0.0481560828037829,0.0613675332352674,0.235013041630731,-0.0273459439121725,0.0871675044636663,NA,0.171595405822222,-0.00345664183729419,-0.0731419213921543,0.272501732111259,0.172520851450659,-0.0340590915795086
"ROI129",0.043269323721864,0.218688554794621,0.0439408585590699,0.121768612935611,0.0370944439688248,0.407858889416893,-0.00248019324241083,0.0638537288413758,0.0320984754667831,0.21338033813205,0.0742690053298363,-0.0629000306236296,-0.103110759521273,-0.191224809228384,0.0453820828312307,0.0427988943657192,-0.00562251586037359,-0.0162450848786365,0.0266143325885331,0.149446326113512,-0.0121265507423354,0.399624622851117,0.124375946775757,0.0652960167424819,0.0804210262550468,0.0401123787519787,-0.0673809579853411,0.00573146997256898,0.085489724843826,-0.0291193368419522,0.045702702106967,0.0744837168397597,0.315654334657772,0.0179628353679924,0.178983501808562,0.145943233396728,0.0739979078602623,0.193147863864487,0.00376395384102101,0.0813355524925968,0.0460299944801683,0.0231920585496358,0.1988515437459,0.178043221300412,0.168375711055016,0.270714400157537,0.0607370152481201,-0.0264374352718422,0.070778031335199,0.068088580119747,0.0389548142854674,0.172634994807242,-0.0830383974752806,0.106125574100579,0.0470860683629832,0.0930845223083652,0.0209314855834134,-0.000696670795628645,-0.00763846649628655,0.0151528046686462,-0.0260035603011596,0.241223117994111,0.16022692089875,-0.0793084827667354,0.0968915971587655,0.1081303985709,0.15180355417205,-0.0823389496270999,0.109341959674404,0.0908311557010809,0.0633735372991335,0.216132916898854,0.159011054797914,0.382523007962817,0.0321770205983114,-0.0640572850160484,0.0914967993022831,0.471511459786996,-0.0622756737561328,0.0979157434272715,0.0323671682298527,0.0253144873695494,0.0949844616134546,0.0689615949902121,-0.0311310113784106,0.223201290783121,0.18087433336412,0.0943640813094906,-0.00121466846765854,0.205374905238814,0.137605737508877,0.0461445724295317,0.0451547485921099,0.186577545887955,0.0631047194890084,0.150635972105106,-0.0584575073336197,0.00654501859430005,-0.0176792103714742,0.191229079543607,-0.0486269475188515,0.212679500741712,0.0948006383143489,0.183509250054606,0.0677730689391066,0.141677500501386,0.36253811583459,0.0647830864559436,0.113003767521314,0.123182906470573,0.217464589101023,-0.00771034549837109,-0.049958783342101,0.149108832193246,0.075438173251679,0.0338575627969089,-0.0241087670465536,0.044651017846716,0.140136747777925,0.0652775920231875,-0.0141544961048268,0.164388597328857,0.223227284965713,0.0918863073976077,0.159020141446486,0.139564918577147,-0.00451841807322454,0.139377744891502,1,0.0661847582550653,0.357006092448434,0.0196729827512303,0.0211954602606537,0.279783477893535,0.000658335568052197,0.13811651677022,0.0766792843091122,0.105526791782884,-0.0618605107989244,-0.00400152389519491,-0.0658785642654683,0.0337086647482068,0.0618768716631408,-0.0897276417786513,0.083367116677113,0.116928980536633,0.142459414712884,-0.0425886405355842,0.0930867559863708,0.0533578604107671,0.0937032732109273,0.148579262624695,0.00634185380035712,0.0299550896446559,0.00268959265435728,0.00378106440030877,0.108660883947297,-0.0441752716244985,0.034690712688492,0.145400063150365,0.0587548987235133,0.114248335120856,0.213378400457531,-0.0688548890196173,-0.0664387519033514,0.0197529593604876,-0.0180779376660297,-0.127362789276663,0.0132733791343835,0.0449342648495205,-0.0324283250099223,0.103620846011558,0.0715728435642815,-0.039229830036489,0.0237116013940901,0.128410392555214,0.0489610593108242,0.00496623705515416,0.382677623944782,-0.00188141633337993,0.174088896734545,0.0707510367625514,-0.00883240746223683,-0.0675799658612464,0.12446611804855,0.0584783146153556,0.174612442361895,0.199948121955293,0.175616663943726,0.0584046860029498,0.0172677274943343,0.107835672878235,0.240663760554504,0.0769182889415347,0.0660272525195513,-0.164728009019703,0.0872853755328512,0.15256454636668,0.0125139096053237,0.096227074662331,0.188274414611049,0.0553402133898627,-0.0394040501311837,0.133474429614999,0.0327482985599062,0.0230882732548933,0.0158475799900218,0.0791491420181868,0.196225617571393,0.143573990199381,0.0456858065287731,0.166664914230296,-0.0186148318456343,0.14515569295055,0.15693494353478,0.0951455957666659,0.00813722489322688,0.0820435814057283,0.137813510639558,0.0749940477418107,0.184548929432678,0.215008410267858,0.0473393077004988,0.113702209237778,0.106444290820477,0.155477636924766,0.00606731690441406,0.0745602508632481,0.15264155927338,0.130780681602731,-0.0527153075181096,0.163698190387391,0.140533608020288,0.0179733419370236,0.105378543161048,0.239659889446443,0.0427409081095105,0.130482767995724,0.0447922022973914,0.0319791798362964,0.0582670959305817,-0.0426988984806793,-0.0400359532681487,0.00158907744323051,0.0556017932901962,0.0335795479567645,0.184213104232869,0.179055830656167,0.0414461639648641,0.103905957614243,6.31667996439883e-05,0.00777266691049952,0.0635972823534675,-0.0139671366652165,0.113895803468499,0.0520615982652383,0.0313394168914494,0.080355509219674,0.0973865288857479,-0.0205379065337976,-0.0327123681672827,0.0270890000443532,0.093826447692682,0.0614925945790008,-0.0547985987704933,-0.0239191809929437,0.14837482055232,-0.00911846620766322,-0.00274437690683026,0.0581602129705856,0.172650303989054,NA,0.128857753793037,0.076268130015576,0.0661716633599535,0.094931318726388,0.0318312618567202,-0.00941631660225618
"ROI130",0.0522633222837039,0.307696342186589,0.298612106316425,0.186657215649557,0.0786009726016829,0.303841531901307,0.0397898592016888,0.0927206268047081,0.201435593887393,0.256964956062209,0.0764399040665581,0.456306798758936,0.0210144738399186,0.132212317072082,0.11557941541683,0.194270441671478,0.124148815455288,0.0708456347183692,0.0317642990252064,0.2510126442902,0.263690305675164,0.0399796612545675,0.200777510226603,0.321680653202968,0.0018934928214838,0.134475233714177,0.0222429369541137,0.135437444240924,0.152946635886828,0.0116558145732904,-0.122512448494665,0.204507337644242,0.263789809533297,0.100296679076289,0.415995776255516,0.342893196073398,0.252533833149933,0.565595345369147,0.317374483396236,0.442959642880996,0.0876768587939799,0.0371371754589766,0.00349702972600173,0.179115531913354,0.209885022642787,0.33906721224356,0.2406196995058,0.281465190672867,0.166942645807284,0.207873344531428,0.328702357254539,0.0976140148436396,0.128082295922747,0.123500826949717,0.137755585950457,0.184898174319524,0.0697849957190462,0.0817428098479573,0.0301882734917317,0.268009900454975,0.204016191436076,0.157362672373208,0.211258476588153,-0.04857134500361,-0.0608266140406284,0.280987506678398,0.0331745941713242,0.0182950164613675,0.211691284582262,-0.00789581844282564,0.0490417072359875,0.295153500754467,0.546150366656029,0.160877647593282,0.217265616644703,0.0214026858406035,0.0665600596229009,0.299465216034456,0.419848604245436,0.112363168904165,0.20201692327426,-0.102738606580596,0.0676440129220039,0.148412145401455,-0.0245559590906395,0.610657215010809,0.152161262919092,0.0504631760199646,0.0565959325272807,-0.0466418294559339,0.0847594905674384,0.128440185731256,0.143164553338923,0.22155842803741,0.284797544379347,0.348801300171901,0.05631238354388,0.112919163804976,0.0117741596692297,0.169550887046803,0.139104927617575,0.377229969387493,0.140632344311467,0.454490201938635,0.100430507311735,0.22917797029482,0.225214172702697,0.322113281304408,0.0885923620160695,0.708686578477253,0.116994882173715,0.162752554303329,-0.0323017360261306,0.0878359849658839,0.189294715813708,0.177959170008993,0.15594479941678,0.176624389601025,0.0857536353585646,0.321178592041975,0.139792765413668,0.332965360718347,0.0772981176753086,0.302460285707136,0.210285835456851,0.57769456576629,0.0248033826283453,0.0316551717959624,0.0661847582550653,1,0.227851412171616,0.235076345817501,0.0618556430008164,0.261134066162811,0.26915439385562,0.213764100076392,0.142921271889849,0.0957460778415606,0.137551540714176,0.0748443369914788,0.202015912822066,0.229863801341472,0.290093958007899,0.0462300987794426,0.26267882694102,0.235358441294469,0.530780389722999,0.107262421117792,0.0743370016234046,0.443246384803795,0.136839623967288,0.175813316992994,0.242792659513789,0.185828525032041,0.0915567045681441,0.00887376628116718,0.172086756354573,-0.00702801654819468,0.141548033266429,0.305666310612741,0.0656314269515662,0.286059499032122,0.301983045162904,0.206502388057257,0.115231846510622,0.121037240576988,0.115164252044063,0.197219392140258,0.149932405221421,0.376074527132385,0.314477220853553,0.104948492825425,0.00443063869467551,0.166383944602188,0.139206318804593,0.0227521019833389,0.281035130622375,0.156872056963554,0.345438477006571,0.157302941010511,0.216297843338306,0.241784606255447,0.126469106877736,0.295512171359109,0.242330234009172,0.302246792537127,0.207251801714959,0.221831624689115,0.341532020575578,0.237581584493841,0.190894136560065,0.28569526321592,0.317770700743583,0.366730022322937,-0.00509142492718619,0.0876344520344319,0.309634841040952,0.195278284422882,0.109041912067422,0.453942121943603,0.37342722420186,0.169344940121641,0.0589814351618376,0.303811214602293,0.181310886679003,0.0273464524605029,0.0442129111098766,0.204836794687788,0.20539184655326,0.207547968101325,0.356732539891507,0.33077668658769,0.133138659522804,0.403455559646238,0.29913487681809,0.0866675430378858,0.157894004308342,0.15467430466047,0.346355338682259,0.378099963031891,0.278795604015425,0.273174413864299,0.174724157651277,0.207951083489701,0.397856137228829,0.468147449835898,0.170550205673729,0.31765652036597,0.280110040215084,0.18671834515515,0.332745819322418,0.270527209848296,0.248416522557394,0.0822693948370286,0.160612647309521,0.486346420384912,0.0750602642981854,0.289062527892907,0.140664319772787,-0.0227804564601782,0.166012244702694,-0.0136590183686854,0.126024142316469,0.0281512848134218,0.0192032532631985,0.0959188045354963,0.313327627212948,0.387038633483581,0.259833121018092,0.378799571012427,0.335750072023014,0.169522941003806,0.169940310782728,0.0681797093138631,0.160307991522907,0.515878764412418,0.272667275248736,0.405451477521061,0.254464828224445,0.108886078528648,0.0951156037657962,0.152244438494456,0.113368639418691,0.0106629900945075,0.146065632607209,-0.00117818493606703,0.433899912205158,0.111893423994466,-0.0763956660105103,0.0697337892770269,0.234821685583339,NA,0.122616539061049,0.342629141589497,0.393572781807902,0.063405430389387,-0.0655309062632983,0.152085867125367
"ROI131",-0.181835561411638,0.597512997829229,0.00102814042769765,0.0733372785811547,-0.0785363482569988,0.585457801400111,0.0197298011368441,-0.107181345043687,0.0631106470056765,0.279721583004354,-0.0216388480646365,-0.0249750072799313,-0.146728657102144,-0.216736295311497,0.051706594354417,0.210165033299641,-0.252255581907343,0.0604187314845171,0.064796018742484,-0.203729126897732,0.444262425859106,0.45261042306619,0.031862737264932,0.518910865337585,0.0498617338216005,0.22466080632474,-0.247677159549183,0.0613252646498014,-0.0536542527309066,0.0227974586583684,-0.130925226511249,-0.0249859530694595,0.551856142502503,0.209368705812546,0.25055856373646,0.0737081473271783,0.391508581821871,0.251808572899419,-0.128247656439134,0.213117862330064,-0.0447964242328346,0.01245348851152,-0.0496095066939414,0.37517169178505,0.0821548773718272,0.585114020153003,0.297366604314194,0.0981725324260104,-0.0891761019946973,0.181905160689589,0.30330922901696,-0.00602190054087785,-0.0915747920258616,0.350119080404723,-0.103816474118318,0.219928285801068,-0.137796482709349,-0.169908789557125,-0.368706067117635,-0.018593458414516,0.0528354698659161,0.474547146595135,-0.0474704148221468,-0.220110778531757,0.395663692438419,0.335809516752419,-0.0303835329497414,0.0179219656817199,0.636223956616377,0.0625243899813236,-0.0442972385201382,0.658450054599386,0.142013563894297,0.38063763237215,0.138096626741101,-0.0202775204870844,0.219247660721225,0.636065543630002,0.0175887502482324,-0.0946377268666604,0.461150034278361,-0.184285487049652,-0.105248379735117,0.223868617930751,-0.166692322899077,0.41709865009025,0.214856716823294,0.0160117147117749,0.183539348010267,0.0194152219490764,0.170349749068061,0.151380074810315,0.0798665574131868,0.397037113791826,-0.105601662497646,0.230766500424237,0.064753070387793,-0.0948946794489327,-0.108248519838834,-0.0252196252323729,0.0399496236738415,0.288241894167003,0.407472862372575,0.0853141501597241,0.0681987493795018,0.0485816919294629,0.453483927775475,0.0654681972187387,0.0202359136141854,0.334692857778197,0.107420484078118,-0.075138982557902,-0.0770031095092223,0.191968158765693,0.0288750404900502,-0.139964348322165,-0.00431973792867994,-0.0340398347075826,0.433428582802589,0.047213511553533,0.0478215840136481,0.309001513109327,0.404254080270357,0.0900745449967409,0.330120819254811,0.280709487299338,-0.0409956844094812,0.105046084977864,0.357006092448434,0.227851412171616,1,0.0768949990921053,-0.0543305946213729,0.13847941155011,0.261169119953878,0.0697866692184854,0.27001859808445,-0.0129385351379569,-0.119436114484715,-0.0274706273648067,-0.0747575767980429,-0.085179418287563,0.111788373778304,-0.103218951288479,0.380857514424869,0.138793174243344,0.306764281407859,-0.0446115845407001,-0.103101344700767,0.142474294300882,0.181265724150453,0.371168490251847,0.0323141010672518,0.152998948887078,0.12763628759395,-0.0115615239261462,0.0325097223036501,-0.121007446632738,-0.0132560693936992,0.226273059801465,-0.0497099289401578,0.0942876374128051,0.274670959360356,0.225536949026062,-0.00954296302164791,-0.0182856548338318,0.0201022671984921,-0.0678808173431398,-0.186387243001501,0.133557328189829,0.361036221060761,0.0372810618087787,-0.138542695840872,-0.0252433522945079,0.0814369244814652,0.144876339547321,0.0797507361065427,0.0089371120295356,0.368586917834979,0.11640676989379,0.328687563138999,0.33396457072315,0.0239826722110637,-0.0284718116315609,0.0301860173817997,0.560363906535902,0.229411994992806,0.361961324270991,0.471586805716109,0.24818292955747,0.091876098410751,0.58035181562601,0.448517906930637,0.552714764071109,-0.20951474533024,0.066951303253746,0.185688157691521,0.354675187699271,-0.0111596991025189,0.375462916096197,0.362115941633741,-0.105204028982859,-0.0283388144162617,0.368009241418595,-0.0286199373935642,-0.133869000696064,-0.147455861489107,0.103824883194422,0.0272866132015956,0.433125498739326,-0.0231713234344315,0.480781970377577,-0.0152913385922045,0.129520564698768,0.406377880810911,-0.0448436506172385,0.120721701762243,0.07895134355369,0.138678722087763,0.112956676225585,0.290443027970453,0.00879618633659493,0.0959683791864069,0.0688197773178269,0.404628329089979,0.594948343255747,0.0875373134405402,0.542836977585171,0.196258094396589,-0.0136445781436152,-0.198443833975338,0.108007344991296,0.214834375867214,0.308481165051383,0.0339565949227844,0.178112913615886,-0.0124064678505759,0.529548920743132,-0.0493746177590448,-0.155639091631642,0.0545366075883574,-0.0689047350828188,0.0623158718229174,0.129646768650476,-0.137671515219698,-0.0786631006930291,0.0866522189939659,0.62133655551095,0.380799948140986,0.243725404786128,0.321334772927545,0.15935053062793,0.0633744098500164,0.0232179707066071,0.0355690667395381,0.0165746791420492,0.103324082243138,0.51060532240044,0.438200807994446,0.00313214783605702,0.0229696787519142,0.0160599422112023,0.234768772387129,0.0533201103065503,0.176957920588055,0.0560946944911591,0.637892404564515,-0.0398279230860434,-0.216136925806768,0.198399181654797,0.527213848938652,NA,0.086415027327719,0.107844563059517,0.162192762738469,-0.0936393549738242,-0.196654822219172,-0.0116704996806609
"ROI132",0.0784968415380685,0.139972467563512,0.183441438197313,0.414491739789404,0.206409291618943,0.221940741079783,0.294567616057989,0.455838468182021,0.444389807075981,0.216699048826725,0.0574646300955175,0.302364977565077,0.0796831650797991,0.190561226590771,0.552476724491644,0.264174091575353,0.466229711822706,0.45233367201701,-0.0260419920581954,0.182699674624392,0.124123366318383,0.175463477801599,0.39938218364897,0.171380008513832,0.180728994044778,0.22079718218632,0.44442288863381,0.371024809366385,0.62310465834097,0.119886250493753,0.191372533612834,0.427225248993893,0.208671841347953,0.388602462132949,0.362065221134203,0.717445075916008,0.20604281720488,0.115191348235868,0.737553366174753,0.551176226036338,0.532622499163616,0.588631592854979,0.0706163742201515,0.33900909421086,0.534161485813607,0.0568831694222012,0.193680685786361,0.799013884570079,0.291736597019194,0.391450784412672,0.30990128944407,0.118926731845477,0.592681645715981,0.220041237716389,0.733495237533154,0.432975821582325,0.290625430067176,0.350378438818901,0.306185908909951,0.494370964305588,-0.0234308662281857,0.241793501792916,0.348473963477806,0.368258649198141,-0.0705837900581067,-0.0420271974913881,0.158233149229821,-0.0273689819025643,0.19416495030754,0.146550407716823,0.442824491463342,0.127493619728917,0.0501275703057247,0.217300586812448,0.379067482012776,-0.0250129100905113,0.331744980627271,0.00535128809845803,0.274481477290289,0.534147103552181,0.158086466222121,0.224376051213158,0.248450071819544,0.660695123933178,0.305924710480418,0.0519020014270583,0.313845780653734,0.218121877616738,0.23944220250107,0.0912580268064346,0.195335378926773,0.207630968168577,0.470866412479093,0.224019158525655,0.465436846215108,0.0268958884992954,0.347373426165464,0.295642638982244,0.189895941156368,0.398727787317529,0.35928870757792,0.249487864166032,0.00728176098362741,0.0524298768042916,0.386773966747978,0.654658187435739,0.226435356756013,0.538180621874447,0.0870555643557671,-0.0159659283292037,0.0847714724548295,0.392912291982208,0.303020470057378,0.089110606927053,0.450028997511854,0.30915780131654,0.634296465396302,0.360567465492799,0.0692466667053594,0.274994742262342,-0.336955757606507,0.355470435247787,0.141083463032065,0.434667415082579,0.349072778961287,0.124644330933283,0.493128719173824,-0.0198435985004895,0.0196729827512303,0.235076345817501,0.0768949990921053,1,0.353537624891221,0.104126788854082,0.399125685773091,0.71546270279531,0.18424519533731,0.350174893692928,0.384134764346225,0.324109541888625,0.0553569174115335,0.0567290818793873,0.407939563443933,0.198428691317636,0.236073111184212,0.526905561185369,0.362596378544294,0.327452649639311,0.184585514570651,-0.132859275880497,0.284586397190644,0.0543253019515665,0.315852744910168,0.393847384700322,-0.00132981551912656,0.654550881067951,0.565393855960853,0.259294188888518,0.205268399185469,0.455264075307302,0.255080744508324,0.0867453556434017,0.275701445586216,0.408530243475795,0.393743236287394,0.439591275867331,0.331879954847889,0.286623776551938,0.353736974575843,0.206240551733591,0.347173394887841,0.420654979783529,0.349035201110113,0.0892018239322182,0.0912033941926803,-0.13092139754598,0.404214753143496,0.254872183492305,0.2814535257007,0.363777386556448,0.285122425603742,0.286084142630363,0.576769487404087,0.0818492662970008,0.592940096341649,0.136028154770855,0.2333030894939,0.0971046060187718,0.185598873125077,0.832949889800869,0.668511576344651,0.169914180906937,0.344263612621633,0.156796248758585,0.336638461465749,-0.175875548567767,0.510080027480889,0.212525453119383,0.416693919557863,0.313783793700318,0.273032388201743,0.00780626497467602,0.495643498678953,0.303342237228823,0.578425128561529,0.284341682009715,0.334163960274965,0.734440867852972,0.271523735770004,0.379489267158043,0.190210410437498,0.303719208816592,0.412730584575214,0.773186815771125,0.195233080746556,0.362149039803704,0.394407603503667,0.460342384169848,0.0446083028120692,0.317602566483991,0.266963742422691,0.56178966335436,0.711378478411645,0.73302709853492,0.287468917991288,0.191659010181894,0.62343650981391,0.151098411966274,0.449252579174662,0.626340521346622,0.112765374816676,0.654908786327796,0.308416230364682,0.335275469806289,0.492106957078846,0.0947673569569302,0.29850507878592,0.08963143280132,0.296587103176477,0.515224576054104,0.51359453026881,0.338746995431659,0.356275980175982,0.182735516083658,0.462648925394148,0.528044239265894,0.481945726826549,0.138339055497322,0.254928408385242,0.612236652670659,0.203973661381028,0.238361305344673,0.327145245259551,0.2401187036622,0.416324580222689,-0.0433211358229791,-0.145472791114433,0.100186994539939,0.203429891693987,0.0498413547075966,0.279865965126878,0.517943314129297,0.154019183453603,0.398098880021412,0.146073065699857,0.332184623619153,0.222758037991546,0.481067264599587,0.380032363793853,0.471859228870623,0.178224295201369,NA,0.196286759937357,0.231141198704244,0.694457956522897,0.234143176376344,0.327419633851666,0.525215047632972
"ROI133",0.207110938271436,-0.0786164562751846,-0.0261588775032978,0.325211503499129,0.337059244945721,0.136193768686128,0.330765507516886,0.409346287667598,0.201683816763001,0.191106962575809,0.172611963686283,0.132808759549639,0.0586040898888357,0.188294811976522,0.438364184966719,0.0833058930106722,0.377186240467133,0.369141481105518,-0.00139772974959465,0.162534799635121,-0.025296566623136,0.278905379364471,0.349152715245834,-0.00032723220683037,0.0438621603181574,0.362576088522251,0.360646909977575,0.399649847907776,0.280242252740849,0.259675743772382,0.0984507325677193,0.252531984646292,0.12130429057947,0.298697558794623,0.241632232542137,0.260752762468271,0.0396806708062991,0.0446162371685117,0.297745214258897,0.120952175763853,0.197132967633235,0.439449410087324,0.230228438446696,0.31017438261454,0.262336244427395,-0.0431989676906933,0.0186972870099135,0.254355441329287,0.225605547674294,0.398878585243969,0.350524227264329,0.141129083770881,0.351427964379789,0.100920974572722,0.391497964224746,0.379457366355103,0.316998636906546,0.485720701093156,0.314439878571616,0.216971922672363,0.00218030356048483,0.238804919112157,0.218205788540799,0.31250698707793,0.196530304353005,-0.066695068610264,0.176202452344565,0.202454409896569,0.12658379358158,0.379595632489952,0.407089752343957,-0.0449719330727418,-0.0586904486293038,0.341521144191121,0.282929908065447,0.0916553117567608,0.385917506231226,0.0261902399289302,0.105988674218046,0.247185013092594,0.156989202349614,0.276455281148318,0.407314727266078,0.247625865777088,0.364120781521468,-0.0415512769364895,0.30831881277804,0.147938819349099,0.511219282793639,0.155118911664395,0.246614009647756,0.0693065614926831,0.409176825752716,0.000840624889173972,0.208440807420411,0.0913670089948603,0.347826865626849,0.331539152224384,0.430380891308168,0.271744842037887,0.15608014908238,0.16152137396434,0.0216662183903456,0.0651938349376312,0.294181005311907,0.305658679176161,0.063924069413849,0.247751537226896,0.17933803988866,-0.0571772710889436,0.0594909657256162,0.32877776691943,0.182075845581742,0.0880483337447792,0.416227248129554,0.243093559988512,0.356647288943823,0.1622667440676,0.184865800317933,0.255550782181079,0.0352428596297712,0.175316238257801,0.308493677196277,0.180431474216849,0.070589131343485,0.0569177355929474,0.272680653418955,0.104790853641285,0.0211954602606537,0.0618556430008164,-0.0543305946213729,0.353537624891221,1,0.175571906252383,0.0330314259514563,0.394684004546139,0.126116924536881,0.241905978704694,0.327228559981106,0.279821313321134,0.139087966918594,0.0896955041305188,0.147494129749043,0.227486424010783,0.100015367692324,0.201499112196117,0.11473715926816,0.357946630405854,0.244867872065587,-0.0456181330647527,0.167304439980797,-0.0148707041459319,0.310937799303643,0.291500406882421,0.0967658831203403,0.332473116096164,0.355084438952571,0.249825321945385,0.0273900812174009,0.223871743159315,0.232323924310166,0.020361968722475,0.34134616351954,0.249728606427827,0.319108325945132,0.363123684701723,0.343957445155302,0.290502634722286,0.276601106108114,0.128829800077407,0.104802236355593,0.401698688509278,0.374701773229062,0.0308536632033181,0.123127743978868,-0.20309980602055,0.217890235021049,0.316336956709568,0.164996761266874,0.2986046805778,0.323850593945153,0.181767311236865,0.40986427298644,0.163395706797133,0.331267943991181,0.0157763656198294,0.148977207274734,0.0167675958980906,0.129814886734961,0.30205830014345,0.459630914817268,0.0647810284722564,0.0940013064897596,-0.0196165282036919,0.33665158008646,-0.203679473229641,0.278006914888871,0.271601901824215,0.564786089512634,0.045578262916626,0.0534569306398566,0.0506899017721381,0.279556032523647,0.0604317868858655,0.374582163521021,0.320023364886454,0.386455473574198,0.360907282588559,0.164882077970375,0.293544604958226,0.117947353447547,0.235869794203104,0.462296234249133,0.234266717478198,0.102777579432315,0.241913769017458,0.407524891227282,0.391807438605067,0.0022605074103044,0.163674349289772,0.147736196606677,0.330636657398233,0.317200370657437,0.383624711761963,0.174932222978596,0.0379870756701831,0.34638043592495,0.0884272121752979,0.319605064999889,0.369014855016028,0.121959101578019,0.249922937925337,0.188365630484417,0.350496285143429,0.383064527109238,0.0394475034360393,0.297480984336932,0.112263471025877,0.262404456400416,0.287110648401984,0.310889633890173,0.356407795211464,0.330923631796773,0.3217114482383,0.35618984448519,0.398973961940657,0.263408495657652,0.0830376360117003,-0.000446266732426907,0.249460827065838,0.123064349167765,0.162921643149623,0.257202021429891,0.314252273772202,0.226857354963737,-0.0182942924176215,0.0911551013711242,-0.0734112861930949,0.150012917296324,0.100195938604567,0.232643172467496,0.353860476094208,-0.076996784065819,0.446869296162147,0.310801512840363,0.410906025049995,0.0355420311357713,0.39058016975431,0.326504354685255,0.258427711431,0.218526737205558,NA,0.126651014895202,-0.0986330108214991,0.249118708622061,0.205159534600517,0.343054408383992,0.380825534152609
"ROI134",0.237961835613994,0.222368392144652,0.132534771407956,0.0886101980620495,0.0774510457615275,0.288557659879041,-0.0703479843217957,0.203958846818638,0.155616131288248,0.102349614885113,0.0308968251814372,0.0353358024878395,-0.140704483474599,-0.123979919006902,-0.018300387111262,0.190481811283873,0.160174155680602,-0.00323022448388288,-0.107287094041509,0.50601873885533,-0.0611797062541516,0.323734990411205,0.16263898117368,-0.0270344454166151,0.0561700314218232,0.140236420845079,0.075403714415071,0.0286173545594844,0.0612637688489163,0.0245308676535653,-0.0946242652765027,0.0238628433018306,0.247037366189439,-0.0433822127601735,0.491911383670344,0.221631832202691,0.0324183873754261,0.209998601159188,0.239431752581196,0.244411267346419,0.150281087221968,0.113007554191119,0.2720316909325,0.107995588671823,0.119087855382548,0.315764051411691,0.118125063968903,-0.00481269373378195,0.138057300918069,0.0820252037948729,0.269064356196069,0.227815357092788,-0.0908827602256793,0.0492014748259663,0.0499619775472034,0.0193031094823703,0.102163401354335,-0.011712488221464,0.119564755171693,0.334774740208283,0.0106488663126513,0.0482692456006652,0.190406401283284,0.00732191303492816,-0.0312993529269052,0.0660462590683529,0.294914343068223,-0.0479671862698232,0.00147185018794294,0.166419310279136,0.0597326655065755,0.11066761304494,0.316833554011559,0.347907994222536,0.161669093010275,-0.0213071030666906,0.146686771229148,0.244864894527188,-0.0515823403649295,0.165597200285202,0.0407920068326894,0.179963105953382,0.236907252476418,-0.0606876291442791,0.0420271397107638,0.436656244480639,0.252275164142139,0.268611300995903,0.175575577923703,0.276599774627267,0.0508400075771232,0.0804812869938385,0.0718489321800302,0.113817854785425,0.334222508120914,0.288338526297705,0.0556886387730245,0.129079614001604,0.244686294378359,0.391117288046357,0.0652440167300549,0.287945851043757,0.0364179160964416,0.143554658788454,-0.0893535041548426,0.0998255663982491,0.158077384665311,0.0922552493845925,0.232682039772842,0.36612388064356,0.341080818609112,0.190619628741011,-0.165679010563373,0.187352410206633,0.0434015895233606,0.334284359458582,0.00731214679192761,-0.0514950717496068,0.197911915352643,0.205506631886431,0.181733197466241,0.276811997015879,0.0660566579607045,0.106539070659883,0.250667464627338,0.362845072328985,0.0648526136709516,0.201206547131736,0.279783477893535,0.261134066162811,0.13847941155011,0.104126788854082,0.175571906252383,1,0.0614755372585006,0.148085188929993,0.085632049779848,0.0284983147110585,-0.0711859909096889,0.203228666052682,0.0441170784884964,0.0652162525129405,0.349667049624054,-0.0603804448891599,0.000902373261742114,0.129429410437761,0.343913661847576,0.0368288394856696,0.196136404371779,0.165969607986984,0.108819612248617,0.164950660141682,0.189627225467626,0.0352823597253271,0.0567114243224798,-0.023705707199709,0.138953821260719,-0.171816357489899,0.232296262526404,0.319743820931741,0.0718694163307909,0.269843174250179,0.467235440543165,0.0837255869657403,-0.0589444572495508,0.257708774549163,0.0284219876369385,-0.0652250903469902,0.095641912824056,0.170483438571269,-0.157358050815991,0.215784470999786,0.143860497555298,-0.0181008086388889,0.0891998276246135,0.099183231186518,0.161277004855073,-0.0536472193788951,0.362525350783401,0.0535855249945091,0.0914879280962661,-0.0601809447532562,0.00627734671565076,0.0276919120503368,0.174602208497836,-0.105338494587023,0.113825411709823,0.274193019176336,0.283014460447191,-0.0276113142918181,0.0710566358128002,-0.0308839557930932,0.288595583630746,0.14198826810516,0.116720458731333,-0.0892130206040453,0.0559033190888751,0.14184477948398,0.167108115839844,0.100298463947188,0.433559345737776,0.182873791313299,0.148106688166883,0.0890471228494785,0.0273670608273297,0.143670798779766,0.190114186802163,0.0209016295442821,0.466219455147701,0.0201391848956301,-0.0510892137549879,0.0958235427422608,0.0997801900855737,0.221657016408656,0.240790606650793,0.166877840830789,-0.00428365925589086,0.0660871283538859,0.197559228929594,0.0966119875799831,0.249888321837092,0.258312116910563,-0.0969966195328513,0.109474503174838,0.0865623094749526,0.158986345169396,-0.0770711623087585,0.0516764383143802,0.197305717018848,0.12574310137777,0.122018550021443,0.293283367750427,0.104942294356115,-0.084939052820247,0.14762798655985,0.271727078514886,0.181689111454554,0.245381994580494,0.0862821763807982,0.0369737142852564,0.0643854403071812,0.0469703501020402,0.111311438243939,0.192431679426166,0.0746482714732696,0.103876630527684,0.257200028835317,0.149453892533362,0.055597999583175,0.296994374509058,0.0299327677748686,0.0790527036195165,0.0275003487798452,0.0544875831100206,0.0395508457711543,0.206472801830553,0.295691346028569,0.0665062561178057,0.025649653790809,0.0470035647229602,-0.019501998931102,-0.0592212754266121,0.0936960567085505,0.0606500429197836,0.168917608233201,-0.0390712180668869,0.162763145562627,0.0475593533138024,0.0987454157132754,-0.144500821928091,0.213590664428554,NA,0.0998891314519615,0.114114378252162,0.114206050473736,0.297035507492839,-0.0714467627428806,-0.0134881686040753
"ROI135",-0.18635268793943,0.51456306710709,0.267203615471975,-0.127513352738368,-0.0961905443606985,0.359060864828818,-0.120084577304187,0.055737212148855,0.385794586033365,0.21157774944216,0.246533784037078,0.364133026217944,0.0820654754408038,0.359901848702237,0.209569153735337,0.638047504842549,0.0843949328308873,0.180877839004541,0.225492267863237,0.0296818743876082,0.750917533367854,0.212222352012385,-0.100718822806152,0.673184558260259,0.0117723799463405,0.00540304619847033,0.20572523647547,-0.0147234320029637,-0.0691215325948824,0.113238040870017,0.150070766820948,0.131636488833451,0.440991795484512,0.0332097351403733,0.317519922375822,0.282391370580407,0.429474481030303,0.0619719725663243,0.224168262990418,0.657202642449934,0.27617193756074,0.121049510443697,0.0538065503622328,0.308796392884561,0.192350447033365,0.443830037136509,0.623490466576967,0.470250765542725,0.363081540731036,0.0422098315113198,0.400645367705322,0.153292170591399,0.290040777223317,0.501970534062537,0.293655984046073,0.240508193481095,-0.0722316659737673,0.225147185568563,-0.00219856759590832,0.307037107760534,0.238219677505378,0.37672952267523,0.165677307849596,-0.00211301024077872,0.0268852041948675,0.376173266269905,0.233691556593902,0.051451588996751,0.43070936128153,-0.079086391447878,0.181059046708945,0.545907673232757,0.175708885117949,0.27309385578072,0.499657048268047,-0.00590979097025157,0.0186786813636263,0.183078502642983,0.326491448520198,-0.150505220106198,0.504740404128312,0.0398223020501393,-0.0517315075632059,0.364181194447812,-0.134066887138776,0.129305391034193,0.0458884458640769,0.146218025438419,-0.0311824145586526,0.0869811073067309,0.10641080322122,0.579557126356101,0.120648633352272,0.601142951751781,0.303686465201929,-0.0357527462568629,0.212851977650786,0.140944399855315,0.102272254108192,0.322458869063505,0.537386263820479,0.0112540102617056,-0.0247610790046912,0.261799715478455,0.099575455887888,0.0564028026395078,0.551316333088714,0.183056507317607,0.215367545364091,0.103952585917132,0.065386119251652,0.142139444788539,0.232283828602535,0.253728533133269,0.22148445597479,-0.0743923754726039,0.177615783849426,0.445860843312822,0.188713903811368,0.0594580594691501,0.0285188162935594,0.460436783806671,0.14393857801501,0.368178881372939,0.663136127830361,0.167875320296905,0.10265651492323,0.0688161812188786,0.000658335568052197,0.26915439385562,0.261169119953878,0.399125685773091,0.0330314259514563,0.0614755372585006,1,0.247093185626632,0.206463562878422,0.439095244483459,0.0279910724704531,0.123993078628327,0.104444216754937,-0.0346817744829151,0.173692831050468,0.301435950400029,0.127430537072208,0.458567906745315,0.255146869805144,0.0747887833781652,0.124106593206532,0.0946036489800739,0.312928971434306,0.387307971315347,0.0674047315148574,0.123428371415871,0.165544868143637,0.223343581069855,0.00972527320136365,0.0895700093063032,0.0795129928715233,0.399255677788106,0.27319224862149,0.248725805436032,0.20095148089545,0.372617581836068,0.117697451895434,0.140014363977181,0.231533930887339,0.349750703344215,0.0653239184740634,0.332518996717085,0.553124663400224,0.0109700149886399,0.131080968348111,-0.105828400110403,0.175892865458748,-0.0708001767291414,0.222139686943732,0.210382560964887,0.149805106959366,0.373742931490701,0.0457340001140631,0.40285578993307,0.261882116384366,0.309650633235545,-0.0110165240953135,0.495539762284945,0.250264284521896,0.148128344830027,0.0737538738555355,0.537609042605805,0.310025035397381,0.290729322812924,0.327233286240829,0.473070767210712,0.107872475815806,0.181524511148944,0.126200912625808,-0.0250460476318218,0.0875001482027519,0.426990415345532,0.367986756906523,0.023070419012135,0.106224491116505,0.609613101947313,0.118863671134563,-0.0347841106084969,0.087940208505443,0.259362864867157,0.103646507668051,0.214754795789339,0.316495832357079,0.199879526881587,0.120503243898379,0.269260197010344,-0.0498281768937648,0.222531212341859,0.192831229354239,0.157435533069323,0.0275930350966347,0.223140773388318,0.32661119865174,0.0419798811131008,0.316101503554489,0.413298802621327,0.448933793695185,0.376915211378477,0.28902744764748,0.158626206880002,0.119470522280183,0.462076341636547,0.0918067461382699,0.181986714115934,0.17654389137998,0.165103396754983,0.0525627473875487,0.170081364096597,0.0070606707224104,0.13407496465825,0.262850848135409,-0.116030754115661,0.355552142228023,-0.00549811650479787,0.295914308438024,-0.0571166153069799,0.15545211392001,0.167285137884157,0.0818629283382738,0.195861966417242,0.672511116542155,0.257277152099843,0.410890033588702,0.195439287701917,0.00489114252195399,-0.0356713220558728,0.159739236170045,0.261261308288336,0.16914094385009,0.652283420484696,0.212556857112153,0.143202785131684,0.252207218308748,0.151164930198305,0.051302457538117,0.123769958770024,-0.0915400433129559,0.0020450106167633,0.264809020067163,0.213558280800475,0.108459173644348,0.188929353772669,0.193239524490671,NA,0.118476849683265,0.351339812864277,0.463466673896798,0.134976227196027,-0.00468135536538354,0.0822287859452464
"ROI136",0.0822606088603388,0.176664757606913,0.158686186112913,0.413569974721311,0.220530150877808,0.243698561706467,0.276021985569782,0.426632389443865,0.335028459339081,0.282888767656706,0.175603514679905,0.304638436956749,0.0990036540326716,0.190116921614045,0.426608492371126,0.153542329710494,0.481248938139979,0.371842498009708,0.0408537510411077,0.149987604878207,-0.00239613420428907,0.314641155007863,0.404175581319285,0.152012486271062,0.122097590018666,0.205440787072163,0.445379290800239,0.363958091063104,0.551816543805377,0.157758607727986,0.142244658712063,0.403759028308993,0.323819591045746,0.303208372742966,0.462802966229535,0.663952856828772,0.0973004132464902,0.125159249348183,0.579799014504521,0.437571371062078,0.372629886061737,0.600086562244896,0.100514887991738,0.309526982927964,0.499106324411272,0.173939009577456,0.127305607478626,0.643963998143378,0.306098071718429,0.385207962465158,0.352724482780353,0.199502890453733,0.565966989946203,0.221532090195478,0.615616724029293,0.348330991405374,0.259720042350052,0.44804928618453,0.348321093295939,0.440264653339285,0.033129856981624,0.373718798367894,0.390530682685819,0.333487661195609,-0.158890563146362,-0.13237809109153,0.15864642084972,0.0447188424604422,0.128939782667623,0.11931418433868,0.466829800307709,0.151839976482703,0.121545856724398,0.363137100607973,0.395435861037228,0.000464676808637491,0.410962091189703,0.0313749206119234,0.151165443666402,0.48001642704322,0.109569200859832,0.224744324757676,0.227024125270516,0.544856905394995,0.311324384119031,0.0771912159691197,0.386832375627379,0.218333788641088,0.266916133909455,0.18058834377087,0.180970000538629,0.202807237310036,0.391373069898831,0.331965925686781,0.462339098172287,0.147184316815034,0.321878842599221,0.297030889862547,0.247156191062019,0.502779540084134,0.246300272213668,0.326853158496614,0.00279673418294521,0.107696248537338,0.348425819966956,0.606495645475396,0.252259676024756,0.497780846427202,0.0982615473406402,0.025908669485632,0.220602176039839,0.432186121205495,0.210895750396197,0.11128088995478,0.467541272062113,0.33351972299134,0.680078036435223,0.330746205636629,-0.0050036126937569,0.353538475914794,-0.183537458566143,0.403447392401843,0.140776338177728,0.371749748578192,0.359348585266202,0.200359078781261,0.58097192630265,0.0150407539800172,0.13811651677022,0.213764100076392,0.0697866692184854,0.71546270279531,0.394684004546139,0.148085188929993,0.247093185626632,1,0.219671707185624,0.379002644216107,0.405233793890805,0.265342766341924,0.0969075874528905,0.0339661834034983,0.374943652687095,0.227788407554128,0.288952671027727,0.394825425538985,0.406655055012391,0.239208473272732,0.245561517419479,-0.15252302236663,0.268626910777183,0.147591147306322,0.301065157482786,0.328585693675361,0.108075468765491,0.645441890014784,0.4942346717935,0.217302048220439,0.284941361748802,0.450036314183502,0.355957131967956,0.128957304892184,0.369047974819117,0.340596813534357,0.367341483259113,0.393518507064302,0.379153483416545,0.271263323259289,0.360018639836918,0.281487204925447,0.230053635191306,0.453367935216005,0.425794605204231,0.113797022209928,0.134046198772362,-0.0219523959818013,0.402601851589316,0.271406271191181,0.349914722220078,0.402362607353113,0.304903538763286,0.288552021824338,0.430726815990695,0.172418199421616,0.534609685030999,0.0805524830219296,0.368530023401387,0.108427117669846,0.267818496408739,0.66608438266074,0.70975309722371,0.181374825506066,0.412238342705974,0.217291672764293,0.331618996119866,-0.172120753475251,0.443786588758548,0.287912739195465,0.509026554335414,0.318037792931697,0.347348798166712,0.0791095943261181,0.419638413918105,0.285690108054652,0.567645774071925,0.290368321000371,0.321694355794675,0.818926595347324,0.398968394283899,0.384630515827193,0.23348378091836,0.372262319738374,0.445534517769089,0.649201787387159,0.206304351417634,0.37231091721439,0.455703184621104,0.384724207847495,0.104999122375135,0.252333942683066,0.386195350842895,0.508754668892723,0.628507837039778,0.556833123226875,0.281983544723056,0.199252260902942,0.625121071446531,0.11911194965867,0.480181385837338,0.522680853955638,0.149394068032197,0.54824848006554,0.418657519805382,0.350627209500827,0.480373647649933,0.148795480910247,0.313113523790124,0.124151204918713,0.33214933199242,0.402552885296789,0.451476535922487,0.252980387977608,0.22925364322526,0.329597219283986,0.380431200134628,0.459681797957413,0.45456733422469,0.195689669000495,0.158868187225989,0.509671707906245,0.187133279126476,0.159229514932501,0.276317528346113,0.17474211268735,0.328341292578504,-0.0532526349312286,-0.0672773180421887,0.083609168686581,0.220563622352641,0.0325461315752471,0.329135100668052,0.467376893319309,0.0892340488103685,0.374946628992987,0.115344795078999,0.395257434007735,0.212145137974944,0.389401484200529,0.377919068548133,0.438454408389924,0.112521354644629,NA,0.219964152343489,0.221062080633093,0.52238206550014,0.267816306025937,0.308989100166535,0.455003230656337
"ROI137",0.0385816394283464,0.263635927661694,0.292824560762929,-0.00987183905066187,0.0543170476228168,0.190006177327168,-0.0366781289891095,0.00144784618029294,0.0896085445051709,0.303801239025642,0.345837013123183,0.13974616985556,-0.0542467982040492,0.154874702785612,0.140047974020204,0.293463127134005,0.339583978603111,0.166580209318897,0.220977676129007,0.260303584561255,0.148306793588753,0.00804557805314022,0.00765167035398323,0.126759209690975,0.144744976554326,0.108213159080293,0.378816379906033,0.0521806539410844,0.0575950923308383,0.161351747064099,-0.0287995523901971,0.109926130719033,0.0442413889704663,-0.0255072945798999,0.110425000128594,0.281581485610133,0.150167164324868,0.0646066785424021,0.117604888353015,0.103690874301051,0.169868920569808,0.0660366351773821,0.274669794818948,-0.0122616107548232,0.140276864140964,0.297652891373292,0.230661274939665,0.0726813621377783,0.132150263150783,0.13116687305658,0.146237312853792,0.275256864598108,0.0910385223267609,0.330645158003186,0.33678762547312,0.0635510280668051,0.0407033036221582,0.155505380462249,0.38062076572255,0.0969275303269994,0.206869861867392,0.164688368209454,0.238783388583347,0.265029318528852,-0.169219171053585,0.130683546739927,0.413994543671008,0.0586059841316013,0.456375925167091,-0.0715951612354318,0.293457158207078,0.192726520953929,0.12549720439009,0.120839042855543,0.394751112599748,-0.128759775839107,0.035032077180357,-0.0237585565829852,0.0856890184124998,0.0764313562226818,0.242686898315892,0.357337628054941,0.0634019066892282,0.127448087389165,0.122455345749013,0.0925617418098386,0.0866860994606148,0.350452874006579,-0.0640014659344233,0.0591792971766197,0.481535988513105,0.311504603886914,0.114377724968203,0.422760729637541,0.324436089433041,0.0887611309886599,0.167033577847248,0.0424461103908814,0.0850296062336047,0.319132975532903,0.436379622645247,0.125505145743785,0.487198231223053,0.144197915624747,0.0331742833061606,0.127732433608703,0.088294844331947,0.0922792645981799,0.190490968331085,0.0874070170606636,0.424676162287378,0.137079458966818,0.0131776471896252,0.0310742988732436,0.206422460329274,0.211772897436886,0.151589366478899,0.346167416728287,-0.0260292683549122,0.264232267238884,0.131937179853626,0.194050003034229,0.0270734252486427,0.202462122400992,0.118637616467217,0.0595965512815759,0.100794488450373,0.134687580836076,0.0766792843091122,0.142921271889849,0.27001859808445,0.18424519533731,0.126116924536881,0.085632049779848,0.206463562878422,0.219671707185624,1,0.426764172926898,0.122765825497259,0.560863984124182,0.0924665046419155,-0.0182600890822706,0.157456500294311,0.141925434452654,0.21248980599679,0.306420754287515,0.176509620073479,0.101671872592658,0.242369694436552,0.0551731948892475,0.158502582443248,0.311139913867942,0.141237006906996,0.0226323784457915,0.338641539190175,0.132564471879258,0.12986091266657,0.111266741474337,0.00752602664472193,0.27962826722521,0.386115517765868,0.168135620926386,0.249708509252086,0.60593131127457,0.0937809700152644,0.179441939940292,0.301907181822796,0.145281808043987,0.213742303544208,0.280352785877333,0.133246923156872,0.32071906041446,0.282788676408322,-0.0465092222416364,0.0139253710338999,-0.00738598784551653,0.0995174067581455,0.132861212651153,0.266323723886524,0.584801448368912,0.0949343149600697,0.526101230006686,0.148014962138225,0.182605120483543,0.170798150716901,0.187490655545034,0.374865067775093,0.038840683477976,0.208452472256168,0.218932422198416,0.220118833582462,0.135365802276473,0.285222355778842,0.195075618618978,0.066983445044017,0.0578985416536521,0.169268057847011,0.089493186884442,0.0602724113352936,0.26940449062428,0.119202451868611,0.160189754624186,0.156521949431077,0.289043020770826,0.165958444139415,0.0979495024916322,0.101929907718484,0.170594871014724,0.198679404796242,0.0851608328578456,0.0983792264140377,0.0438343028796631,0.0782554093725588,0.240667626041811,0.249030938178147,0.382067867466618,0.0585624284015596,0.139998151252029,0.0165832201361115,0.107094783253635,0.488125468292912,0.120656356820902,0.277295076385386,0.235558625957633,0.392470056568971,0.240043726497647,0.109263774408958,0.307049567421078,0.1628294953812,0.321925039436018,0.134565565785208,0.209329236158244,0.22588000492786,0.0681993946229296,0.0915135748875531,0.0166148934094794,0.251489251899248,0.122606959039374,0.228668165227483,0.0980489628904826,0.352078749359461,0.0723658417455101,-0.0116842338723826,0.127528526090832,0.0893230323876888,0.206318112218118,0.208032718292456,0.296816480264705,0.261405156766033,0.247864878656778,0.361239813607481,0.169775203283448,-0.0193786476363238,0.0334373042228138,0.126797070933266,0.106230461024031,0.231296594300003,0.243372324863803,0.473462582761951,0.33043974377553,0.103170052583972,0.140763459428792,0.0576736672014357,0.152437338868835,-0.0510061905205902,-0.00997178216533408,0.345840834394521,0.104753213915531,0.330770073495172,0.0109895018119287,0.0993494660044069,NA,0.201400666855636,0.469681874618608,0.278423358012131,0.397614267732164,0.0167409438052866,0.0730341118101772
"ROI138",0.0343402962497463,0.312925259662449,0.358691396033031,0.0461463755622726,0.195158471694372,0.196532983984946,0.00677366511418394,0.254915078224982,0.370643040967752,0.249588552576025,0.569634887363401,0.293721616025389,0.120720788883858,0.41184978353565,0.332899882264226,0.491900996878456,0.445514472283503,0.160798824601801,0.336218504913427,0.26791661573458,0.175166852920585,0.138724921825492,0.125165188801233,0.254539564572085,0.0156128835882122,-0.068481085283433,0.595143119402062,0.170680143136396,0.181582037216486,0.196437057247802,0.167864098927089,0.224423846152218,0.218897472782655,-0.0326474886529144,0.243761230176059,0.335085457032161,0.258811813002606,-0.0947254686448072,0.34622590973325,0.473175209728776,0.311120266807864,0.309384510339098,0.315302748301825,0.0836496279430258,0.205231876691782,0.318471089834464,0.349813978537663,0.309080177543459,0.420823036614215,0.140423862358291,0.238313298456721,0.462177327198732,0.310978339620098,0.541982143778765,0.515601063630591,0.161072965655307,0.168974956941383,0.533625170816688,0.498891477834887,0.359382018470002,0.178132672071752,0.251626470794632,0.568087988092749,0.395072531330832,-0.219328091885055,0.0829251524725767,0.508202049125672,0.0191781980210356,0.349369627408043,-0.036115262008824,0.518704533318934,0.270069468749737,0.0970860360555343,0.347183418776013,0.394466160322823,-0.0676710621383298,-0.0566827725785084,-0.0663925788022442,0.249726181267721,0.161295593043303,0.362558793911822,0.324481799743481,0.0718706992803988,0.150593971461498,0.212692157556832,-0.0892393349428141,0.0998856734465218,0.309398684256368,-0.125051123829431,0.11892199110913,0.388379178146246,0.555618186191622,0.267475707091444,0.498756086066043,0.420636257191401,0.0968373807562317,0.185791991009132,0.210878940865901,0.193122383254397,0.606353027733022,0.526238587920822,0.0741253963629508,-0.0795753520142389,0.198444855700644,0.184222110909637,0.19370434491862,0.374497086001835,0.249302826370459,0.234742185734033,-0.0424557779238975,0.237735896056378,0.346765803480067,0.224118977945924,0.0749841755338681,0.432452640508344,0.251606350689367,0.202978471402618,0.540572800370757,-0.0568890388528185,0.286927522038025,0.0556125991689867,0.418064677470531,-0.0201908712581841,0.432629775999969,0.582269392815931,-0.0311891314198157,0.268895583870652,0.0487213068137015,0.105526791782884,0.0957460778415606,-0.0129385351379569,0.350174893692928,0.241905978704694,0.0284983147110585,0.439095244483459,0.379002644216107,0.426764172926898,1,0.266498985217042,0.383932386297084,0.169359590359528,-0.135968989854894,0.24685490058313,0.435402563262341,0.0457673065212708,0.336958672406615,0.0995901460033418,0.160297042321707,0.348496550748542,-0.160749835835364,0.154235827633718,0.216704270989555,0.133908929123872,0.0393064426751387,0.316246380542024,0.31075196445045,0.160121724321102,0.360633247030293,0.0766638411560172,0.515175070518624,0.587692592933285,0.242194507427107,0.255805239291752,0.431384016921423,0.0923739944263022,0.332680486263882,0.43650121686413,0.293054836819563,0.510627576085813,0.316034507829115,0.221540772598237,0.343884644950832,0.489978865946397,-0.0113313476192996,0.00728663579098024,-0.23860038330137,0.384182621136138,0.286419917946026,0.181308772248276,0.721964286187266,-0.0318850416993614,0.470124407720965,0.270559283975548,0.355599513608905,0.193477533023836,0.0976589914804214,0.50075483812346,-0.14377255228812,-0.0108959416707949,0.358628078795397,0.399724817862847,-0.0289113786686465,0.220894740409562,0.162416984102081,0.393250179393716,-0.0775111587427963,0.284239401561952,-0.0657959439840951,0.328627770632636,0.293304665872443,0.139363015525951,0.12617331460465,0.250940017453399,0.336833582876149,0.265123656467756,0.245519341856941,0.31051930733558,0.275937170716804,0.185982544971763,0.0252458674835289,0.328624069497206,0.01800053979715,0.334406106150539,0.301270855350114,-0.143036660106942,0.561207568222258,0.296675396700891,0.194524748629077,-0.0560532600218724,0.13390022358912,0.320769025795164,0.247840028189474,0.329445773138326,0.323989836005975,0.324843046136294,0.133870493145231,0.239288172806931,-0.0568546217617925,0.124748960496843,0.550250295402714,0.206347765743028,0.292786738795034,0.279969475851016,0.0788966732308858,0.123843154801446,0.127777631672763,0.110641844826246,-0.137243792045029,0.522322148621387,0.187646128999,0.28308668723171,0.212101687484322,0.294435605395428,0.0395216550264906,0.247828975926941,0.403364865343629,0.158976871540244,0.0435307600378875,0.37213052154029,0.280796381263657,0.348921938873915,0.183564433482484,0.0319308613278581,0.045795565353523,0.241667525932771,0.198212976682148,0.0881345962055506,0.192805836958178,0.167715209344227,0.381255629792552,0.261792237272822,0.242978393546902,-0.114692888804748,0.254659863765629,-0.135644532323837,0.0496040077742605,0.072827145593372,0.282691832531208,0.471050266850179,0.0390683294363629,-0.0755741074704722,NA,0.256902120464291,0.375951672961111,0.327608153197871,0.461149195197412,0.248761344731278,0.174998613519207
"ROI139",0.443591632488603,0.0273029237889388,0.166500349808177,0.620414818386481,0.437504710875362,-0.0972836367423626,0.596331447122572,0.313277707609282,0.273067104053588,0.212159208668737,0.101402907496727,0.225262200911591,0.118117637263946,0.176936392968648,0.562285235832265,-0.0363037458383426,0.611134121984019,0.544186470836221,0.00747116799230253,0.188316935829669,-0.0692895786903932,0.0403995708903962,0.235419781166429,0.0386902609072906,-0.0984367208577732,0.157571782484669,0.496677549581091,0.697034768595141,0.485969857997176,0.0681660107103585,-0.069613788783211,0.592379856033731,0.00854181620158562,0.577479428856639,0.145702582010507,0.384666982236837,0.0550361453021552,0.038264664405821,0.321224922484734,0.121311818693574,0.157591215852534,0.336317352488818,0.0935255451741529,0.280705052933154,0.50723640349696,0.038075413369107,-0.0402619126755677,0.391051142771497,0.25942107767531,0.667777590299764,0.210933831949338,0.136007175413625,0.429301609803888,0.0550484641224959,0.520910365804319,0.496862666637775,0.270960913252836,0.32790151587777,0.566158031340282,0.168332605304926,-0.119794764082302,0.153319476859655,0.426866160721554,0.521913659301807,-0.107342358621345,-0.160846213097628,0.0228816938249142,-0.0354062170472546,0.089816568311519,0.0483148559918753,0.609116628557282,-0.0257730709398395,-0.04709294584164,0.016607271266213,0.289041727129647,0.0638073782638795,0.185833311405852,-0.114707073206511,0.186109925962087,0.297267901507701,-0.0438964105013049,0.340110126607957,0.428424176650402,0.320856706769137,0.62364657622493,0.0311719445574089,0.174375673229757,0.150812825549879,0.184251536512721,0.1186262054192,0.236422657290541,0.135789276839377,0.61082685390115,0.043573547849312,0.221050901389364,0.0727877884762015,0.0940917858642484,0.309153997398471,0.302341564184074,0.210671401872993,0.174991992668281,0.194851527920379,0.0924841233742675,0.0663795733880828,0.650455031505234,0.312209449261876,0.109453740040121,0.24842031664056,-0.00815685247554761,0.0380013838235193,0.110935751093526,0.378885476667121,0.166942727638985,-0.0852527081708628,0.371837871477129,0.36210614528197,0.351073614643534,0.26396555401243,-0.0796504594120297,0.222650592516949,-0.112875376020521,0.216005471146417,0.00278641604515397,0.330466390162972,-0.0325471523996755,0.109145599105244,0.266809905822758,-0.0232136794291792,-0.0618605107989244,0.137551540714176,-0.119436114484715,0.384134764346225,0.327228559981106,-0.0711859909096889,0.0279910724704531,0.405233793890805,0.122765825497259,0.266498985217042,1,0.252907329815774,0.0155515612289774,0.0147716924854115,0.300225206801521,0.190511654419665,0.276455414267449,0.190178878524727,0.302127023407528,0.487949256066497,0.135812379198294,-0.154703296416312,0.1284459877023,0.0439405821787189,0.232328983728659,0.596891500466664,0.101876330979268,0.408039442619431,0.374278096854732,0.313329219392617,0.0175346292744356,0.114329753909979,0.198086909973988,-0.00930851415771868,0.0735709396524094,0.156484921954584,0.267036372608512,0.251024678890865,0.151197010942622,0.279550473441798,0.349766633420792,0.224881747016737,0.212363868382032,0.516741465504335,0.333094776221095,0.110348967539688,0.0736845830775041,-0.0361351598638013,0.328197329094085,0.207078035182488,0.100603205395678,0.281003015436117,0.148229030918544,0.265309980737305,0.568788743017038,0.158925970269974,0.377959014187333,0.0575642793269287,0.315475639846945,-0.00552772608235593,0.0881481185315298,0.362297075643618,0.403662914471262,0.119488519835636,0.0573172336306589,0.0523459366953476,0.346045578992159,-0.229532970801347,0.433777285920681,0.104655484560869,0.374092523151876,0.247369414945035,0.170233846877684,-0.00293151207689071,0.311430985933799,0.0888017364459341,0.372940805580871,0.5251855073116,0.292992651111794,0.375851890136126,0.195364987907228,0.295806353680333,0.0947617129148972,0.262247634474362,0.399534910202389,0.338997302931899,0.072418176104242,0.2343963866687,0.312828470970147,0.588991651250818,-0.0494648639287166,0.146697620096604,0.202453067816493,0.335689296767189,0.447877646420952,0.422966315435678,0.184343037365149,0.151926033130085,0.418322370074267,0.131427044779786,0.441033105953049,0.385068835036067,0.143925555086672,0.188385081711003,0.278737395349625,0.34640416303807,0.348264413000273,0.0440411599346939,0.476519054510626,2.45841716930262e-05,0.356085482318091,0.228247465833096,0.448823577661277,0.397597965100449,0.275145177192437,0.139260055702678,0.555004738709036,0.546770175191788,0.32085066479249,0.139281275770695,-0.015523519066562,0.181826102085001,0.212315218799565,0.067827677664622,0.589061440321321,0.400519735106891,0.37605221541951,0.0508911057298858,0.0249746338102566,-0.0610805556541189,0.161314183614917,0.0358811336876923,0.179858176578734,0.657411128552406,-0.104927329654246,0.52204145617076,0.010395920507803,0.357750734330023,0.155432582058154,0.573197753523777,0.425892382948597,0.325040073352681,0.0201380715190431,NA,0.0561469538154361,0.20395657049783,0.360407142239857,0.125153143959426,0.610839378125544,0.700699914262211
"ROI140",0.359727434868052,-0.0126158652219935,0.218012326932841,0.099482910533022,0.378698812081737,0.0894190136773937,0.0552039295498462,0.426644009692048,0.416745903084813,0.224588346281759,0.34027214584245,0.208412731620308,0.0188061953702744,0.183527547580599,0.309085341177342,0.388183445536898,0.567203038191301,0.302977193951165,0.227488304893043,0.508648396388792,-0.0200787825576286,-0.0599331406262,0.203448891249911,-0.0788592758580784,0.305455626883974,0.142190330830917,0.634786381638171,0.196398058163809,0.275835614981892,0.0919305861623837,0.13375562864575,0.183238389916735,-0.0262475908836372,0.0741839307136323,0.173604070706607,0.44171236108191,-0.0360314146255575,-0.0504194204076238,0.386420923555077,0.134637330453338,0.622966843759836,0.181842779455401,0.117749625375785,0.0739186718887479,0.40096065966536,-0.0194893052167534,0.141428150907636,0.107389753659615,0.198193888625754,0.220965434473834,0.186575168938433,0.286608985198861,0.224806257490663,0.110058008710532,0.489525596557297,0.245380570523363,0.367452290945796,0.265455826039217,0.613582523659809,0.327063759859867,0.319548334247028,0.0444540617985936,0.266962417894188,0.569913463447743,-0.29962422627768,0.0274294138737837,0.613870987678006,0.161667044995079,0.0668885129387272,0.0759521360507368,0.430798566650479,-0.0177738180721636,0.23320040716137,0.0467246381411382,0.334737770058239,-0.0256383795820033,0.0182672240899889,-0.256839014894348,0.0621206896890399,0.323691528103426,-0.0936904760635686,0.636399031637342,0.464180622219592,0.227284799941139,0.463245838356789,0.0608395986148169,0.29398261192903,0.681121288918419,-0.0110173373118559,0.274356334440485,0.231568313598199,0.326339041897778,0.390631697466283,0.248021811788621,0.458558961110578,0.0883353701134698,0.343962528005311,0.232507717940655,0.186189379411195,0.555582368262945,0.55785610455663,0.227486200270054,0.147293070447676,0.214923061918835,0.194195210699155,0.259076680091113,0.0616516928089423,0.175024109334372,0.267578254131292,0.0109866030723612,0.348215385424317,0.228450297436661,0.12727877484926,0.0524344367257844,0.374748357870763,0.375129360191783,0.406224996596284,0.370155795819441,-0.222094599253922,0.315501164209573,0.0812322203652289,0.0829537679446393,-0.0678397162679555,0.165633563045517,0.127722448323975,0.0540637481791056,0.100195188047126,0.171202041361595,-0.00400152389519491,0.0748443369914788,-0.0274706273648067,0.324109541888625,0.279821313321134,0.203228666052682,0.123993078628327,0.265342766341924,0.560863984124182,0.383932386297084,0.252907329815774,1,0.129108640253878,0.0237931101544393,0.510237692704365,0.207838302475368,0.0140007528788704,0.64574569327071,0.154948898447424,0.360657034833088,0.430847742127235,-0.0339878204838772,0.111451859963257,0.105360801627011,0.217981424477787,0.174714143796241,0.275232747020308,0.161310238761412,0.48200653033661,0.236034579567776,0.228624599228321,0.430465039305635,0.349050162512573,0.342062183735574,0.163051007958998,0.674006149977168,0.222924837548263,0.589761241859108,0.390451433518434,0.13000559966609,0.357514144384957,0.22079149293784,-0.0572467244268134,0.569983009025771,0.647657567330246,0.00143215123324042,0.116734508690237,-0.254273249487162,0.297981220936346,0.176554471910495,0.34171091070459,0.528730020965327,-0.0109071660825067,0.259479732840604,0.303518347980664,0.228512928532095,0.260244854098139,-0.0890926409266553,0.205286732501401,-0.127344398544652,-0.0927601791135124,0.280936559672885,0.287524421093061,-0.127637840163565,0.325921629199578,-0.0231161304578866,0.542539195008145,-0.214067834319493,0.216133551052033,0.0126256628644021,0.126694442063066,0.165913636608151,0.206481901865778,0.314674687654309,0.575102414200963,0.180475185445297,0.36228068991495,0.520377112698938,0.287453611961978,0.172290341245905,0.33915149506578,0.0909722191298267,0.134914707381711,-0.0441708208739571,0.203090492453182,0.372499399308168,0.0439263626782707,0.375753852372493,0.132587539360467,0.373016640340387,0.0352788873693856,0.0123916151046906,0.405791977557718,0.423945260463098,0.371378815164699,0.458935903392414,0.10824521160202,0.122296998799614,0.184306588381986,0.018832863485439,0.177369802753651,0.495344154715068,0.226942177594307,0.518553267183507,0.17544492890026,-0.0544507350872377,0.255719918043089,0.0554480064234413,0.450779807703632,0.0185766473525929,0.343291109880182,0.444800295023072,0.448131534823473,0.511912364795815,0.254676400447138,-0.112280939955657,0.41572057693742,0.444696516479605,0.293274456828963,-0.0775466872626929,0.216791211515489,0.216621782868941,0.257183312437129,0.280135455242004,0.0771572695189743,0.308818376244815,0.484747794000555,0.156458852865748,0.207063302886234,-0.0417095835913661,0.450985820643484,0.325113315030328,0.135377168081221,0.326282813243616,0.146747151281012,0.378788156467442,-0.0196960470354923,-0.0183946640359111,0.0798427788078189,0.365069173179113,0.645215626716327,0.107053535512916,-0.130260971729783,NA,0.321100984334679,0.414803902969542,0.38979434876383,0.709322445392695,0.395868250247933,0.263623637418606
"ROI141",-0.0309563212313082,-0.0351123800833872,0.106855843966786,-0.0421985278012205,0.106832004028803,0.0485952090702157,-0.0629251319444378,0.0494590128840175,0.0111598753306859,-0.172286459397932,0.243546853971363,0.114879775876477,0.193412817884276,0.143609836535204,0.00800250061721563,0.196936399563498,0.136966393259224,0.0419405226842558,0.0221870802638934,0.168876316512335,0.105646497887678,-0.134604401792125,0.103121194429605,0.084360075423172,0.0435541807318606,-0.187634914717031,0.118454681213534,-0.0630087267804836,0.0125901344159059,0.16456436338133,0.0351166541766129,0.0659821052455287,-0.00808639922357159,-0.0766882152967283,0.087501371828176,0.0987811197393148,0.122935566301641,0.101518700152932,0.0694787175452219,0.119519655509698,0.0989545429235845,0.0660983877308477,0.0307731178228537,-0.030164750101946,0.107191707974022,0.0224190064160529,0.141195554683193,0.0548097472308152,0.121708601567749,-0.0337664454576758,0.0515269606441374,0.187913437162758,0.0796805354461917,0.121747433259283,0.168588510086453,-0.0221863615495628,0.0164772961826702,0.153396546775694,0.0703916807128418,0.127237387301428,0.133954836695869,-0.00127369914444447,0.0800164004273303,0.0269436813967475,-0.0417721323423357,0.0664449322110493,0.2034145594967,0.145311437456452,0.0650492626643875,-0.101435163192174,0.145264191834524,-0.00532462893268875,0.169106094282159,-0.0622753712956135,0.137754998557241,0.0982480978148877,0.0397668176427866,-0.119377408086827,0.454139768267581,0.0043230384257197,0.0753964900689188,0.107062386328924,0.0585297274105136,0.0688336431157442,-0.0663743847141018,0.0248979573672022,0.0954337466842941,0.12957257110469,-0.0972586603962581,-0.0695968977476657,0.0987274395588591,0.168879032049469,-0.0366300939140413,0.0442917388351055,0.118650630416403,-0.0241931685344642,0.0412984916282355,0.0775519754444188,0.107078572392858,0.166379344588897,0.126815767756664,0.0177116443485109,-0.088072559577427,0.0893028938376802,0.020766459435113,0.0297233388400541,0.0567366214667914,-0.00223581514902507,0.0109499817946074,0.0561210465480843,-0.028232046865459,0.100153289292055,0.0354222390090743,0.072406511737048,0.116591921093973,0.0225676756852841,0.0631509352156919,0.158659507275087,-0.0216637611074399,0.106307438132028,0.182460309770695,0.116952467036405,-0.110670131689901,0.120149728152993,0.108187233636356,0.189956399749962,-0.0171944418030996,0.0132847075054754,-0.0658785642654683,0.202015912822066,-0.0747575767980429,0.0553569174115335,0.139087966918594,0.0441170784884964,0.104444216754937,0.0969075874528905,0.0924665046419155,0.169359590359528,0.0155515612289774,0.129108640253878,1,0.15941434206315,0.100940351713089,0.140066483934374,-0.00761138551481311,0.112943474902194,0.0678077197301409,-0.0257553863148738,0.0902579715810502,0.0628125367836565,-0.0195603320799053,0.0753298321906141,0.0884591031838064,0.035261538855452,0.20210247085073,0.0168859745644067,0.0319184414107496,0.0939833162525766,-0.0129444036148693,0.14222215825914,0.143576827055259,0.111979893227849,0.0988455072763648,0.133188290827291,0.0922192986417547,0.0695848542567131,0.255159356374574,0.166463721170485,0.142146037408402,0.113636108033263,0.154417301433058,0.00656166690977455,0.124904314644741,0.44354554464847,0.123687182021985,-0.0681173278311915,0.155469378614879,0.130893204040645,0.0971565838869436,0.160237972809844,-0.0808025251003905,0.0963821891077852,0.00857117595752273,0.109025249642997,0.0252640844738422,0.0795433583914394,0.107726173410944,-0.0900125479511593,-0.0408833762671225,0.0996039824987588,0.0852630076157474,-0.00141103971054771,0.0393802078727166,0.0538460160971321,0.114852955634978,0.180717544382586,0.0154292659061579,-0.0202270282326177,0.024717864346661,0.106639163494217,0.0232620154867824,0.0987990737805872,-0.0259141558962407,0.231439395344508,0.0889822360334527,0.0652482466440781,0.0977493452865943,0.0278831556143728,-0.00267888658671867,-0.0461853424401955,0.338411652473579,-0.042347367149518,0.125982500057323,0.0395913421266036,-0.0196457781053838,0.092080052688237,0.122896963862019,0.0521765925358661,0.109549832045489,0.371556448493801,0.067175420557322,0.0733789043840618,0.0983798945786214,0.0713013194578831,0.127663272614155,0.0430454238001279,0.0311865391094469,-0.046594827909535,0.0240540377994689,0.161737366302978,0.217111118784032,0.0160502717029734,0.016211471389119,-0.0970883858820439,0.157849946726516,0.0393248770728871,0.0170438153227395,0.0324818026734553,0.155187304259319,-0.0177792120236634,0.106613919176571,0.0238247068455897,-0.00123909800696919,-0.0439683324882455,0.0907618769663599,0.0968191223870323,0.0174627058499755,-0.0196160988388359,0.170856549991489,0.0741529225712039,0.0823934496905502,0.123846883604159,0.00491678254823571,-0.0238157381765656,0.0999812582564301,0.136779581359055,0.163199300021945,0.0957859712819365,0.0642780913496167,0.220066310726423,0.147471275111606,0.115225214503951,-0.0115627558823362,0.037940685318173,-0.0916747309339072,0.000918903102543682,0.0173597227594643,0.0732561559354121,0.109863985189183,0.0372141269058944,0.0233598844134302,NA,0.117843627558677,0.13779849514472,0.109185698954379,0.20460946334519,0.0252410774274457,0.0875734136266198
"ROI142",-0.0352105988306064,-0.120675454290076,-0.0774113986969182,-0.0585041853790748,-0.0787387548608264,-0.102589003496137,-0.0523047903369876,0.00539045735506557,-0.0162651597878128,-0.149805025092298,-0.0877129078847106,0.0573630300514274,-0.0347560753454314,-0.109606399220577,0.00470217975033813,0.0138588201520709,-0.0191210759795481,0.0663388864032326,-0.114351925069054,0.0510047906418487,-0.0174184996258728,-0.0351919214151224,0.0363077052737986,-0.092815647528948,0.162370131365723,0.0485770667593246,-0.0883699427663569,-0.100551257834443,-0.0538755263198633,-0.0507207927342227,0.120086865973852,-0.0247946794667168,-0.0655660954202061,0.00236705366644289,0.00835606306314172,0.0582488397996017,-0.119252893632212,0.353930563264645,0.00314250538139577,-0.0601484147149085,0.112261359942237,-0.0490224640845879,-0.0052101158113494,-0.045917838628808,0.138281630171351,-0.0529667877036409,-0.00471230324267579,-0.0455719511471699,-0.16560635417832,-0.049455897954385,-0.090835617142707,-0.11406241427475,0.0349433021425707,-0.207273549982792,0.0463549084623367,-0.008352523751214,0.0105670746052521,0.00447821678548367,0.029707944030297,0.00403810402818819,0.0661808298691207,-0.0487627258555817,-0.085765049670176,-0.0312420797755093,0.016482836095062,0.0232899631633432,-0.0497086733070869,0.0215001388153972,-0.0997792096723038,0.038643458436627,-0.0792008515072088,-0.0452084503723976,0.151373909517853,-0.116998163874856,-0.0412113165065233,0.0563494327771566,0.139124351258522,-0.045677906952601,0.130067616948632,-0.00110728818839852,-0.129147399532042,0.00557154496954919,0.082373169855454,0.173956653550728,-0.0430022988075322,0.118544978231471,0.14737631413627,0.089963302328739,0.0529861461472774,0.0338271119409608,-0.0371678812531849,-0.0527681292326537,-0.0428769364632613,-0.079158269928945,0.0838267878123638,0.0364838958838278,0.0848448679745624,0.0605645902778153,-0.0334357396323046,0.0061572075764799,-0.027998318981215,0.0340491463176827,0.00393423626377573,-0.0229290419381977,-0.0203843560721792,0.106882475504039,-0.00439638131565297,0.0323041124689231,-0.0883368173019831,0.0669821181483641,-0.00624678733702648,0.0410227588534849,-0.0166826004084913,-0.00128997486176521,-0.0152153480483892,-0.0391943872121665,0.127921507855261,0.00530489980576656,0.00807417244933675,0.0397767242925069,-0.0606576066884441,-0.0369059777318532,0.00579147005551994,-0.0797904370514542,-0.108025897667973,0.248056270635655,0.0671051553553861,0.00498658494935242,0.0337086647482068,0.229863801341472,-0.085179418287563,0.0567290818793873,0.0896955041305188,0.0652162525129405,-0.0346817744829151,0.0339661834034983,-0.0182600890822706,-0.135968989854894,0.0147716924854115,0.0237931101544393,0.15941434206315,1,0.0645794957471001,-0.117518322770317,0.00991262160753177,0.0655850211304074,-0.00653290147349155,-0.0664371401791985,0.0843984262130202,0.338261406830809,-0.0631987621922217,0.00500166849212079,0.0114493084616137,0.0696133787847522,-0.124051067567929,-0.00923643479259825,0.0314010697978955,-0.0359230259732665,0.164207245501639,-0.0332948861805118,-0.175782656944375,0.123788151755556,-0.0490904317566285,-0.0778581640084869,0.140604334831514,-0.0274823566217242,0.0662620217469907,-0.0317853335465803,-0.0349028576305251,-0.0413606545780991,-0.0711305862733678,-0.0201008655918356,0.0154790616074735,0.270899653827976,0.0683481641363859,-0.0117948778568758,-0.0416028461552591,0.000177592458825773,0.0204187356644247,-0.105312854280254,0.0192415449661469,-0.155480826198226,0.0117003007669295,-0.0303429658616925,0.0264003372857306,-0.0727985038703592,-0.0363247013778584,0.00393874793704221,-0.0395916453941256,0.0560245967474755,-0.0118177354873837,0.00966755787661672,-0.0129747511902923,-0.0827794261968405,-0.0507605367272088,0.0367278430176497,-0.0552835085711276,0.0279060218455576,-0.0713253470041595,-0.122446430735125,0.019885363702132,0.217806751964997,0.0143850332806866,0.0403545352654361,0.120095993321004,-0.000902257756543186,-0.081004861000221,0.0703613553116728,0.02520906896636,-0.0271402588483555,0.00588479206325763,-0.0124138428931077,-0.107358532714098,0.0334121316923334,0.143071626955211,-0.0264243230514835,0.0214671252765604,0.0450341513009765,0.3839152452905,0.166136250451406,0.00424304629387643,0.0656460423251386,0.0824165882954316,0.0504018850466809,-0.105801309884008,-0.0815217078937248,0.0468479379870281,-0.0668082346100097,0.0697849125434662,0.00668547106565774,0.0495024863477935,0.055504675670789,-0.069236550513437,-0.0814006234700202,0.111944580991909,0.193936945551156,0.0624038159091058,-0.00784488620356384,-0.124255152188831,0.0108598771450253,0.0414639628824593,-0.00290627078769226,-0.103368376740987,-0.0899803246015287,-0.0136244261499288,0.0855591745309514,0.128834578796935,-0.0213951478426621,0.0306026446210101,0.0461217227331643,-0.0681403705311852,0.128926046203391,0.0271753686231107,-0.0548201142834454,0.000601623240893762,0.18237374309011,-0.0301415902137748,0.00982607456627036,-0.0738896598152845,-0.0811339958312937,-0.148528559104091,0.0507487598879489,0.090168157937081,0.0903599808854931,0.0911068846949745,-0.0885021673826426,-0.0740376496047964,-0.02869328172809,0.0188640780528081,0.107289346730567,0.0333057224370841,NA,-0.0484897864159062,-0.104170769326527,0.00778459849756964,0.0121394598491443,-0.0256630818006134,0.030413907737328
"ROI143",0.294315524276974,0.215016647117309,0.170191045617373,0.30528022621573,0.283088807054918,0.197649158847301,0.191429563353504,0.377422829880525,0.42573020992702,0.150633009567538,0.167209130137749,0.308955676417773,-0.00328976981316731,0.0811415813677027,0.353751650780592,0.303601416887825,0.364056125296988,0.370232127034856,0.048204848969603,0.415886003022986,0.0128236625839113,0.117939127021861,0.242853745747181,0.0743398768380308,0.187751043072932,0.159204111643739,0.342341666136075,0.275815257565134,0.383458019394332,-0.0688150793108526,-0.0354329776394348,0.263426568896527,0.179247784190278,0.221736053346214,0.421521657156252,0.526224882515676,0.112102200392957,0.0987547538367278,0.5155905634103,0.430543345370292,0.48779564615269,0.297011577163577,-0.0643363390171254,0.233166883971412,0.409013134358819,0.223705358796458,0.163747048042345,0.339521302300747,0.272419513295054,0.33795239907648,0.181409264827356,0.28391998008102,0.250198973489126,0.0952203900840346,0.419099462787215,0.325566939388484,0.300809239638635,0.146084149164347,0.295030347563251,0.517377448586219,0.156942071055799,0.0701408789175649,0.35066659886372,0.320545657524654,-0.279371482754895,-0.0186702146485768,0.306587626216365,0.0543489694347798,0.0250841271697357,0.0405282198792896,0.319131461222657,0.123966302423657,0.390147521578595,0.149152098228016,0.282989448439957,-0.114984519342775,0.0732545111182158,0.00499514477132172,0.180362322798615,0.428649479697919,-0.0920256798071614,0.332000441521187,0.375599083955741,0.28532933577664,0.266062110570043,0.324703758107061,0.341434291267779,0.471632634651335,0.0913734744299608,0.220179492422912,0.0453697332212818,0.186533551835733,0.375282686708251,0.176098870200604,0.418625949562923,0.289117680980359,0.220538654192268,0.216835062337627,0.138375707504334,0.481549193353273,0.316538867389549,0.389440166355565,-0.022127149385595,0.207692895225825,0.246108740393315,0.377019952137874,0.376997486546724,0.323712351750134,0.225578388168876,0.278923242089068,0.26461614584229,0.262783293682769,0.113671163484752,0.049649045653015,0.277959500751928,0.484911230137041,0.35338127960066,0.296348858320829,-0.140255840881084,0.285119288328716,-0.0397226425654918,0.281118457963145,-0.112041429624625,0.44739578606585,0.313590873411611,0.301062190780886,0.182196957998862,0.0505422991931048,0.0618768716631408,0.290093958007899,0.111788373778304,0.407939563443933,0.147494129749043,0.349667049624054,0.173692831050468,0.374943652687095,0.157456500294311,0.24685490058313,0.300225206801521,0.510237692704365,0.100940351713089,0.0645794957471001,1,0.11110670955026,0.285897267876371,0.513545714612671,0.597222714084953,0.23544465020051,0.277148972582391,0.00529838945983185,0.13904005203522,0.100283245776145,0.238695746844865,0.234969229490474,0.181654374306758,0.255208485908588,0.419715702420076,0.131789298503829,0.24959570838611,0.648338759690459,0.159846236548582,0.33563787265588,0.256500725954246,0.350655258409527,0.14078758235715,0.565755818648775,0.212755420837959,0.0973586582264452,0.358894760271268,0.26492772431196,0.120612909370815,0.482606783358758,0.402745843972201,0.0956959547148434,0.132189577980684,0.0620045251917757,0.668424903186349,0.142281872942258,0.544894411907942,0.331395252196564,0.0272183784125623,0.0992153323155101,0.286868120687338,0.233693483384589,0.35559852052579,0.0184218567383174,0.397553401629389,0.0266935516275998,0.187407057975506,0.363217979406749,0.400757894677965,0.0827856134862752,0.518015020423675,0.319856840327332,0.333032674770858,-0.151243147712039,0.43936939348243,0.0573563001739158,0.183923329893764,0.423569652627837,0.525252994379211,0.280284744559633,0.523134694023189,0.244767865418107,0.430722795997507,0.458940345936208,0.175419294576282,0.329152573836465,0.614585956386539,0.18460789397035,0.191504923960233,0.236294647943259,0.263583383050438,0.619724906021446,0.28056205136962,0.313983088584232,0.311090951702712,0.332207923881667,0.137819259094774,0.143750253130129,0.3631944517213,0.526860894290141,0.355783846551909,0.439253522044153,0.147080167523321,0.390114363722182,0.3284821469478,0.0980914157838145,0.358544236251255,0.340181856937468,0.201148395749485,0.683827916843974,0.301247972951312,0.0235534359318391,0.440353828291497,0.348922811337273,0.340786288523924,0.175355412024109,0.237923013548909,0.361075036745482,0.332916661937584,0.28342271654967,0.345208022073802,0.0217380939289656,0.296278361151681,0.418321625784747,0.475192893930617,0.153674141262188,0.287204567104797,0.56683593470464,0.229070159558183,0.28379900585862,0.273068012571421,0.204769716439052,0.314775504671403,0.250136084204963,0.174461187953414,0.0902969318426155,0.310196150488723,0.239452916937831,0.107903032127388,0.287143088995106,0.170516084485246,0.239149914545287,0.0876890914763326,0.0631067103093381,0.362243220372773,0.295293775549343,0.38155753084281,0.207790750912314,0.0153555609794386,NA,0.247724695328621,0.316336567812879,0.469616229497824,0.481064211423512,0.215316929660618,0.328654955272697
"ROI144",0.0718775063491372,0.0624379597757601,0.186711277764976,0.134105218666392,0.134578411317502,-0.0271593883601842,0.15134715921091,0.283965429245366,0.164942090117051,0.15910700820621,0.276229211127363,0.198698670882812,0.11396911058259,0.323571982539497,0.25157505905156,0.208206220517786,0.237383822949358,0.098246340979412,0.217947275633478,0.138951174826691,0.170382764276057,0.036555601115407,0.129433610543435,0.171584619421383,-0.075339877793373,0.054049924634388,0.376796681538523,0.17755718829135,0.175155973548158,0.300158887616946,0.0533182808697496,0.194272565486674,0.0519775386390126,0.05953990669459,0.10584852395765,0.191980541133003,0.144656255642004,-0.0661365250300803,0.188739717905729,0.259174481343538,0.153701078324069,0.204325131816579,0.24405361656434,0.0810119292879587,0.167774582911198,0.0872495570976742,0.223756684057241,0.244644368000791,0.269064219585632,0.114359554621098,0.192718525152234,0.194820449961596,0.284745628058287,0.298220034964482,0.34762348088184,0.0930073342247355,0.210729898834764,0.631340868320594,0.247351693729398,0.19974120938971,0.192725429748809,0.181072691789203,0.202474749061534,0.224216767825078,-0.0420383293645023,-0.00791337243398862,0.207289310850839,0.413413529810454,0.192871165944233,0.0745513409080026,0.305209170027262,0.107148685780598,-0.0100906022498544,0.240656836569934,0.176739851869496,-0.0307991021168514,0.00956380188460116,-0.105161500275429,0.267500923180348,0.131092822842057,0.206743487902627,0.178740138791877,0.0801380892981731,0.135205272017802,0.209737718440132,-0.170215527946926,0.0742691344084077,0.0933995259521943,0.0638331207917155,0.0909864126380946,0.200563969749189,0.309413721521378,0.134534390863508,0.210558036217539,0.289794080431613,0.00922866379936011,0.139338110692147,0.309463214911838,0.21699174367653,0.269345049599717,0.217183049711516,0.0394824393891893,0.0248512554444546,0.242778659865819,0.194560658894965,0.130624916478211,0.115383178889479,0.184220090043358,0.168701613077136,-0.0569611173973255,0.000552433333202667,0.326927093856938,0.270777483215658,0.35673698391425,0.281195716778085,0.10445806953579,0.157393043999848,0.344461171312672,0.0402801198303315,0.214443272863638,0.0743164145864991,0.268175565538107,0.0328893746860666,0.19191596611826,0.273503949853064,-0.0560542091966311,0.110496387034948,0.147434625476855,-0.0897276417786513,0.0462300987794426,-0.103218951288479,0.198428691317636,0.227486424010783,-0.0603804448891599,0.301435950400029,0.227788407554128,0.141925434452654,0.435402563262341,0.190511654419665,0.207838302475368,0.140066483934374,-0.117518322770317,0.11110670955026,1,0.0400499679337207,0.206395448373905,0.0718168066218168,0.149460164495764,0.323098189579635,-0.0656257820215108,0.572495917303507,0.130670939246621,0.184588702785474,0.0572368526294989,0.207982717748583,0.195254278187902,0.143568768714274,0.248076640134221,-0.0865070239287736,0.298243007313571,0.359920118803243,0.0199102897463979,0.176295645958046,0.315148793999072,0.151876652209897,0.252217428631478,0.38910896348553,0.300328613228508,0.28639459988426,0.298974194839527,0.257933975458461,0.17127588528972,0.207931913408537,0.0501299101916644,0.392714894189105,-0.0868247380780306,0.202298693592195,0.441788730335771,0.0469821049576812,0.426137896015391,0.00496163579799731,0.378413504088234,0.20824663458207,0.238632556356359,0.163481099099099,0.184259166814238,0.284876410719213,-0.0482623719546652,0.0871226731024199,0.205515881354983,0.318617777386529,0.0549955526394923,0.0675422543358187,0.149965244188642,0.234839871616272,-0.0357857036332509,0.193996461342156,0.0151984010043132,0.403700108419452,0.23852532592034,0.0422675801777126,0.0418978751772306,0.141633835744676,0.18513100095828,0.159964748771412,0.127079971580761,0.374501538084178,0.133936062182107,0.160780768692744,0.113917040640223,0.308975490267482,0.0735957086615848,0.262560180837294,0.177841767453723,-0.0682627256232492,0.411498329430857,0.258450864718316,0.142708514883659,-0.158168062396902,0.11350104369633,0.185240712309289,0.143215702821856,0.256174447025698,0.248002221376596,0.349598936854206,0.163620785318894,0.221539008650287,0.0719360589191686,0.134306767239315,0.396534296883582,0.102597337580829,0.128330779293903,0.131880002971116,0.153761304538624,0.145083674313783,-0.0250154924258933,0.142662032167269,-0.0883794589007208,0.31437104777724,0.131598003634378,0.129728082333856,0.15068013013968,0.307278434960637,0.0439160235033321,0.149603001310561,0.148388028192104,0.0830280291304305,0.110440913038683,0.221133643897455,0.19002748555263,0.163544429108775,0.0931607469307007,0.139905476836835,0.140387073047669,0.187035344555689,0.0431025300897483,0.0903717852971756,0.189949771284637,0.191765071111642,0.1388532451626,0.417991353343846,0.179948127184482,0.0252450467164831,0.213916169975423,-0.000723576600158982,0.125004006081733,0.130019781186232,0.157957004216547,0.170668029118394,0.126382319261508,0.0609896360655944,NA,0.269859264626118,0.222023807690143,0.268298858412914,0.237632503984934,0.157816859104408,0.173706184875654
"ROI145",-0.149904717229057,0.410089909357282,0.13644691532902,0.432837787946839,-0.0023452304502417,0.175434788889508,0.357089159819431,0.0450825549322473,0.0745379686619891,0.394201090222385,0.0213448826061073,0.128853818775689,-0.101339207934988,-0.0952038540036515,0.364695427306378,0.00218368072677111,0.0814286389378932,0.370070001730955,0.0698294361535916,-0.166496346510803,0.213980111182673,0.245991261892451,0.240610455543956,0.396328717015415,-0.0550362671422954,0.358254636001026,-0.0601589697200603,0.408121831506025,0.219131285525452,0.0471047122976187,-0.155847591464372,0.328027281904111,0.36471501860042,0.445981711018333,0.348162998294641,0.275151996028894,0.173889332481594,0.271080030769982,0.105721768610839,0.29217855399229,-0.0696398725352919,0.202767871189518,-0.0534443962015501,0.348454524707779,0.289794498320338,0.349099063269423,0.217402067502516,0.307662179587279,0.0539943551190081,0.362628249269249,0.320658315719101,-0.0344191070090996,0.176850494770162,0.161405106308673,0.146749871652785,0.231058265119539,0.0498544198407546,0.0354855279009153,-0.0629787234820597,0.17886442645599,0.0054440108056644,0.52810405744167,0.118852979407683,-0.0430958622888941,0.149701652038343,0.13279050320772,-0.248767992156356,0.0561045167426326,0.379517194077642,0.0976159888573412,0.135666573132461,0.416411447794201,0.0933459967609368,0.228471639591536,0.342843286591704,-0.0721875305538676,0.266217402234483,0.386180285697264,0.130481268306368,0.148853209473954,0.1479024493555,-0.164144885797779,-0.0556078348115233,0.354220896494537,0.107606188611346,0.333855756776322,0.211649015000694,-0.173249169958171,0.356086947893334,-0.0513771388501507,0.187600140433243,0.0101903039282373,0.166075539231465,0.330908302039769,0.149621917084542,0.266906802255314,0.0861417515990932,0.00468926827274446,0.0600094615907229,-0.0114280074835922,-0.153770881198524,0.39704993632209,0.575734848228124,0.141319018276954,0.338371039824006,0.332113218789948,0.421708094524358,0.261758465051397,0.0108999481537897,0.329344544539041,0.282622520183211,0.27212025653774,0.127107264993831,0.0582339161323385,0.248178923915998,0.0974783957632146,0.195125457057414,0.0843407850917333,0.240014505045479,0.264953419909842,0.000270898242834731,0.517296886001755,0.21223116513723,0.359889638941284,0.149448852943729,0.30779639776659,0.232347502196476,-0.120136666533853,0.083367116677113,0.26267882694102,0.380857514424869,0.236073111184212,0.100015367692324,0.000902373261742114,0.127430537072208,0.288952671027727,0.21248980599679,0.0457673065212708,0.276455414267449,0.0140007528788704,-0.00761138551481311,0.00991262160753177,0.285897267876371,0.0400499679337207,1,0.117460584360633,0.562262125714708,0.220925553514073,-0.108119947343234,0.119755162158661,0.242418199810268,0.368553694159272,0.299783764727306,0.387291996845256,0.231047284359724,0.220493029334158,0.2199784764574,0.0366801609857762,0.106242868902528,0.332826523280999,0.0813842445050016,0.0397933525652698,0.323419975633188,0.200593207348296,0.259906502894067,0.0889614797052194,0.153508386601755,0.0715996012677974,0.293099144909126,0.379212605777821,0.434520963862122,0.395725201158825,-0.0492424298710636,0.110104612646858,0.0535955221109961,0.255925728376175,0.446205165461728,0.156647815158592,0.466334075670178,0.303573321022961,0.426707522895268,0.466867786821429,0.271402209306306,0.0727801774704442,0.330348567280373,0.538244695175468,0.619471685927397,0.398818273975127,0.718116012771556,0.322706900701692,0.261067828833034,0.71853103348094,0.441592658432778,0.595156745904551,-0.151789783880946,-0.0571612628125929,0.626786866959305,0.562363917961946,0.236621349421652,0.48454164157185,0.393882703103528,-0.0615701250434746,0.107682480371929,0.320842760467895,0.234523665480512,0.109822670802414,-0.0203677637113401,0.346513553481813,0.188904071955509,0.588537770100586,0.110426398115359,0.725608463041421,0.311972001698586,0.365300050351653,0.747289497990293,0.231061328473217,0.376090353310071,0.203347656983122,0.121628499679015,0.180044252073623,0.587574587945939,0.185721361512932,0.309501690160212,0.233432062618858,0.417717824545893,0.610811776335247,0.31763925741599,0.623025284735771,0.670975954565225,0.130623861441696,-0.103713129165663,0.222000335854107,0.381329761524913,0.515997942807186,0.320779633599565,0.234671152122905,0.354515268681842,0.486566658170136,0.101049978427769,-0.0240693734994748,0.322937484415253,0.0587949094658927,0.206775724187019,0.325350254133897,0.0045445979031373,0.178628231538903,0.354350274719202,0.698280324149443,0.259960555342235,0.440704078151713,0.346189057623827,0.123179292071295,0.391129749927147,0.217696128580115,0.0726321216834006,0.0215469819832476,0.142857552096117,0.387030606396724,0.545546575925772,0.052151074298007,0.060727806378567,0.3489363984284,0.0765682111084448,0.24844561861793,0.244581144036148,0.24729354234327,0.55492638826171,0.111063515032381,-0.0879424868420514,0.353534826151414,0.393193143697926,NA,0.0871261000888152,0.220314728755655,0.352933274922877,-0.0459206062538507,0.0305249677755538,0.344805395893013
"ROI146",0.2574987792424,0.175733961056002,0.246068310301378,0.180820362175799,0.346570807802451,0.326657984100897,0.0927092478679987,0.49198820417327,0.575929172936038,0.253936363466977,0.279391683168149,0.326385788889129,0.150808148390096,0.153641622616201,0.463021362783763,0.504077106189288,0.448520494000911,0.390602784536553,0.0926297535545378,0.380034076361469,0.305236893922217,0.128377456956231,0.303430958587649,0.267727745923491,0.322693862154123,0.234562593112624,0.455392657784241,0.261664295368159,0.392336310171329,0.0207077067489231,0.267525945417382,0.275267096777372,0.174917631977527,0.27580070730878,0.300597164553189,0.598620417904346,0.230651654393806,0.0116863367131872,0.545825002756985,0.454704403291813,0.813747709009196,0.327641193595171,0.0812286553076433,0.303087012906539,0.576282444263166,0.121840947238888,0.331431039883063,0.395168376976476,0.326139963124097,0.272123688594328,0.327721331527298,0.221244221004832,0.329611656324687,0.2068907131941,0.497745736088604,0.401652510851043,0.369009994254384,0.246687878364334,0.309566347752978,0.448799528180939,0.224183846339142,0.225451410351379,0.223246784562538,0.390539745792784,-0.151352142544907,0.109967635741973,0.375114165759087,0.123223767495154,0.164820999686713,0.110440468900949,0.37087953994817,0.212867463659931,0.195939109812867,0.161413596405595,0.386889057172589,0.0180311629139564,0.096606566335307,0.0171447440868293,0.200253395211327,0.369614184525045,0.0810608149003226,0.363997198061859,0.343098817988144,0.444641815572806,0.358114895367933,0.174110170395689,0.400140247728924,0.49877156969898,0.0960615278113701,0.28566281435715,0.242569176176582,0.383085699693407,0.452449976865513,0.361104347553277,0.498069470661889,0.16400838957293,0.250133490268376,0.283756223434835,0.155357187427097,0.506821053142465,0.579146393146922,0.318540090618211,0.0851189413117111,0.271209375906714,0.325211391172037,0.397541763842958,0.299825877349056,0.354401168961841,0.295225462361787,0.0783868986055368,0.255341622808228,0.223510344113282,0.268747293738813,0.104425834477715,0.449348058139125,0.286196013212364,0.451561227460762,0.497517918583097,-0.0651953573640443,0.272361599809986,-0.0493822390330731,0.184293859734132,0.0658628115273176,0.340248767336526,0.339818742777096,0.138375571351887,0.164347608290201,0.12272026503639,0.116928980536633,0.235358441294469,0.138793174243344,0.526905561185369,0.201499112196117,0.129429410437761,0.458567906745315,0.394825425538985,0.306420754287515,0.336958672406615,0.190178878524727,0.64574569327071,0.112943474902194,0.0655850211304074,0.513545714612671,0.206395448373905,0.117460584360633,1,0.291781987736558,0.366752312653653,0.325673109408177,0.00415294529690863,0.240360011837204,0.177452567379673,0.259380572092592,0.340781236746916,0.204818901183323,0.267685192110161,0.61872764057852,0.26067596091107,0.247962700380018,0.554467106708257,0.296693219305071,0.222651982398482,0.237695137231855,0.599933354562317,0.269546250566034,0.608869971225719,0.449015339690766,0.15683108992786,0.353253598363383,0.288563852049071,0.26655168692811,0.471044728066116,0.487274637755838,0.0543322521320694,0.172516732686022,-0.209624495273319,0.39261816753565,0.210527788584696,0.402990756259134,0.396373838874552,0.166684461253503,0.264080383280278,0.466556536107322,0.179462140589682,0.315889413299992,0.21480956293182,0.262656804225315,0.0122894996928837,0.0218781464042217,0.584207043263947,0.46996208067294,0.125714741545069,0.456072886366656,0.23005245143215,0.563982986575196,-0.255435311563678,0.302791612675554,0.131658557945732,0.145152981866556,0.367093573719542,0.384592960924285,0.180661890306898,0.614767808259423,0.451368969447645,0.38847100492886,0.415075833550557,0.249262122733476,0.32268101948609,0.326011356647047,0.31775319169059,0.290991941917029,0.185910613865772,0.291213129251623,0.604804113894229,0.0408824424798843,0.310059663288316,0.269189082547776,0.450719646255294,0.0213719198472642,0.078383699607461,0.418785375816399,0.544631692466655,0.484081967769705,0.658274054040692,0.263376775785476,0.329850863556367,0.347876046488418,0.165523506481729,0.282114352075669,0.581890283392626,0.119238603597143,0.736722544878048,0.306120451473394,0.168062990811679,0.33358053161762,0.197941650614584,0.321820577549687,0.12457857031801,0.403808127622274,0.495824939241165,0.501220089851179,0.517698331065124,0.438197615525571,-0.14245233046108,0.460782733910174,0.455753190367961,0.348210562695654,0.0708486410178415,0.46708916505181,0.373918649335038,0.369842722142627,0.339459098838921,0.191550952516297,0.339581057765129,0.667234190520935,0.214834715414683,0.161408218541134,0.219769497361434,0.420150610091573,0.26416380592454,0.143545885874409,0.4348987151504,0.253372495976688,0.397315903627687,0.0637675437956402,0.110272416025029,0.211937853256999,0.452197578257551,0.452716043721622,0.31783656794346,0.0534826996987691,NA,0.311240836346895,0.42224204813043,0.678373886662335,0.490912999740072,0.39544311532668,0.358299311498963
"ROI147",0.0920075458832262,0.428104279387151,0.190407099756747,0.404638830731774,0.155237122148141,0.327483434717006,0.180470464596107,0.163558979304337,0.205074190305695,0.319666917777472,0.0849841171857484,0.372596920368512,-0.0973537859950786,-0.00504118630835038,0.304800954728397,0.193254909523544,0.335531098095984,0.393567846082225,0.00801250230409352,0.258851663169103,0.221289148453613,0.296090262957765,0.346151979082594,0.386062640306451,0.00564177732018275,0.249817570378415,0.145884767641472,0.333238807268132,0.298140363591089,-0.0052039942469808,-0.236722632468677,0.403277577007737,0.480468054532736,0.326657204671127,0.685146651668623,0.511524026995224,0.166093619472795,0.460350504039267,0.387617086493572,0.521681564821812,0.120236334928954,0.198432680568713,-0.100703445927964,0.435856275294204,0.422535827210512,0.429603951856509,0.25468383183112,0.411280473594828,0.226925167684464,0.451185309292935,0.415079993243812,0.147716359527984,0.227490331173703,0.161858173518003,0.285303044581618,0.329115744206266,0.121692549738283,0.0644236099993545,0.121340743092424,0.382702182734166,0.047587507378907,0.407123576400709,0.268420024549683,0.0233618624061732,-0.0264447197718443,0.189440522180212,-0.000780744502616292,-0.0177802667433991,0.234682964149161,0.0191118320520715,0.227287513168164,0.336111504056483,0.497093067022159,0.257705611763117,0.462126357504823,-0.0779521630515005,0.259370384896716,0.300725683096787,0.289126928848309,0.215730350228021,0.0973386529887863,0.00424526527608681,0.205520031138766,0.31549965310222,0.0550460114576819,0.700366716717206,0.446801947549177,0.0283642563230527,0.251798035811266,0.14603493080528,0.0532968679028639,0.126285074399473,0.263221097006882,0.354593439354428,0.409451407214525,0.537578200054738,0.113282376572488,0.00625243424661377,0.123220289304921,0.336696128776079,0.0482980569323491,0.628140005092487,0.247527933355579,0.336204505456008,0.275097756551511,0.383415516123023,0.44557656382134,0.408646792586871,0.183986072815728,0.659082406195843,0.265313403873405,0.310845326968708,-0.0388436986056083,0.080161046941268,0.247527445946711,0.311806973139625,0.222339819918024,0.193235598384175,0.147786508373242,0.426778908298121,0.173417501139327,0.603159285393164,0.176595232355778,0.467672352949296,0.303813847432286,0.571376846154741,0.18952145732727,-0.135868891993735,0.142459414712884,0.530780389722999,0.306764281407859,0.362596378544294,0.11473715926816,0.343913661847576,0.255146869805144,0.406655055012391,0.176509620073479,0.0995901460033418,0.302127023407528,0.154948898447424,0.0678077197301409,-0.00653290147349155,0.597222714084953,0.0718168066218168,0.562262125714708,0.291781987736558,1,0.200908387277898,-0.014251857336522,0.319694580611053,0.189020160721713,0.378839836633694,0.377842214355618,0.360616157989311,0.275863732412509,0.247142485672647,0.274589320556515,0.0150233601793035,0.135558156654865,0.495136008217995,0.0906071160271856,0.305177217938325,0.416130345605391,0.264514331384191,0.246997375306122,0.236324301835572,0.122883198700822,0.188471076377454,0.240705841803962,0.42007699555739,0.352737604317944,0.402141060097714,0.173035875974699,0.0334007632599607,0.132501083041654,0.298504134777517,0.573102162363901,0.16192783800205,0.584895167905988,0.286871700204697,0.334578521670419,0.360399164222517,0.296047031145598,0.248365599211513,0.441456048078496,0.376656007532464,0.547494783009819,0.337800978407644,0.557873655032196,0.355771759063567,0.414868542343785,0.495708472675882,0.583227385378294,0.618448934722391,0.00538759301504384,-0.0116730243116324,0.487296666136037,0.388471195136951,0.236648246450672,0.585174008137438,0.689552659597728,0.139162084595224,0.155151140655348,0.425117781578895,0.374360202057757,0.143393126430689,0.0764753819602186,0.396538022570609,0.521727800593983,0.496297568895464,0.241677100739001,0.660049064087744,0.298129613002017,0.558630795764009,0.511654117399483,0.176120569700713,0.273087550320398,0.348193492802321,0.220532590172206,0.230112797936462,0.585380894511608,0.441075677205556,0.315296180242821,0.378735204224519,0.431431541946638,0.669553588365889,0.360214683069652,0.450479434735497,0.648190784332393,0.267362925361538,0.166365598125879,0.423845081511613,0.426070521748828,0.33005197667892,0.509378242252581,0.527796299159303,0.318527559352818,0.535710077895258,0.157540862993695,-0.00591512441654467,0.431220056032009,0.0267137482459104,0.285632335897258,0.310022237562255,0.2322491242168,0.242180852114711,0.612274234674658,0.563115293379088,0.330101797188412,0.599963592744223,0.390343407833947,0.195832279201351,0.366485171603061,0.162946221082535,0.173948977907101,0.291092732348433,0.364278910956071,0.456337250956641,0.461230747096053,0.123715497973678,0.0854112573770184,0.32722990526382,0.137550581296108,0.271261401122942,0.187233459506771,0.193540104481462,0.652759108803661,0.286319964694992,0.0424598649913371,0.29134959183877,0.333274505495334,NA,0.248941713264132,0.348181494510285,0.495056236020717,0.155434876517395,-0.00246040273517863,0.340516580674316
"ROI148",0.357736189667338,-0.0458279377990712,0.250639820877638,0.63074710438221,0.479029251177011,0.104381103907889,0.557899801009032,0.630721887888269,0.415880924614676,0.241401587952993,0.0572414537836292,0.274392773470047,0.155859700445687,0.235449468914592,0.611506703552344,-0.0475010556928622,0.47388593602104,0.530816476051334,0.208870289341505,0.184037583394013,0.0726176455331516,0.0488635820863328,0.455192404567511,0.143301956397056,0.0987762704527435,0.24663279336866,0.387509394874936,0.728343993034565,0.495782373346238,0.101212192346541,0.0729489352705215,0.597062100084639,0.0681869627148814,0.589156600129804,0.207251584707898,0.310564429922876,0.103869052344855,0.0769345424113653,0.400931763695568,0.174370241610923,0.296869968637009,0.298579685554177,0.108760525809773,0.387721681286552,0.571226504931378,-0.0455363098214482,-0.0653044024810389,0.374339718374712,0.24544256038842,0.563266133543816,0.328552760564493,0.0558122314351843,0.463632403271821,-0.0112978013746926,0.426275622342505,0.438544289896639,0.614519083420746,0.264137865995532,0.340883667674151,0.298572516728614,-0.0469326019538723,0.310490996653584,0.164750804397106,0.47689828023783,-0.0114447310050374,0.0355600246393696,0.0786612406766407,0.25355810557704,0.0805905659070903,0.143181940095218,0.389560694525366,0.0428308084746711,-0.0874915589836539,0.0261526825171065,0.28231344209319,0.108427004549894,0.204466440593888,0.0327328147021487,0.0456980790965265,0.4178683659504,-0.0299220612280484,0.265201026970532,0.364521401044919,0.335309732274192,0.699436105248784,0.0228958229636651,0.27545547210454,0.164094060321699,0.264109540868633,0.216616181878618,0.163825811772754,0.0981462263967394,0.578996485811096,0.0698690302653747,0.271128417089484,0.187035573866124,0.348328335371838,0.232355122883907,0.266129775168562,0.22058021557735,0.189773469000871,0.294802627428706,0.210632653860727,0.212321409459172,0.521056216797813,0.416080893934372,0.0912070683186293,0.346545367535616,0.1340639552225,0.0381192462082595,0.0583998074066462,0.274053277570724,0.375345720509787,-0.0719747053325318,0.402170809348803,0.331881282110596,0.410639989672959,0.265963805029618,-0.0238927897579942,0.345070436305703,-0.0158667361230832,0.238752172734926,0.143630889591862,0.21667210358537,0.0149641541569169,-0.0960713665236652,0.191004642556465,0.0627541970087242,-0.0425886405355842,0.107262421117792,-0.0446115845407001,0.327452649639311,0.357946630405854,0.0368288394856696,0.0747887833781652,0.239208473272732,0.101671872592658,0.160297042321707,0.487949256066497,0.360657034833088,-0.0257553863148738,-0.0664371401791985,0.23544465020051,0.149460164495764,0.220925553514073,0.366752312653653,0.200908387277898,1,0.18120529778063,-0.0420897538792007,0.206508250876897,-0.139994999906237,0.345899330454159,0.63298602663074,0.0485177854807223,0.30859737038831,0.678982322089281,0.264624943580212,-0.0353931850080799,0.209523106524864,0.0425427098144861,-0.0739745824029464,0.0370393625854225,0.337341218676947,0.375450718170818,0.682512746240908,0.292651092891725,0.288328986444724,0.265385252886872,0.299405998007996,0.236749891523721,0.507938895895788,0.30439987939866,-0.0752645562198778,0.215712823761919,-0.230255483038667,0.29654247186808,0.211520894178422,0.110436227516018,0.200877078174049,0.243064845832914,0.300906046928585,0.638099974650752,0.148020396966748,0.374902001805356,0.188484280696016,0.16461686884888,0.125385836857855,0.136509519458048,0.31093149684174,0.376115104305058,0.222087807574105,0.101508567909699,0.0751709318970627,0.469908863454582,-0.318969579280964,0.471453040892742,0.274439452070093,0.379122996222178,0.261393715666748,0.211936930256485,-0.0135670258281932,0.438987184884297,0.0881954457348014,0.341518318640661,0.527121844378306,0.2853909763036,0.239657209207962,0.119403980720858,0.448927568182708,0.140153992767057,0.289323554581826,0.366262013365191,0.346038555268277,0.104813708332373,0.185101841208802,0.400115071069879,0.58480989066216,-0.142513204477936,0.145388207534326,0.211736067455247,0.493134845255258,0.389102522774146,0.506654301431272,0.235028003093085,0.184780335484433,0.434976253949334,0.227588791166611,0.417452835708442,0.431471266104436,0.113340732662729,0.262796017338221,0.217130575354041,0.395317969365459,0.391746888900076,0.0584031080675165,0.422203147040991,0.194190316682353,0.432660857374168,0.409410936085966,0.446568755966212,0.770553995516406,0.377897204004624,0.0447987441976418,0.561818906645113,0.522080123942023,0.265381184186914,0.139570257943204,-0.017029856963209,0.181257970442506,0.272245759314978,0.188834551784212,0.582492245495832,0.824981066051085,0.593350900255452,-0.0292372811741538,0.166762688537613,-0.0342737576912222,0.360626140986307,0.0832332397612975,0.244398967870396,0.730554591541161,0.0254545848171781,0.604146158796992,0.109064878798387,0.382622623137263,0.147174814420342,0.643905351569044,0.273279541417681,0.473787982389388,0.0712720598404016,NA,0.179726511176687,0.251607697211464,0.446359932505523,0.0931129041676546,0.615433596643495,0.632318969228752
"ROI149",0.409076368535963,-0.0587416466447378,0.128478000446209,-0.0170940207001358,0.245757272043155,0.111662098944492,-0.0762669180882866,0.351528774806554,0.220147761150418,0.146381336725853,0.361275173241669,0.256474542802112,0.0241246147242817,0.221916975786515,0.235743162967396,0.22191927331404,0.336878183701191,0.0783080345479228,0.166755286817762,0.37294193328583,-0.105217399600694,0.0391326877958271,0.103114279026545,-0.109237048701399,0.270856079667296,0.0736458858388615,0.54503639743699,0.121230684223044,0.117863935488511,0.0076045840859002,0.16234737955742,-0.00661967644752541,0.0212651976683744,0.00474724691719395,0.0958983288592997,0.25566652543702,-0.0614312304595215,0.0440560578571237,0.2663122672811,0.0588674708236242,0.330850935882079,0.160051319464925,0.309919388332698,-0.0231120515387605,0.13023713533832,-0.00861510805976833,0.0338353745283209,0.0632212005840026,0.28341639565808,0.157748111470498,0.0282594218909956,0.442795387666574,0.24642605097355,0.172558978320594,0.354675112212147,0.178885840358416,0.246425064679375,0.356538226292907,0.492779783639327,0.103233376299332,0.259969550673501,0.0785162772567728,0.223553139197947,0.392020404698554,-0.130100252619125,0.000642628466510472,0.487265229742509,0.115800824956861,-0.041089654689135,0.223179520889398,0.380273491446569,-0.053059664309177,0.136057691090586,0.128827830068751,0.137847167537756,0.0431152399324609,-0.0482642553679693,-0.143276457274756,0.120085602051988,0.152311366683602,-0.0288403708862788,0.509930659207915,0.387052061022661,0.0663164132049089,0.300661293042452,-0.00491983586056658,0.21693559259637,0.40775003663295,0.0288015197845201,0.178951202312572,0.189120534312002,0.245270967209125,0.302655461354288,0.206288975679805,0.391673343094332,0.133767382993493,0.182959260113128,0.499454193983667,0.211789024987784,0.415620449343533,0.299475006422887,0.107754187320268,-0.0826869664818276,0.161852538602367,-0.023224136207369,0.17396051440485,0.100855240141392,0.171201512522487,0.219565956822031,0.0268279124504231,0.273448316506083,0.237606990961196,0.0798223160735919,0.169975742072787,0.275522365681635,0.201074777210014,0.280146552077429,0.301721989090956,-0.0542770649388194,0.126131895890905,-0.0454168600264328,0.0969008123353519,-0.0135672159766378,0.0290106698670027,0.18077340305667,0.0940153159366157,0.160232646160253,0.699860856888683,0.0930867559863708,0.0743370016234046,-0.103101344700767,0.184585514570651,0.244867872065587,0.196136404371779,0.124106593206532,0.245561517419479,0.242369694436552,0.348496550748542,0.135812379198294,0.430847742127235,0.0902579715810502,0.0843984262130202,0.277148972582391,0.323098189579635,-0.108119947343234,0.325673109408177,-0.014251857336522,0.18120529778063,1,-0.0462479068535451,0.19830562430068,0.0148744739889136,0.0054287539961782,0.0237939457784105,0.112517117119106,0.207756190215436,0.242407786660109,0.173454800809846,0.243930718432441,0.279716933886605,0.336646854076167,0.208644569526094,0.154311853553373,0.286619624735958,0.0658786460600457,0.381949647362455,0.406286439875228,0.177424082578451,0.397080728115741,0.0875717182581754,-0.139761727606927,0.379278666368767,0.555357683663741,0.0572769135742088,0.0345738799038599,-0.242884800061487,0.140065781118986,0.119639834265714,0.230437377437273,0.385120458929265,0.038660122448234,0.149478803816224,0.222728990867799,0.236584363197896,0.084572793061956,-0.191826875463389,0.133115361481062,-0.0279061514270553,-0.0223690461434312,0.126607492794974,0.17240341206685,-0.170632206965399,0.186608537175283,-0.055521435528653,0.399211125335941,-0.164412020009189,0.0772449684181774,0.0554624600758829,0.271816638943067,0.0474345036823312,0.103336515749951,0.25339235968386,0.38983931619058,0.0679183711620919,0.242875561866129,0.432592729781753,0.449642277924639,0.173732863497405,0.269976200853114,-0.0372438603591097,0.319932810632602,-0.0857533096071433,0.202898591150891,0.163893679832107,-0.0279016809059507,0.481011243289163,0.130059854610211,0.238997960708688,0.143052450592098,0.107045675392924,0.257962638309455,0.175279179436436,0.229299758538331,0.257886490700867,0.0964097933083504,-0.0480823491984345,0.147646224876841,-0.158116627190076,0.0514293339109655,0.396585045510214,0.12450502757087,0.279841033647198,0.137738869483179,-0.0929738689709855,0.104903012888278,0.159465673093742,0.300339417061655,-0.109805477174494,0.339570837531653,0.232752081516997,0.17829448476165,0.29126919786423,0.202480069225033,-0.0677068599550772,0.251397451579233,0.361682553670488,0.0971034926453849,-0.124104944032202,0.0588245839070644,0.0691384013107267,0.0818635070209994,0.125285593841971,-0.0738875500793349,0.236908433971534,0.215225935182551,0.171513176429221,-0.0843776178689081,-0.0595529737564007,0.149280725644261,0.260134936683029,0.0507831791800767,0.114125219870014,0.0493375840917022,0.283439098198918,0.138955080307154,-0.0652372121546372,-0.0478676997098795,0.241982347943402,0.546526775854043,0.0156020249540597,0.0219862997006459,NA,0.28437916894442,0.185976890266007,0.173805473041015,0.529034599364415,0.371460766723481,0.169820277650405
"ROI150",-0.00801530446605135,0.137808361036591,0.0109568508846597,-0.0455189555893566,-0.0573014210203608,0.150983709798879,-0.113890523347612,-0.163999122644044,-0.0858659734640804,0.043379038475441,-0.0329612373921224,0.211357634534711,-0.269986540199596,0.0417248764262135,-0.0911090250399432,0.0744715721975244,-0.134819271255995,-0.0364957974000849,0.00683954646935461,0.0271179447873549,0.233327865425448,0.0980175122268516,0.00540209911003411,0.225103400075529,0.0560286714724406,0.113727505136758,-0.176530827908341,-0.0778683759181126,-0.21701196789305,0.0077446089890365,-0.134473295352958,-0.0441259556342494,0.179793730003661,-0.000168075434779741,0.217169612931773,0.0128908127985625,0.0671131054873528,0.573413359503741,-0.0776799420254977,0.0757433349983767,-0.123722410580939,-0.227193694272907,-0.0584874587696781,0.103897451720644,-0.0333218864429058,0.133576549419845,0.18788853177129,-0.0946827629824383,-0.147001860196876,0.0492165335477272,0.212278386882269,0.0293436943089494,-0.0511288651636945,0.0678427264847528,-0.153547841537528,0.0293474605819717,-0.0503356156618959,-0.159043437266539,-0.179489934240991,-0.101228039689304,0.251821022957067,0.177935370143589,-0.114281846010725,-0.28823532957741,0.218527111187445,0.375052449305566,-0.0771325631426858,0.0566115352674068,0.133969414206738,0.0793632574608791,-0.216272056478851,0.154414030692718,0.484744852645826,0.0973329094045921,0.125652392597636,0.0362024061982742,0.0150620791837863,0.23767064654564,0.141894426023164,-0.217179034070799,0.185795360951493,-0.235873053270335,-0.050016378183368,-0.0553573926939501,-0.154084608884251,0.596306625650345,0.108212234747097,-0.143839824739111,0.119038504837554,-0.0480813329898715,-0.036686315081913,-0.0336248981768306,-0.147067404636095,0.0698385028557864,0.0483013103387597,0.428344460362078,0.0366541638670521,-0.0229416077056839,-0.00991648067370353,-0.117603663239288,-0.0627418886817766,0.251247250724356,0.227867645890182,0.246908014220226,-0.120031995637758,-0.0505439696786861,0.0938726296376299,0.0802156664757843,0.121310740505588,0.610162966528442,-0.00205961071201877,-0.0486255594555902,-0.113869289213707,0.15696152665139,-0.16084246919229,-0.0466976131323592,-0.082568816549885,-0.0432821130072204,0.248630370977117,0.148712212568426,0.276874920902399,0.12723983810758,0.177297459370276,0.0202244207656343,-0.0593261561985116,0.420073687921988,-0.0355704914104642,0.0166438139431187,0.0533578604107671,0.443246384803795,0.142474294300882,-0.132859275880497,-0.0456181330647527,0.165969607986984,0.0946036489800739,-0.15252302236663,0.0551731948892475,-0.160749835835364,-0.154703296416312,-0.0339878204838772,0.0628125367836565,0.338261406830809,0.00529838945983185,-0.0656257820215108,0.119755162158661,0.00415294529690863,0.319694580611053,-0.0420897538792007,-0.0462479068535451,1,0.0263567210102083,0.150951656714546,0.0381619912947533,0.0356437907239251,0.0871031150907328,-0.146587896070864,-0.0758425841999892,-0.146780280387569,-0.0111955134503671,-0.0518707960464858,-0.0743725034153983,0.3261432294889,0.193384130626938,0.117230743474731,-0.00974047744947024,-0.0907189455494649,-0.0802766221074683,0.121383891989029,-0.138586117848482,0.10152967646802,0.0846230732205272,-0.0767792338651031,-0.105841511222056,0.0409884385745471,0.113016095348177,0.193229886762959,0.0554501215211756,-0.0529912418629777,0.164672117067124,0.0184181733546123,0.135828014988892,0.129282680903448,-0.117155707712752,0.218907942318775,-0.0964430199493215,0.202476522063093,0.021822039550963,0.234348465097838,0.226139311821055,-0.119576067281536,-0.127504540841759,0.199758107361573,0.164922096906365,0.204771702301796,-0.207224836605862,0.211272465616756,-0.0247758938111764,0.185027971661412,-0.127757291601107,0.0966524041529675,0.134738690753484,0.223583994632736,-0.125868968157945,0.159824421529944,-0.0453631293918062,-0.105327372275154,-0.0771414388898088,-0.0881381128173985,0.106449189752777,0.0711141853236718,0.103504175109236,0.175347607461251,-0.0745219991263479,-0.072836737911299,0.255368623419631,-0.0950309629687375,-0.124518840033481,-0.0567197094567245,0.373742317627453,0.139914604861377,0.127882103363785,-0.0477742756623363,-0.16765675416452,-0.0730141096886416,0.219443863517299,0.250739008485205,-0.0359376588356036,0.256741578542865,0.0827987042690514,-0.0742847236258841,0.150084921529168,-0.077739063898592,0.000392125733035191,-0.02315333006491,0.0346472301302855,0.4716765014509,-0.0243200843177999,0.32968082635727,-0.167088184187105,-0.2913685831874,-0.00198020180344892,-0.0842522312862435,-0.0648535070034722,0.0934117702008424,-0.158251771854514,-0.169737713080097,0.151150369738344,0.238928449133309,0.084593394928371,0.0146010989907995,0.145878109462466,0.0939611825270798,0.0186338748983878,0.0232625777811792,-0.0396512039332746,0.528827350290749,0.282109359912738,0.326433952107048,0.175156441568616,0.118695883147798,-0.109810037627225,-0.0666698547568017,0.121080663600555,-0.0381316090852045,0.166097752674174,-0.166538949671645,0.264405367756623,-0.0552702054394284,-0.198823411463937,-0.0182400898077805,0.235360116324177,NA,0.159659818506134,-0.0288879688313935,0.00274574965391789,-0.0401132057385545,-0.249029500481875,-0.114762147181026
"ROI151",-0.032638022649451,0.218767726792165,0.17142612083738,0.231410505195349,-0.00716955730738031,0.170487175550953,0.200555268606881,0.257114645657524,0.16575625437467,0.233223452819769,0.0319694136560542,0.120333938218946,-0.0352857981579488,0.1079142127055,0.289023888664263,0.164116786156826,0.0774028595259851,0.169658826685137,0.152291708072923,0.032134101976344,0.264691938822571,0.239215830842653,0.242761094592643,0.293698303812645,0.0991833129026019,0.260186396540599,0.105198648593985,0.223683824779577,0.221774244226128,0.214254661095702,0.0787862900653517,0.225825035657046,0.228891971023326,0.251814995980402,0.239457447140568,0.264086875493291,0.265649284265014,0.0877623188994686,0.251909759339727,0.317852920238701,0.107170617655492,0.214930334285845,0.235550201270307,0.26168792715502,0.229706365778721,0.241585232495404,0.245766861747397,0.347792040997264,0.180661452051365,0.15880443436655,0.321634657706393,0.027775976627989,0.231433682365838,0.346208749663238,0.263544269963889,0.212990263445635,0.139272367312502,0.356347800870253,-0.0216289065475253,0.234539964540003,0.106316637925002,0.355277602869546,0.0518554443313262,0.0420527682636143,0.113036172427082,0.0771523105233755,0.0440568450855548,0.281711086203945,0.360405674989831,0.0434404840250282,0.148304351979421,0.260286639879506,0.0346666574583087,0.32179403785363,0.130950941530864,-0.0333836182952948,0.246382947748419,0.185773873266963,0.124518425241464,0.193930198172855,0.326184198119471,0.0861108257777478,0.113644585311329,0.302718176530561,0.11071158197051,0.0354134271656804,0.137023280139604,0.010671058001973,0.215692140353774,0.0920514233206661,0.230219486650821,0.204841347290958,0.176431891883683,0.265103082773525,0.213809446092449,0.0842287265483109,0.12776312673303,0.346657573853665,0.249527899589263,0.105199256906962,0.122893168872478,0.207012624459863,0.247693381875126,0.194976237770244,0.221426767746644,0.269916259048557,0.229939224984013,0.271226747226713,0.115520792209032,0.0625431643378248,0.0618461311043946,0.230045232102963,0.196059330523127,0.609812784733235,0.307608836726531,-0.00841804106940474,0.180981340037979,0.210209562007875,0.324459225698284,0.24257037144813,0.0460377214462995,0.30249220567052,0.171108957948154,0.202797383389045,0.237647655558517,0.0541753261758611,0.0960322360165908,0.157840419560921,0.0937032732109273,0.136839623967288,0.181265724150453,0.284586397190644,0.167304439980797,0.108819612248617,0.312928971434306,0.268626910777183,0.158502582443248,0.154235827633718,0.1284459877023,0.111451859963257,-0.0195603320799053,-0.0631987621922217,0.13904005203522,0.572495917303507,0.242418199810268,0.240360011837204,0.189020160721713,0.206508250876897,0.19830562430068,0.0263567210102083,1,0.215697559059657,0.20288576276628,0.280630525321549,0.113342973252051,0.160069602141091,0.216804199940983,0.0624292366213225,-0.0114316110187867,0.250344478598594,0.295919595912011,0.0223559113747242,0.284941218741896,0.265828099648041,0.141755407580814,0.176031949563495,0.260707087863172,0.119563681704729,0.131583992942154,0.335315756234993,0.436482990560875,0.153412794712308,0.0439025268285106,-0.0624188815052029,0.444721501888546,-0.0234337097121159,0.157078178067441,0.309901732328429,0.155580007047951,0.280830862303141,0.244253227244873,0.398982778139142,0.230740875749586,0.107557819617531,0.252059484897638,0.356722127215761,0.199112727330544,0.32138412212416,0.339059613741606,0.317070740266955,0.268723185979734,0.315028846366855,0.1860703748258,0.303289254767278,0.0964403584230471,-0.0969649752192216,0.304993462461328,0.266043010560759,0.362514946950244,0.348100988904544,0.207794861488444,-0.0233327413872319,0.174821677027823,0.265440049610531,0.144295032988563,0.0935414023128398,0.304441973946301,0.213987558792635,0.175122348146154,0.3825625133552,0.181797786572965,0.312322566361514,0.236045121664705,0.319290449332157,0.239145463062953,0.350354555807985,0.248744359004838,0.230927593028907,-0.0473439482509279,0.114055105144104,0.220061971248444,0.22013407632737,0.295367112729717,0.311805843857082,0.497256623028057,0.315730355922708,0.239440964768936,0.32676155181832,0.270269324354102,0.334523506818256,0.0827212133529593,0.220085125613464,0.151745993312598,0.306026331219861,0.258435057639748,0.00808602085962304,0.240125457986139,0.206883384739434,0.215972983424454,0.151015642946504,0.145916837786832,0.148067685485514,0.226430152940873,0.143872743384532,0.124410828986441,0.141136452035261,0.177541776054508,0.29827992322644,0.203056529421637,0.289213284997227,0.194871832229456,0.125932590655557,0.257025826923923,0.199409798409122,0.216266107746614,-0.0392952866163437,0.126007399158562,0.32500525145736,0.268955817466892,-0.0671069253166991,0.369136085891359,0.245282275263449,0.230927116600302,0.161153234733814,0.0777004157366537,0.213521193357922,0.345377768561047,0.137213310894007,0.0370925877482873,0.229160023672418,0.394062361560027,NA,0.215151105546415,0.221773347026174,0.40148904068428,0.0217641441283713,0.0969495843813453,0.293970799170928
"ROI152",-0.144211732414178,0.486919816268812,0.0357922024155718,-0.0425140980333871,-0.0920116746000377,0.254883601843438,-0.16000113372403,-0.167574035483117,0.0160997426701948,0.308560900390441,0.22994789845844,0.137835223654625,-0.0927358090832991,-0.0109684141415722,0.0845354157392676,0.552519854752004,0.0413105391866494,0.117994010189385,0.133584767587678,-0.0357353712000717,0.394474483930864,0.341878830004511,-0.0206458910207115,0.402591300454034,-0.0360225882310332,0.10330846661424,0.100486219575769,0.00849190969615231,-0.20849458401781,0.0469107103108588,-0.153124550323114,0.0118970621371177,0.497002829144686,0.0392908031983886,0.350870529228828,0.202388966854646,0.162984777330234,0.1042018139688,-0.102333093393989,0.269571918167119,-0.00441079698482385,-0.0751577436238059,0.117966496897243,0.290579613591103,0.196540991588447,0.500274939449963,0.628957620467454,0.0488455234457508,0.17667418711777,0.119300611096629,0.257314173355831,0.206258601144366,0.0286092953858696,0.483643784331976,0.0276217827777047,0.203883904622567,-0.167645370392465,-0.00993970817147593,0.050110647415627,0.0908786584863002,0.170508783246492,0.396599559305953,0.0532024287239774,-0.0865803015815204,0.108356260674029,0.275284324987264,0.193941727709288,0.0286990034416714,0.420067684531097,-0.00592610290448848,0.153284764258187,0.466805624525983,0.217763219489699,0.367128981725115,0.246275493187865,-0.0235028891450304,0.0393212006494332,0.251438382501476,0.121776136303375,-0.263855334089484,0.308265624021547,0.089957617230245,0.0892346042327125,0.262155903897518,-0.129923709059179,0.385835776841896,0.234210849899491,0.0718978897658148,0.0542916279875301,0.174412045437295,0.14737129104557,0.592115820460109,-0.0350056876504151,0.54559261448126,0.134646895894384,0.288293565747,0.0260891166592053,0.0151777802755627,0.266152753732047,0.235965432063679,0.146640930025761,0.306207125332905,0.295713973759332,0.19107146929524,0.0268732652145832,-0.0058379543698063,0.397287006890707,0.104685577576812,0.161516462306033,0.286273135633855,0.318872791634752,0.126880676248013,-0.112428499782146,0.260786058456127,0.111297756511399,-0.165933766668167,0.0162230805628974,0.214137858754472,0.214070454897219,0.139362801221736,0.245465674622989,0.410348251860111,0.136344005686621,0.151518372203184,0.410652779585411,0.364579100974991,0.147810752260533,0.0530670380223403,0.148579262624695,0.175813316992994,0.371168490251847,0.0543253019515665,-0.0148707041459319,0.164950660141682,0.387307971315347,0.147591147306322,0.311139913867942,0.216704270989555,0.0439405821787189,0.105360801627011,0.0753298321906141,0.00500166849212079,0.100283245776145,0.130670939246621,0.368553694159272,0.177452567379673,0.378839836633694,-0.139994999906237,0.0148744739889136,0.150951656714546,0.215697559059657,1,0.0251837136526949,0.094158672979304,0.313184712446749,0.0659203671820801,-0.101178089357583,-0.0492720560563681,0.130872293344817,0.33381063270559,0.331461701871201,0.3795407587706,0.384432434720056,0.282058987823481,0.111848006056413,-0.044237512006812,0.0794432103986196,0.0950537205138136,-0.00360206067649088,0.304552570839887,0.282751371334185,0.135548694890242,0.173479805090105,-0.0687020178355009,0.134688340876489,0.323824815399688,0.125673090931102,0.153248706991328,0.341921456964112,0.390046994528133,0.136865000511856,0.431580604601555,0.0346789368989338,0.198634160459829,-0.0242556115553892,0.371079651969072,0.451021710182958,0.26685756862946,0.306197065349322,0.278987234359644,0.0536500282753741,0.365513969581448,0.440162250390817,0.557696568669289,-0.0727273568848774,0.0963996693990982,0.0526058718384214,0.213101160998157,-0.00599405515654461,0.343505369336057,0.451742170456044,0.143878631566987,-0.066667300733735,0.616824816451174,0.0263537535328031,-0.0890018219263046,0.0801417087160165,0.13002482509759,0.219740252010198,0.249803750724386,0.128461282297873,0.361126821387861,0.0453598880517286,0.0366621682568265,0.262217000745696,0.211527300389204,0.0135750715499021,0.152910723442872,0.144663867051909,0.125197681137202,0.518559234883283,-0.0827970473032693,0.204706463018905,0.0688411958278097,0.363826453207793,0.44772698454932,0.0714155619352887,0.289091283940512,0.199143555160377,0.248787021959357,0.0460534093194251,0.0682013184697141,0.329541392777028,0.101023074266465,0.106747821151988,0.233033458133406,0.217227203293302,0.296868213087077,0.140032844270102,-0.290901001294925,0.208407874055333,-0.176872645673864,0.111587485197369,0.175977511948887,-0.0667900921920211,0.0315081320621926,0.133317933286915,0.418810350484807,0.674097301735112,0.139096721846822,0.262973255928926,0.0889667877700473,-0.00467413637114778,-0.0504456808679486,-0.00392383494946264,0.184408902942639,0.258199135729312,0.666314028635025,0.356338670981701,0.150686886223774,0.00247366957553092,-0.0352841840278304,0.00994638231251847,0.160147775530347,0.07301766453549,-0.12221860648185,0.345518381083327,0.0355421651739945,0.0467993310879661,0.0634428395706279,0.283988286330452,NA,0.096671611833446,0.221058954650825,0.103012000237922,0.310457287409674,-0.143396335386403,-0.0195475279514071
"ROI153",0.183785705347619,0.0555489695536336,0.0897564359782826,0.475219787888343,0.2700363261995,0.0196919853282467,0.350694851216593,0.361171868084122,0.210399211607426,0.151483003188981,0.205076147485428,0.361820233131458,-0.0275392192607559,0.17041441975008,0.33395067104718,0.0787650963940995,0.404208823171179,0.338402643166407,0.00284297094105823,0.30557323777402,0.0729716438799731,0.0958539590578364,0.584935861574922,0.126812535410537,-0.00102386678749294,0.247861709310425,0.226581432471713,0.360833722738085,0.475426730574429,0.0573375200589994,-0.00280347640583873,0.437617810369045,0.1085255915293,0.196353222024536,0.448392634338067,0.481510525171679,0.0453066860479689,0.17931196495591,0.416127163116233,0.405486616151447,0.1935868641697,0.264410646059529,0.0725460063377154,0.340021906462709,0.444472419752833,0.0430867796057391,0.0738015048377411,0.282024219852342,0.271825218602313,0.354744425750122,0.313748952869899,-0.0599464342159166,0.258401973684507,0.0171527618501645,0.333546869407476,0.210583781338502,0.424723774835157,0.255670864025257,0.178737968454033,0.450891085131521,-0.176893093493799,0.270333859104049,0.333474152742285,0.225169474445228,0.0253870961660715,-0.0826565457300665,0.0186637550390495,0.204314446222261,0.107638957682431,0.153867477323988,0.222521474714446,0.0790273133298703,0.0872290304069452,0.134307710715027,0.299612263355151,-0.0744382410402054,0.227802520301932,0.08365418912543,0.0852901521370987,0.434319845181378,0.043687494696567,0.140675756192618,0.258222954882236,0.251191791115078,0.249107432404032,0.131626770828028,0.296480467767024,0.0902342353656227,0.224413939003709,0.0808302654404731,0.14489113711327,0.0589529822700428,0.304631032824716,0.114420454414002,0.402856794346435,0.365326909710659,0.23804854245293,0.250583877806971,0.269497596742097,0.205309587641466,0.0641463163637235,0.438148361749163,0.191424131073534,0.152393042912781,0.389360480000916,0.604732082675365,0.17301246814243,0.459982485189415,0.00348041366066132,0.123309707219889,0.155382230245165,0.348934886999609,0.222446110789575,0.00416456740942585,0.301912430650218,0.449750474097975,0.266205338411674,0.315372021265252,0.0994313347590238,0.679259750215178,0.30136872592504,0.374246145745533,0.168113474533529,0.391127502581603,0.108808763874388,0.10621708482953,0.101880005875057,-0.0992245182729778,0.00634185380035712,0.242792659513789,0.0323141010672518,0.315852744910168,0.310937799303643,0.189627225467626,0.0674047315148574,0.301065157482786,0.141237006906996,0.133908929123872,0.232328983728659,0.217981424477787,0.0884591031838064,0.0114493084616137,0.238695746844865,0.184588702785474,0.299783764727306,0.259380572092592,0.377842214355618,0.345899330454159,0.0054287539961782,0.0381619912947533,0.20288576276628,0.0251837136526949,1,0.283955518073578,0.24705759211118,0.261237688897818,0.427088503265904,0.202949956801609,0.00128176120302437,0.279878942060488,0.190135415837981,-0.0576716222565558,0.170746455694464,0.266368320893824,0.531225035397786,0.265724296360642,0.380286298473652,0.306615377984959,0.230437162620989,0.254699984251513,0.202544277425351,0.326356864958705,0.134523002683774,0.00677615687530111,0.235698144024037,0.0665470979147237,0.353552729151373,0.163402534467826,0.177641925597478,0.187596541638296,0.343394295366164,0.255466965983815,0.358618050055118,0.372938659087359,0.698797275323181,0.211981059303361,0.233832347452638,0.118547967986978,0.216240083736826,0.206181554049272,0.469058385805337,0.262133309970403,0.150397095659149,0.158327417222321,0.142788635374079,-0.126423438194169,0.459715102270874,0.271017436020868,0.307049152155705,0.284841991278649,0.195379194577704,-0.030142648667709,0.171712474188452,0.116652157755304,0.531003091333777,0.225513986411245,0.303665902687931,0.305021452647894,0.313429073696509,0.381070980376211,0.0134812758094746,0.389075474686484,0.349054906430828,0.478354590141312,0.23449805600593,0.140089935011216,0.304352067094232,0.391383810914186,-0.0974915101327875,0.155219764461597,0.286057598139547,0.544349663909448,0.354094972472253,0.35946916397189,0.262669008763146,0.252465744450264,0.371113588263514,0.267292615925882,0.453794828410893,0.250568373651973,0.146372003756994,0.358754106085284,0.303957882589727,0.296404430099489,0.47670582737857,0.408938518673763,0.386841994781009,0.28331866168307,0.273610032101386,0.266724364440811,0.316439438107671,0.245431929616297,0.272655201397868,0.187549704243574,0.240992039649309,0.306768687759472,0.643995368947989,0.238027952424769,0.0955316262030604,0.501585644265069,0.212116727705738,0.109218072277887,0.404059336908346,0.249767390965169,0.387675032266622,0.0417906188819765,0.53420982447216,0.0343081325479913,0.295250921574045,0.150156165493939,0.0847213085678889,0.422567451892759,0.136614049759775,0.250908445791156,0.167761104963287,0.243192384828764,0.221007012836035,0.316162527965831,0.138017475112852,0.257189398485862,0.15236136495765,NA,0.187908214008181,0.112040717139623,0.33041389871727,0.0437743193820086,0.20800435676095,0.280503859438496
"ROI154",0.254063724671814,0.119650773465664,0.151959086696847,0.661424818319103,0.386253614647424,0.149709736322155,0.546243587112787,0.4809340594328,0.344912090009425,0.302405096466655,-0.0897266580406547,0.155073924462662,0.0799983165676515,0.0154921653639497,0.634253011311694,-0.00184065756016775,0.377066008925089,0.627416622795329,0.0418130038695806,0.0380176205609719,0.192396251039367,0.173129533076952,0.466327510645968,0.30417669800322,0.00398466831040939,0.386355384629468,0.212541468520986,0.698972027220574,0.464189296668432,0.0216097740654361,0.0757166700272962,0.583943927859871,0.255920982627716,0.853441524947899,0.290404662945248,0.372937373528443,0.113440051967549,0.179349679019857,0.312683143155531,0.244908972075429,0.219226162189289,0.33983214164833,-0.0633078731663546,0.592341041469394,0.605792128266903,0.153208482929976,0.00634473320989521,0.424372879877797,0.119682574062239,0.653449214453068,0.384208723783937,-0.0580859482026671,0.417926442778241,0.106786569652989,0.399936830546646,0.58194990703153,0.402747574561594,0.158074414443738,0.141390918327268,0.290463955371644,-0.0747597110738491,0.447626803994782,0.087599126064853,0.260606449508818,0.131646514074119,0.0524182106740829,-0.0856626125933546,0.0874729484062874,0.263464292863851,0.103677917774879,0.464778024732712,0.199291077004992,-0.105311061763962,0.0269992705925854,0.305766777382024,0.105082353915424,0.450955796815681,0.155648833904543,0.180992496158039,0.324439715231296,0.106734674697441,0.0801608243575659,0.339052469868036,0.508442540594869,0.491950307907928,0.195541868575559,0.401966572632748,0.054338272738751,0.372592875977264,0.146325340646285,0.102822772049398,0.119792677579309,0.590567553676449,0.14572602974789,0.180117824471835,0.179723172835701,0.163532081903009,0.223954732449235,0.257978642320319,0.0970685110553666,0.0868257232788009,0.370871007171121,0.22398037032591,0.158174014754611,0.662313948158072,0.422421974290879,0.220780302299321,0.36103724363578,0.0919137950778169,0.0951802851576216,0.0427112928727486,0.308117993641226,0.22443821233527,0.034296663573977,0.397733298263417,0.205491535799686,0.351981726365561,0.232049827285811,0.151070091040983,0.261060863154931,-0.129761468677228,0.315764105266703,0.271164146310519,0.261182982177755,0.0726786454179597,0.12015386838899,0.201113725070168,-0.044592465186422,0.0299550896446559,0.185828525032041,0.152998948887078,0.393847384700322,0.291500406882421,0.0352823597253271,0.123428371415871,0.328585693675361,0.0226323784457915,0.0393064426751387,0.596891500466664,0.174714143796241,0.035261538855452,0.0696133787847522,0.234969229490474,0.0572368526294989,0.387291996845256,0.340781236746916,0.360616157989311,0.63298602663074,0.0237939457784105,0.0356437907239251,0.280630525321549,0.094158672979304,0.283955518073578,1,0.00791166641555205,0.286749456155654,0.565226160748432,0.149042432601394,0.028238978956178,0.169339729974428,0.0119500004591877,-0.07078956006787,0.105028107373172,0.27493807449668,0.353425263841268,0.363095042813013,0.149289640791857,0.148214656886408,0.16245442070014,0.304900394411082,0.379224182729691,0.444971508404698,0.142071114034769,0.00602805206915419,0.211110176254688,-0.0720438759817447,0.283436173843588,0.138987078044997,0.178743896904414,0.118080446166271,0.426984317950883,0.31731077618988,0.66201796684989,-0.0170615190004428,0.420066851581106,0.346481891436145,0.187651414757621,0.231505001413028,0.303249566052263,0.409297457326922,0.390102415104431,0.448491894108295,0.218118190397032,0.287636845629437,0.329564455890396,-0.230204415509894,0.482628090926392,0.456651464341599,0.360521134224951,0.33553066878827,0.32225669139649,-0.107346665285653,0.373206979797505,0.222087703212936,0.305429337649156,0.513988010111654,0.211169280600199,0.329909211666899,0.0826672854794428,0.671221852350543,0.0680747789558912,0.539211387421971,0.344992903668693,0.388185422889239,0.291246808713061,0.0977313777536992,0.368980406110921,0.703728867925754,-0.00810979627757905,0.259154339080617,0.300898231944063,0.438476630209057,0.432187928060413,0.484516795065333,0.323892984654396,0.365536322802447,0.418579767067854,0.402939772397982,0.584016183884472,0.355817870063558,-0.0210044327229927,0.275219183173337,0.278526345672034,0.592658584391149,0.39464959227545,0.0597454863724781,0.513786234622536,0.350667253310163,0.316513610981559,0.292451189963805,0.441154561181377,0.503185900750663,0.312798764524359,0.169607340610628,0.60719778603643,0.519322427602522,0.322963401502608,0.340802100276111,0.089965254453416,0.259808826619071,0.294945070643207,0.197300511969426,0.631087443551089,0.625632158677495,0.527059451592929,-0.0358026720037078,0.0643066015623319,0.148521113456549,0.374553967890729,-0.0873980580568983,0.22008662234096,0.713949383041711,0.0707960817642307,0.574630203468558,0.149668253762235,0.500047327631637,0.330011834435109,0.646110165558924,0.188791188143834,0.550679731343286,0.274730814052965,NA,0.100116899132088,0.185697074404254,0.499681756241482,-0.039046601205508,0.47887617693758,0.852264134175539
"ROI155",0.0839725723991079,0.1810994597059,0.164168747295143,0.0281167072375046,0.285952527210729,0.108349702511797,-0.002233691381658,0.00819708599845317,0.146882496633444,0.087153465561864,0.718244054659289,0.193559689932337,-0.0927852131529374,0.177893850625694,0.132140715959435,0.234992006672623,0.259487753891897,0.114700477339746,0.243911284482088,0.253868076870174,0.231754406050353,0.0580125788577444,0.102827898307599,0.269672532196089,0.10704598595042,-0.015504360819525,0.17024194291184,0.119720833462535,-0.00744044046392021,0.0628110638358227,-0.056433817729934,0.0841112400885687,0.178707550326341,-0.0223932626404432,0.242268501300279,0.140272120882773,0.277223474952515,-0.0410357225374052,0.0699746577312078,0.236051951957744,0.0551867614250153,0.107299414930861,0.1108509527418,0.0375278250070867,0.0766889298259195,0.209013845562416,0.261575355133415,0.0808875908815376,0.188628493318837,0.12232248780193,0.198795237022681,0.349441275815135,0.0442497697171244,0.215582276551161,0.0924302595380824,0.0868351366030031,0.139780264814033,0.288069997326693,0.149236396037827,0.149076272096404,0.115851237156426,0.172338269873738,0.211732749266324,0.0594438780934809,0.0399054015080159,0.111708642097874,0.204345436169327,0.143162536253894,0.28443769570786,0.0262897884771653,0.177112489524246,0.206561176298098,0.132555475447967,0.135435252830378,0.275354523775357,-0.154745999985112,0.00525249683298566,-0.0182352093140594,0.064954038995041,-0.0278696469983057,0.235376171526467,0.0937365619414034,-0.0123360456583028,-0.0305964454088726,0.0727801742683399,0.111425691488131,0.119996317140039,0.099125013307885,-0.101534070285397,0.110958443155781,0.32383524384198,0.273638014046068,0.0837886211519178,0.283034456664327,0.248050624013145,0.268141524765264,0.0861589260712026,0.0690811148301344,0.121717075956459,0.265452492456735,0.165804106044569,0.192914970182782,0.164563096523111,0.165484168509334,0.0921403324577149,0.0599457258540204,0.179875022443273,0.0247968858314277,0.176252455359886,0.180329097398723,0.137278112450032,0.213324478693029,0.0428643624234327,0.174019074286744,0.20565886408624,0.216447493539679,-0.0604986541443354,0.471425759057815,0.150186235017387,0.326469543339614,0.423523570319728,0.257102734727002,0.032912065265876,0.249536539573179,0.169076527271939,0.0933378657308161,-0.039350315206031,0.0813484780628965,0.00268959265435728,0.0915567045681441,0.12763628759395,-0.00132981551912656,0.0967658831203403,0.0567114243224798,0.165544868143637,0.108075468765491,0.338641539190175,0.316246380542024,0.101876330979268,0.275232747020308,0.20210247085073,-0.124051067567929,0.181654374306758,0.207982717748583,0.231047284359724,0.204818901183323,0.275863732412509,0.0485177854807223,0.112517117119106,0.0871031150907328,0.113342973252051,0.313184712446749,0.24705759211118,0.00791166641555205,1,0.0456462926284677,0.0400827821717453,0.251183735538013,0.00295769060554966,0.241223504207154,0.268996966484874,0.102505355427793,0.238009028487013,0.286678655744244,0.0307390057010087,0.101243824999978,0.483336312764699,0.191256157490874,0.286342555468523,0.183852979602677,0.250272953516383,0.21495722972183,0.219642186053128,-0.0626514836390155,0.0805558373425302,0.112137051296948,0.343078470392834,0.0934200904245723,0.203875674689333,0.351858681389457,0.0596797138462592,0.320842733467806,0.0406707249765832,0.307474785253853,0.0504208335797496,0.241244459009075,0.423969448523746,-0.0498801393689154,0.13232667856051,0.0920593068986915,0.195704752561767,0.145257538760181,0.126516394635591,0.252669169979147,0.148755271009335,-0.00451076923256746,0.186793891935188,0.06229419694856,0.118073226691446,0.276210639493386,0.229490148633455,0.0873698014661671,0.0284885605387591,0.336325638810605,0.118728155834771,0.122457204745452,0.182012096478973,0.0262586323728278,0.166172288551993,0.0631475195724157,0.124024876753184,0.14157441066779,0.13651174818565,0.0802557146562967,0.111707547999752,0.220694060688278,0.133788621535528,0.0920463242634972,-0.0844649077333399,-0.0349101749826626,0.364589100517331,0.113671324862806,0.0375721517199771,0.111359216376333,0.270592702962486,0.312066568191813,0.0297118737556764,0.16437129356965,0.114467179519727,0.175874709272737,0.0768673736956951,0.072393293692305,0.415749617666895,0.0576804928600892,0.113973971449839,0.157936162878199,0.0587379493225102,0.151807514964906,0.263251933941446,-0.0798058424026655,0.183354489454335,0.0508612512691881,0.150928665498146,0.0597785787748296,0.0484810941235261,0.192840170155872,0.144793056028197,0.218355763229971,0.302023931632998,0.158092236349975,0.349383315634853,0.0529638578673253,0.0684138810486776,0.0301605572023907,0.176464719114835,0.182914787846775,0.400189487717787,0.270592595380288,0.294728350037356,0.610346172665328,-0.0544927549257923,0.0879127834832015,0.148596052292836,0.137625918930241,-0.00607863495709284,-0.0265369390503648,0.227479214299383,0.115294348059645,0.133568580634516,-0.0342250641411834,0.0977653272578547,NA,0.39211786405638,0.177151352379831,0.147530859824075,0.251752732297872,0.0297631293974167,0.0529237833412971
"ROI156",0.104428890889835,0.049774240810476,0.0717680191862919,0.346588349929414,0.26241509142964,0.0665147605227244,0.25913931788529,0.359103717550804,0.256060456935964,0.173369729572528,0.0656583354372706,0.292601797110567,-0.0135231329195308,0.300356988304268,0.390991363906972,0.0916287785810945,0.406297143105881,0.328296627373599,-0.0216508389623231,0.0358474046518745,0.0406657020930211,0.17786283750831,0.348115056629081,0.159753764876465,0.0177644734609378,0.160422181635809,0.365149183769591,0.378113742587036,0.414974354563975,0.105615799517719,0.115122992398217,0.323015101120742,0.195766887792825,0.316500856694644,0.281622879515814,0.535071160239703,0.0845311697102558,-0.0519013175312919,0.491093302456051,0.312449509992275,0.302656046767352,0.515819844282015,0.185528162524193,0.316650112640045,0.428788515503661,0.0131883496748865,0.0530010120268927,0.645518697887091,0.200225605892949,0.386293372988577,0.256488328687491,0.155051912990551,0.759775880624345,0.23850997673979,0.519193378685658,0.256668303696035,0.250550118156698,0.277000214056931,0.273893354682638,0.253161135845465,-0.0465257614420974,0.337706063130382,0.277199408020512,0.332905092121894,-0.0208307886519117,-0.127546611063892,0.0512670984836979,0.0302663731575398,0.128483210153017,0.12478988273781,0.348476663549116,0.0851381418790221,-0.00338497156846455,0.228365904084638,0.35368294819952,0.00751419045223423,0.241080361511877,-0.0113532053659401,0.0753052757639614,0.377356186241679,0.0956828027704302,0.157746038071289,0.129275403469441,0.586954769951975,0.334906065997169,-0.0517699836708961,0.301748823675758,0.0721977093418727,0.251103448234365,0.131528758986183,0.134516882030837,0.159362168854498,0.278173042454105,0.201407740830178,0.302324283264911,0.127992068938781,0.264727262348569,0.264755768556889,0.240858890823621,0.276301726049631,0.176313563177853,0.257881876822745,0.0164438245958302,0.00822029313158119,0.367048687613957,0.511716422096234,0.171246534473676,0.468936003454024,0.0331289488874095,-0.105454038829457,0.0724928524895514,0.33001185137293,0.221467793771116,0.019354731336162,0.315454535191278,0.243903770734781,0.610904639940035,0.321968313093984,0.0286199418694752,0.296875025421631,-0.186181493361605,0.308721746204239,0.0849566659058032,0.301822083333773,0.195058552679508,-0.0141861216039286,0.703030384052252,-0.0221441292996339,0.00378106440030877,0.00887376628116718,-0.0115615239261462,0.654550881067951,0.332473116096164,-0.023705707199709,0.223343581069855,0.645441890014784,0.132564471879258,0.31075196445045,0.408039442619431,0.161310238761412,0.0168859745644067,-0.00923643479259825,0.255208485908588,0.195254278187902,0.220493029334158,0.267685192110161,0.247142485672647,0.30859737038831,0.207756190215436,-0.146587896070864,0.160069602141091,0.0659203671820801,0.261237688897818,0.286749456155654,0.0456462926284677,1,0.380252049067028,0.203501900765169,0.0793634466972413,0.265676970036081,0.27593100645039,0.0556623557866516,0.233897459754903,0.293286295099936,0.386930932267109,0.319416049899488,0.235466259667234,0.402793550431212,0.287832411917775,0.116502785336751,0.196205747731315,0.381589649185165,0.334299680154383,-0.0289435969341151,0.0471630848816932,0.0757585873816239,0.34775068083492,0.198477505355857,0.162961743137657,0.330471261998101,0.169527740317707,0.289871585828438,0.443279151371463,0.25677074964007,0.487817933468129,0.0811162096623679,0.293699062042607,0.0972019949708165,0.119821234394595,0.62859569600387,0.530739599471175,0.118394586462419,0.270782491463499,0.120734108920591,0.293379515304155,-0.171588912808107,0.376904036632589,0.206591968543473,0.424702568440396,0.166991887932407,0.176846181562567,0.0364892283567426,0.349590388437463,0.185634728564536,0.549755905346646,0.309672557819268,0.408023045726896,0.728428911252129,0.338044846801628,0.323682053468491,0.12555272247818,0.236300390055097,0.36828382532228,0.447660689593416,0.0536946272932105,0.390929827391637,0.301326711617112,0.331092252336259,0.030272352759225,0.216138072096895,0.240448838124397,0.409055371935203,0.673639480643125,0.472538663446098,0.175673621763562,0.102778690504988,0.789580652299533,0.0901558576359952,0.363179289911783,0.407296531867063,0.0522254787288669,0.372423178884726,0.285289301690486,0.288737533890402,0.508383872487999,0.131859657270522,0.288210530951587,0.0869364904770846,0.238250373847824,0.315884048855189,0.413547821939703,0.281323958441162,0.233789727579473,0.234030509388084,0.341163524589511,0.422105507423986,0.458019651422696,0.0959170259785617,0.117109144854496,0.318201370122869,0.127559529579865,0.0953701484673247,0.288748741787337,0.287522920286079,0.215246568510797,-0.0631189055848381,-0.0797476490463011,-0.000148121583503751,0.15041587859553,0.113293087554832,0.27472547362688,0.400329472908691,-0.0399619107969167,0.374959534251919,0.121762241354544,0.296002273932381,0.0640117480732572,0.38381332922258,0.327502155261514,0.597117332052149,0.0727752385958269,NA,0.190434145544348,0.0646659364280065,0.425930233910617,0.213226575273113,0.328823112437142,0.423487468566164
"ROI157",0.356524975988631,-0.0581674903394964,0.18194778345935,0.641188096511008,0.540289667187817,0.153725682922446,0.431030818483722,0.795842736578786,0.48962599169749,0.241053153479202,0.0912366021860975,0.239458181997649,0.137807062547504,0.0510124484763208,0.605628746184585,0.0180174883098453,0.556070304468051,0.49004831647354,0.0400536315452465,0.318751619854037,-0.0927472618392386,0.0792984234685453,0.66003068486111,-0.000612472322363406,0.235243381145404,0.351328827613838,0.428992012770661,0.587147233327162,0.759360740206203,0.0754265304240546,0.188725775644211,0.522465484733161,0.0409004872563359,0.521952614118676,0.29224343401634,0.61227394740797,0.0706482506655897,0.109063750678139,0.632613396756401,0.268351872104077,0.617620437361346,0.477100498312286,0.0631390155655842,0.310512600182371,0.71342154686804,-0.051229902203281,-0.0805697711951998,0.454915296179253,0.278134676266399,0.520674601753491,0.24681081494711,0.0904174051722986,0.457631885637922,0.0317145047122541,0.575838138193308,0.406215997790614,0.683047287313441,0.294036499499301,0.364480470997582,0.496681315485232,0.0048771876943203,0.245227121189677,0.272980317833389,0.502938941978469,-0.0787164683482086,-0.132400625466748,0.151404623094626,0.19904029402436,0.0640714951082448,0.230895772029131,0.449497904792401,0.00699003733278749,0.0144186003588645,0.0904270249959688,0.23473476889709,0.0258154088533628,0.321639710390401,0.0271792021983855,0.0836682439421362,0.722663624906942,-0.0653843544067082,0.262496761676465,0.343461882218994,0.498112430765615,0.664362640700572,0.105572305018071,0.465697363135765,0.316142020760357,0.241883751586092,0.241475782400467,0.211143047199765,0.0808444051388134,0.568829107885621,0.039803780272367,0.435484003473081,0.2462307137284,0.368707682177739,0.28817824698153,0.197379049971041,0.378533977499431,0.221107821066599,0.479538242667706,0.164541300589517,0.216608799844017,0.456774737176556,0.679210338519208,0.0584683193433882,0.527517742257426,0.193756063448459,0.028152317877201,0.109206911108142,0.373381373169329,0.378309523339623,-0.0280410710834376,0.50930179848447,0.442282633222866,0.55472252837876,0.318581664125048,-0.0505170414566363,0.433677536364649,-0.154384395361561,0.188984562645752,0.115685841190695,0.262514414688007,0.0710197923455052,0.0584056044609754,0.290780104875542,0.0625075785147337,0.108660883947297,0.172086756354573,0.0325097223036501,0.565393855960853,0.355084438952571,0.138953821260719,0.00972527320136365,0.4942346717935,0.12986091266657,0.160121724321102,0.374278096854732,0.48200653033661,0.0319184414107496,0.0314010697978955,0.419715702420076,0.143568768714274,0.2199784764574,0.61872764057852,0.274589320556515,0.678982322089281,0.242407786660109,-0.0758425841999892,0.216804199940983,-0.101178089357583,0.427088503265904,0.565226160748432,0.0400827821717453,0.380252049067028,1,0.272379928626935,0.148993303950575,0.403009153016768,0.172394389795268,0.0104600993779161,0.166202609163079,0.456779717721795,0.38695425151727,0.764609838470947,0.402090143879062,0.121688460877647,0.340604950214148,0.25103821957867,0.144584113282025,0.607846137910149,0.427223895802355,0.0985672132963839,0.214909904236008,-0.200270956274026,0.344246928423393,0.199865112902952,0.31446417276134,0.251226278126756,0.336902070670735,0.238928215206862,0.586666569975569,0.0505677924947069,0.618184133318501,0.0726586516229484,0.188976904158082,0.0518776304848001,0.199431777903864,0.463906382923223,0.524246723656219,0.155203079510779,0.291732504759872,0.0267824310278128,0.610273038802245,-0.39405134267945,0.535979871292439,0.379174666160845,0.422396114971865,0.258934615768843,0.255211572549004,0.119086147251842,0.665626997260944,0.0803629369646143,0.543949840225332,0.545399004979459,0.362305101457595,0.418527092569236,0.25068066072139,0.465319058361675,0.177675704027801,0.31877434509937,0.465665798343059,0.642202342094202,0.229386934717432,0.273303542960253,0.438648394440623,0.564461702553859,-0.0752649476556225,0.181105440127698,0.263969728239948,0.76299800890381,0.546399596400067,0.622062648914053,0.229638862770538,0.193767704131005,0.47283999739849,0.239913812619945,0.480363922584273,0.491907352444381,0.082426142383154,0.684296053002059,0.342046631642189,0.361021809612799,0.544459260423145,0.138381789109768,0.431336572547848,0.176594025061499,0.391789007308887,0.751225503998703,0.449876984692866,0.800148438419196,0.438250295957751,0.0513708693667747,0.566035289556749,0.536657151661921,0.493292364853597,0.142716058235426,-0.0124142734406201,0.427205195613424,0.210281953197765,0.331062346033496,0.455229515571839,0.683219223167677,0.735005172986119,-0.0485203880098856,0.0540441294322098,-0.11851699967165,0.360954006193797,0.0693365073109745,0.206318656918502,0.675316889056465,0.200538023952231,0.560606493614106,0.213566664332182,0.346883916195358,0.198566889718365,0.583728546991807,0.367537159772951,0.507363566178337,0.109508282154889,NA,0.310006989181537,0.222327332990647,0.578964314491723,0.259044006820137,0.566422417114018,0.591186263845475
"ROI158",0.244501475442727,-0.052539059631081,0.0371606428834722,0.204651651978461,0.375895231229515,-0.0553353575975545,0.223273885343028,0.283475029922572,0.310602393711167,0.14901730791241,0.361723002133227,0.235921237606893,0.265833803220163,0.290799816644137,0.375072014131979,0.139403029395747,0.355320719129888,0.193950596225238,0.139598756541226,0.185661616356736,0.0458266091413415,-0.0305458486149544,0.218242541509818,0.0839892876311128,-0.0505888576605884,-0.0157343294983173,0.39887958974426,0.236671813536395,0.305926997974286,0.116007952945214,0.23671987469397,0.283801937581878,-0.0376939538717414,0.119517767547472,0.00830755435424951,0.232270251532128,0.10985112068385,-0.110797919369163,0.284520604954699,0.179415326672368,0.273418106780369,0.293931087665723,0.0958740889539636,0.0809805140165455,0.270494046035507,-0.108365511988816,0.0448133000704969,0.227077587696388,0.276208022563527,0.297096535715952,0.164298845090687,0.123772915247424,0.259381444793429,0.0772846656121706,0.35832296468719,0.268230423025589,0.259947579721116,0.348084875212067,0.340432356541089,0.192580363475645,-0.0060684319983387,0.058337205802212,0.282700318601572,0.359838328562047,-0.0248562173745661,-0.0159569460529977,0.154345444430076,0.131939452818147,0.0424162145319731,0.182842418389018,0.371187487635638,0.0151702838478229,-0.0925646845721491,0.0556375242412059,0.158171807850511,0.0259795354288604,-0.0275496338644671,-0.177603696121473,0.188841164492473,0.193241544711635,0.138870640527973,0.238222167239402,0.185279722780285,0.152923633163642,0.359382939239661,-0.209991480546691,0.11589511012003,0.162841735030842,0.0123335784173567,0.00920110986099665,0.302664012937422,0.189801246438621,0.348536777733859,0.0867981429818342,0.206128847800394,0.0289564634120853,0.163491430817713,0.166518125422917,0.129358858421219,0.265207360956767,0.256894296058354,0.0401371657154496,-0.0582253356376579,0.149213626643155,0.29485681080303,0.242484634327898,0.0440204373234107,0.210111013080595,0.023723707804758,-0.154748526695323,0.0178345698452492,0.170764348270393,0.321892817682525,-0.119081500212809,0.423799945251001,0.233638826392988,0.222305158957362,0.36256887494738,0.00533766234499036,0.167833573822257,-0.0287274372624875,0.0371078962508402,0.0154735498365737,0.168730526764618,0.0795733402005247,-0.0244157122913876,0.0918433640942772,0.0371754782087206,-0.0441752716244985,-0.00702801654819468,-0.121007446632738,0.259294188888518,0.249825321945385,-0.171816357489899,0.0895700093063032,0.217302048220439,0.111266741474337,0.360633247030293,0.313329219392617,0.236034579567776,0.0939833162525766,-0.0359230259732665,0.131789298503829,0.248076640134221,0.0366801609857762,0.26067596091107,0.0150233601793035,0.264624943580212,0.173454800809846,-0.146780280387569,0.0624292366213225,-0.0492720560563681,0.202949956801609,0.149042432601394,0.251183735538013,0.203501900765169,0.272379928626935,1,0.0175761779277469,0.179497963775669,0.240847572290762,-0.0908111116473018,0.00546969770483689,0.332116032407494,0.210516959796095,0.276045200420107,0.409883186006608,0.284434910224405,0.335633842662179,0.0549287387430245,0.190724655432428,0.281560839967459,0.314233301660985,0.0760756778027256,0.0711097179268178,-0.244972817362644,0.247311100789856,0.247772815821381,0.0399335014078859,0.337524949542298,0.11471191685103,0.230955774883018,0.294593769430567,0.239532859647469,0.198648836099553,0.0710604384284321,0.178780620090114,-0.245959685541385,-0.0970784611560779,0.259790899882469,0.328316173512122,0.0240535515310166,-0.0127672622243317,-0.020793835658875,0.361261876035161,-0.185468738505102,0.224377951061783,-0.073426055804987,0.167566343918013,0.147149860276418,-0.0508972208160062,0.0204981012640721,0.285400368337099,0.130945729517903,0.31821030955927,0.293062173461557,0.298999368762909,0.163751337350834,-0.023351699657963,0.057163698187306,0.13582429763152,0.0136716837274147,0.318045152107967,0.236112018422228,-0.158762699402311,0.224356213402602,0.332900630923763,0.305549430884382,-0.163526858717295,0.0346347514756628,0.103504087837781,0.267384390549106,0.282705374596672,0.25017942709938,0.171628079998071,0.0863682454812048,0.212366487305642,0.0386634487716857,0.0493683883251683,0.361551637092042,0.0996761247468453,0.198758066818337,0.17363627546145,0.170375982750451,0.123247474771687,0.00357768353247901,0.109053115669295,-0.157890129316907,0.386501863388936,0.247571226095565,0.169648313333566,0.341750862350166,0.227689164873638,-0.0596388226072056,0.275879840268009,0.35231018324747,0.136545025829692,-0.0571174615885645,0.132455892295813,0.175329107550643,0.233628734745329,-0.0468601564997707,0.192622593900898,0.207472464885024,0.338822555765615,0.0550487112060012,-0.0350009515692187,0.00705936876563077,0.102377574797603,0.254950803694833,0.201823309634529,0.331350095439771,-0.0671059126658856,0.34534166611668,0.0351908180257887,0.0912984287060646,-0.0125379775865778,0.309732486368041,0.36857353695988,0.0807472248706453,-0.022330122531898,NA,0.172319251478114,0.0613598819668996,0.231749263855289,0.17498974002248,0.360605860888006,0.198665306630897
"ROI159",-0.0414506674016528,0.0176010475176424,0.0836245962678953,-0.00324974580053692,-0.0952233251506428,0.120868303029957,-0.0886286739744153,0.0795129515853947,0.0778309644538797,0.138720068416167,0.0620860264711345,0.0175430966907255,0.0095874965693166,-0.10271984905193,0.0786774021478374,0.17531028484476,0.140169350114901,0.0564074613745936,0.0339375401456914,0.144455543211232,-0.0848528958462682,0.149390859904436,0.063708522838811,0.0126585996009536,0.134082569182181,0.115430049785276,0.134639235202173,0.0058415368195562,0.141619595257373,-0.187392966266989,0.195225991084651,-0.0189896987960044,0.155588242250012,-0.00606520308680152,0.175420156583721,0.238716384534685,-0.0215153060735909,0.0917700925347567,0.203535556277241,0.151568446264196,0.170092811144137,0.175308158543723,-0.00696354703625359,0.00569479330884918,0.0630972001972876,0.0708330002700986,0.156552492177968,0.128076536039717,0.0983893160591947,-0.0366546586024207,0.139710298405902,0.119725308622329,0.0126063962492145,0.0302474415592057,0.192445706085237,0.0887674253872641,-0.0351769899550707,-0.00816056749202887,0.118896436260234,0.165395153002315,0.0926262499934534,0.0621400560154444,0.0729553138107739,-0.0128099487220393,-0.209731163208084,0.0831911372426439,0.226944600799171,-0.186604299766745,-0.111708110643921,0.100787941137344,0.0606710310880982,0.0599517175554465,0.180032621760748,0.137243428824048,0.159135808365906,0.100288870084219,-0.00597791203583695,0.0296122534450259,-0.0607280786640632,0.100332334072406,-0.0414746591258533,0.156903263361269,0.151388109818282,0.0903181431835378,0.0125512678310362,0.119339183265854,0.152854480125221,0.180393292525514,0.0890364437681384,0.111101616887801,-0.0465645499029778,0.119569769495153,0.0653354723577502,0.25355363492514,0.255322999481868,-0.0154699350131626,0.0543741342921744,0.0837796594585851,0.0372115808705247,0.285710116250628,0.0958949904784153,0.0832294090898889,-0.0448534196614681,0.0298110541206162,-0.0515775161002904,0.147955893482923,0.0965929977414928,0.0288325534408753,0.164417382213177,0.0977666737032747,0.288866246262703,-0.00049690586614677,-0.0296113537712829,-0.0582261122550888,0.219806860082425,0.0364412312785633,0.200264367205255,0.089691690859309,-0.0483697270659387,0.0393684364462832,-0.152618261592212,0.137502225946419,0.0146271133570678,0.0384838587588373,0.211811998210202,0.117469266617094,0.180679232151639,0.104056119972349,0.034690712688492,0.141548033266429,-0.0132560693936992,0.205268399185469,0.0273900812174009,0.232296262526404,0.0795129928715233,0.284941361748802,0.00752602664472193,0.0766638411560172,0.0175346292744356,0.228624599228321,-0.0129444036148693,0.164207245501639,0.24959570838611,-0.0865070239287736,0.106242868902528,0.247962700380018,0.135558156654865,-0.0353931850080799,0.243930718432441,-0.0111955134503671,-0.0114316110187867,0.130872293344817,0.00128176120302437,0.028238978956178,0.00295769060554966,0.0793634466972413,0.148993303950575,0.0175761779277469,1,0.291597273001609,0.123606590748796,0.313414217458384,0.241818422140157,0.0830521273669827,-0.0517568623265669,0.160831804228217,0.040019454238049,-0.137162221434443,0.175204263571941,0.112613514976995,-0.0230596877582093,0.14379597579971,0.151752320287864,0.0968293680546824,-0.144160551646967,-0.127216448047615,0.193593220155447,-0.0437326262225965,0.250574514296952,0.142829064163214,0.122633959733977,-0.0361731890028243,0.0727434795654354,-0.0327529853366952,0.118427041270249,-0.0608784740372132,0.0291749437359482,0.115650485194544,0.135922040252092,0.185130460670081,0.16481297525767,-0.00846115403119282,0.240890589328852,0.124322010614217,0.0868973504437118,-0.201387666476613,0.100038673253367,0.109547152836296,0.00675907462691684,0.0851237478757014,0.275402475649628,0.185323826017512,0.184752591376123,0.150180542480491,0.143994888114995,0.0860951258525089,0.0177481244377109,0.223143596850068,0.184629429539387,0.0601533529959241,0.0261428394583032,0.08119838964992,0.100387535551125,0.275116113582968,0.180549109622267,0.153574592007864,0.103078769448358,0.076444202093388,0.261460315744835,0.0311121194050986,0.252391906292697,0.135204507489742,0.141679804791717,0.255272231860928,0.0134362790764867,0.0424882360996301,-0.0238010223539847,-0.170555985549376,0.135086605109927,0.21569223347142,0.0732911131330292,0.320432661508807,0.201161280158319,-0.0146500467264065,0.0978958328863823,0.0278444416772761,0.122961956080374,0.0133700141508084,-0.00251322804557577,0.159283058676764,0.195605708445615,0.0259681207798051,0.0979199637221342,0.050040476676248,0.0581953408839986,0.122120363396453,0.0938887765705165,-0.0599088491296044,0.12146194889516,0.230058576949882,0.0251868757095617,0.108320950514638,0.00819613501010886,-0.00412081796219042,0.0652127580638637,0.0736478955678435,-0.119168194369285,0.0558696408520039,0.0683373184718998,0.0948767999923258,-0.111588095150397,-0.00175842882080635,0.0232308423092088,-0.0282880907127848,0.191939990405559,-0.00374685614476793,-0.023663063880908,0.0282829898513064,0.196217647993757,-0.0800750122440182,0.0143102833606957,NA,0.0190408699274455,0.127161751678315,0.217930959640877,0.303301106634126,0.00369525134956032,0.0784138270590323
"ROI160",0.058153000288376,0.433984933420371,0.261900844771422,0.184826634604168,0.162046607869514,0.419345676156164,0.044421162679561,0.412078126656264,0.465437269754754,0.363407188277836,0.363329718750532,0.320264688958561,0.049463026784703,0.175188679630858,0.394810060093198,0.534326380476957,0.321981125194809,0.260970999121332,0.250514325146549,0.293810590476925,0.248811156237869,0.321439530729026,0.316364777118681,0.345877133353175,0.137395896437123,0.179583820140961,0.364625359244072,0.228259008561552,0.326252833921366,0.0512704311433253,0.06108818697933,0.22403062159839,0.392347898979425,0.132164635394682,0.494855387493988,0.513104416550597,0.27220904708595,0.050637970782087,0.462700855564364,0.636162505553795,0.42942986686718,0.382806506665968,-0.00992298239854905,0.295567078868587,0.329437274210405,0.398217880648448,0.466492106592696,0.324287328093467,0.409417614652865,0.241499420350769,0.303189166205164,0.284884591578024,0.262576573246491,0.319582605127392,0.467139200399574,0.283027413323545,0.302466742147135,0.324012899698908,0.295470560309504,0.61259025872675,0.228023915248849,0.335091369842721,0.439113024453382,0.253454594610145,-0.150805283914121,0.128811062950605,0.413015442453975,0.0740730050288297,0.219883460452009,0.110942655292856,0.32902901629997,0.416329074449954,0.322625043590929,0.37571454908135,0.367865221709877,-0.0967480249386271,0.115880594063083,0.197257883388611,0.195276891280195,0.391464456817689,0.209381844295713,0.23078742307859,0.218013825413246,0.294045381114354,0.171292372267419,0.265230078714212,0.360852541295629,0.383319111965507,0.0994153805983065,0.207115561497295,0.196203253213701,0.416467407337181,0.321738081860566,0.532101007878827,0.531959738522958,0.265781186603104,0.185585670077437,0.120398293013221,0.101697182586356,0.569136875393657,0.408451181191268,0.357571373531902,0.0636503711959558,0.325966223550478,0.226540494253032,0.367459547196961,0.48698503508225,0.348695967725851,0.306823738133072,0.257135276811384,0.307828059618086,0.31498285387095,0.209153225234505,0.153186305717745,0.468500710015102,0.337206755192894,0.297474724102915,0.445962222056532,0.0337096810009573,0.350222125185606,0.0255488615093296,0.499758484945178,0.0638838501807542,0.442607341602759,0.645850813916746,0.230125069939664,0.240621449899882,0.0194117319025375,0.145400063150365,0.305666310612741,0.226273059801465,0.455264075307302,0.223871743159315,0.319743820931741,0.399255677788106,0.450036314183502,0.27962826722521,0.515175070518624,0.114329753909979,0.430465039305635,0.14222215825914,-0.0332948861805118,0.648338759690459,0.298243007313571,0.332826523280999,0.554467106708257,0.495136008217995,0.209523106524864,0.279716933886605,-0.0518707960464858,0.250344478598594,0.33381063270559,0.279878942060488,0.169339729974428,0.241223504207154,0.265676970036081,0.403009153016768,0.179497963775669,0.291597273001609,1,0.327176121471177,0.336849296666895,0.398463243691424,0.490577628512865,0.135896673146487,0.576578888569164,0.438924971056647,0.131713195062924,0.416045731396696,0.498893245782059,0.283620191898154,0.448525244514716,0.382222964581976,0.0136313206531941,0.10210074044344,-0.101334605802351,0.648375601255544,0.231761928607224,0.611210466842688,0.546277841340513,0.185570173007175,0.314366504956148,0.286058864117972,0.239616004552832,0.380175413116878,0.279317904470911,0.55589699800313,0.154137398802587,0.31688478035336,0.486354068077234,0.508593069552263,0.304544003717367,0.593250053744914,0.550501861969959,0.363203849655582,-0.20258874002998,0.549649210059544,0.229934862330869,0.281464223365023,0.482562325251957,0.585388480753473,0.217970413635717,0.497853985244589,0.518409873691753,0.30842592982518,0.248531641013591,0.158266254805687,0.327098370347994,0.46350008152922,0.318455237538472,0.321144839762631,0.38314474434661,0.347937820082141,0.637600840643121,0.263422041645715,0.347002983340553,0.438134213624085,0.273979024706441,0.0617839686908125,0.157342368474578,0.581216220207692,0.488873606333387,0.390846740224349,0.437119916621778,0.362227855580581,0.514356211368715,0.284492119649523,0.202799925232005,0.398467749709588,0.531045645762872,0.232234378103414,0.693181009076812,0.409723900611618,0.23548600784919,0.35451210957947,0.268527464164082,0.184889142761479,0.241083741694732,0.3318549303848,0.365871638978212,0.329018701583947,0.226295210225958,0.386090538768577,0.0705308808073424,0.18105598120133,0.34228751977243,0.362275514627002,0.307934871604255,0.576037251911889,0.70599361889525,0.462744831810087,0.255704687229376,0.196019286319472,0.163427658807898,0.305857295676724,0.244497700837638,0.203004027800151,0.37676447266376,0.390699118771675,0.295604265586093,0.165794021751979,0.23429135924991,0.112359126640528,0.238988028048977,0.157391924462099,0.145538452783983,0.376748541244959,0.208968612436269,0.33475399226924,0.165527076095895,0.177426747258945,NA,0.248277476058689,0.390752137073278,0.547497593482173,0.505019130332299,0.123253118029426,0.262425002290928
"ROI161",0.163603715956809,0.0752734442178307,0.218328270571574,0.0587700245883995,0.206447011905598,0.0757199513590227,-0.049849871584668,0.185587877341213,0.178949855594584,0.203659513745652,0.409542846118956,0.177644670211116,-0.0744202068008445,0.299190754926656,0.275626847660063,0.374708350280998,0.403126910143644,0.134299799343356,0.150067896567342,0.237599236490558,0.0761921776718031,0.0846144570220665,0.139462658572997,0.106248418491377,0.0019951684552841,0.038652132605963,0.550998454944894,0.0997620909444414,0.201478704478273,0.0691297259836188,0.0434567141462074,0.0869674290316722,0.100385511189537,-0.0152088420182784,0.19193784901375,0.309251648699858,0.224869025878073,-0.12389592062127,0.26016504623449,0.295207140107541,0.20838424300364,0.241435736611202,0.334242346936671,0.0780086860963392,0.169294666441781,0.125238587082905,0.315125926397628,0.259146698455821,0.341442456390389,0.202169809973291,0.260632222522173,0.346851281478608,0.243249569491899,0.631583201805069,0.383390018147491,0.219244494907474,0.134941446640708,0.337789409760782,0.445080660674079,0.201891574831539,0.181727768833359,0.174804595683146,0.350081453837019,0.314435905992034,-0.0894039952231928,-0.0784470713083077,0.421669211121197,-0.0116021452544214,0.294602609722431,0.101548612195831,0.392065543071203,0.0568692967251084,0.061303007240097,0.24588623091159,0.230008232469082,-0.0131185149210722,-0.0790601227327568,-0.132906362665012,0.0751201885345939,0.121752507066971,0.35774058898006,0.373469499741633,0.223496697875273,0.0933450606834049,0.220909411766109,-0.046212007206297,0.121897019792526,0.187938762282843,-0.00382212848794921,0.125978596708759,0.390783322505419,0.43852256700089,0.198940038888271,0.308676925405923,0.298676223875434,0.144438783670367,0.131807653155821,0.301541571975909,0.427113748182987,0.352384584766015,0.339498853543124,0.175387846535113,0.081345625423623,0.122542641738317,0.0991370231337472,0.204950912867281,0.141597879675037,0.252212037717952,0.189993662582092,-0.0230894285765971,0.2389227088639,0.244907046617141,0.0574085701101694,0.142459041680205,0.308233274485008,0.172312041077961,0.195848113025541,0.434779709631551,0.077200162782437,0.298050102062644,0.137286854681916,0.201862260424457,-0.0117012649852986,0.294618135072127,0.295531899255068,-0.0246193060073537,0.2438066731031,0.118237031316104,0.0587548987235133,0.0656314269515662,-0.0497099289401578,0.255080744508324,0.232323924310166,0.0718694163307909,0.27319224862149,0.355957131967956,0.386115517765868,0.587692592933285,0.198086909973988,0.349050162512573,0.143576827055259,-0.175782656944375,0.159846236548582,0.359920118803243,0.0813842445050016,0.296693219305071,0.0906071160271856,0.0425427098144861,0.336646854076167,-0.0743725034153983,0.295919595912011,0.331461701871201,0.190135415837981,0.0119500004591877,0.268996966484874,0.27593100645039,0.172394389795268,0.240847572290762,0.123606590748796,0.327176121471177,1,0.161060741911042,0.356626997910938,0.439824657343892,0.0954200091059901,0.223250878371817,0.36938759607561,0.212282945747264,0.38045240710624,0.295473893709655,0.224476197549508,0.349818502409637,0.489219209953089,-0.0487758456371203,-0.0534463098754019,-0.00737210375329349,0.215900661263493,0.178752593813843,0.193797603787054,0.661279690717528,0.0785685075424622,0.541454653326216,0.222970177781281,0.330937186484786,0.226779247848661,0.0771847632480329,0.366618312896496,0.000952937449260491,0.0573397499405664,0.306450887309197,0.319376149213985,-0.0397199435735252,0.195714006666695,0.0905905692052547,0.360282215808145,-0.100859291058155,0.156493017709691,0.122560555020606,0.250543065826545,0.279796130617888,-0.0153011721399232,0.0479653186441214,0.197287106908982,0.276537495180347,0.248337321081324,0.24282816004735,0.489546386325142,0.280005603494552,0.197324269874361,0.0384135466690841,0.254685566486143,0.011327059671074,0.335263589440169,0.24675737077913,0.0106610682490824,0.539813825691595,0.133148306877606,0.207255035271353,-0.0584655597950502,0.0284081905270069,0.302642302685536,0.172542437757941,0.253162984629983,0.302081879710774,0.415926596632785,0.0871869305131224,0.202915319381391,0.0477552867431308,0.13278985956173,0.436781696910837,0.130331267915231,0.262499989997616,0.240891208189774,0.114702381644142,0.159341007842651,0.058004962514135,0.27776671864034,-0.0607074562761553,0.4032450366134,0.162686530774083,0.234392507462841,0.155568976817122,0.183578969975907,0.166898078120261,0.153263656176358,0.266775514192506,0.18008092648172,0.0539603722240243,0.270663452165258,0.203980530413599,0.268877259338831,0.11502389900786,0.0249132786923656,0.0799315672534252,0.213903314565361,0.0983451601903901,0.145590671099742,0.165900827396034,0.227917428655053,0.34739124004032,0.182814082168397,0.152373756686163,-0.0232253414905542,0.211655121622045,-0.0626243975674882,-0.077642860036337,0.0866613210612253,0.231711341956472,0.471278491559538,-0.0509879615216431,0.126041230434562,NA,0.275066812299504,0.24079350376204,0.286816544272085,0.491546530900466,0.279885836344786,0.105779712000552
"ROI162",-0.0440575096400107,0.264651372090807,0.0293540084908725,-0.128675984751791,0.0160508365689606,0.198854208467125,-0.279099991435601,0.0527697307504424,0.0934010247230169,0.146904301559543,0.132203163730688,0.187448503035614,-0.134475789620615,0.0272857363227542,-0.0638024375454497,0.477692314447492,0.149316244873103,0.013903189106575,0.212209822085228,0.178896473854073,0.151121415355575,0.260676680928456,0.0464199361101784,0.148917917618708,0.102409260793403,0.0380844220850388,0.236546287788879,-0.110780837283728,-0.0809880665234451,0.00240563458144566,-0.0251728438019963,-0.0650844676666507,0.337385950564335,-0.21086523654404,0.352253060375502,0.273005216178689,-0.019434981706463,0.173525626921766,0.092816916381894,0.22083098616577,0.202927543347619,-0.0532086882302309,-0.0483585598903106,0.10482652164214,0.140051174104031,0.258826091889638,0.414068346118442,0.000219368906928351,0.143651751852937,0.000140516534894012,0.177883743523233,0.29079043925953,0.0422038321007905,0.251080109894616,0.096653934748261,0.0677941819749169,-0.0622893863680116,0.0155865569149265,0.204817751436681,0.146590221348733,0.403867832649656,0.179244175329277,0.132350639812744,0.0362698035368309,-0.075036072755656,0.302696188800315,0.363208009932625,-0.00669357091978152,0.0610596289354557,-0.0403207564250872,0.110504803916526,0.226682722682051,0.532996214605895,0.31721652799019,0.22572725328735,0.00216140603369219,-0.0386101676204563,0.0471322188721633,0.147097667979938,-0.0581841047352335,0.114856000149512,0.173029655882113,0.178969505249622,0.111413689605944,-0.0599687682900085,0.417418013056318,0.191013129824981,0.305606561976317,-0.0455332537619105,0.308950198764459,-0.103925214482256,0.365173350323294,-0.0777204287355586,0.370118767106795,0.229175956669999,0.260815078132771,0.160092806067448,-0.044763464776557,0.107601330877965,0.423049861653519,0.241552516619032,0.264573520821531,-0.0827343100854522,0.279353317145342,-0.144790682994954,-0.00610701385051382,0.28195133556693,0.0203813842131443,0.227549713242304,0.327342687096638,0.139365599029826,0.0907459023335048,-0.0788107343409822,0.158361915713786,0.10985889919702,-0.0385071529173917,0.115651883379292,0.140334996682784,0.0189247763283981,0.139917159659573,0.185285590856766,0.285812994062542,0.029779586676158,0.000477412801840988,0.386915843331933,0.321731732131147,0.0844066410385186,0.0625754317537883,0.114248335120856,0.286059499032122,0.0942876374128051,0.0867453556434017,0.020361968722475,0.269843174250179,0.248725805436032,0.128957304892184,0.168135620926386,0.242194507427107,-0.00930851415771868,0.342062183735574,0.111979893227849,0.123788151755556,0.33563787265588,0.0199102897463979,0.0397933525652698,0.222651982398482,0.305177217938325,-0.0739745824029464,0.208644569526094,0.3261432294889,0.0223559113747242,0.3795407587706,-0.0576716222565558,-0.07078956006787,0.102505355427793,0.0556623557866516,0.0104600993779161,-0.0908111116473018,0.313414217458384,0.336849296666895,0.161060741911042,1,0.299760582468854,0.255282841783188,-0.00120373490704706,0.128894158327195,-0.00338629414273577,0.0185663356091841,0.0649645718848805,0.151641537540337,0.00470400386345842,0.134715963009492,0.342629536169853,0.0207738375830401,0.055571580816701,0.0047447742219087,0.157627708661017,0.102929294414666,0.303899194302094,0.339618154478984,0.0102272867059182,0.115996060858833,-0.0571784360877279,0.241656366805727,-0.00199018763245639,0.0283795495421776,0.193695331289721,0.114919543926833,0.0429567947846044,0.147693076338333,0.0406262258012794,0.0112648489246942,0.406401103582839,0.252483193246945,0.100218149507515,0.110730436710246,-0.00540731037301499,0.0329423393388411,0.0126668369053437,0.122198158476144,0.348872589503342,0.514264132283467,0.0837842530495595,0.342444942621619,0.154429824148822,0.0582439070426952,0.0600137883712799,0.150552543869973,0.32929736056584,0.0332907425818809,0.150438611733539,0.0902358480825404,0.0688527065486739,0.14495523119752,0.0814924117392997,0.162976383173961,-0.0480975160444412,0.100231679759891,0.401674349936134,0.143988364181017,0.32735703752985,0.152704004118141,0.136924001404723,0.112562399405571,0.107454314508493,0.215919801204525,0.0618449453627777,-0.0802533296957652,0.0817737241997359,0.206078335131888,0.300325652585169,0.233114692910331,0.15162237610167,-0.109424536886228,0.18367354953923,0.371948031450797,0.111530493404533,0.215333936346647,0.0529533658850923,-0.111028130200769,0.19292427277543,-0.0352222950366733,0.184213401343334,0.115398535560197,0.0537029461865242,0.0562277911322608,0.214046376976158,0.0596718068850841,0.366059307947857,0.135054797610711,0.13384726436578,0.404736378055972,-0.171322730064356,-0.0634750989043418,0.0112855702119002,0.358843896077133,0.182985680714328,0.286948576362586,0.158522510764604,0.220017758511409,-0.0391892545179509,-0.0668656645574165,0.0451502422176148,0.0637736968776101,0.0421669903334351,-0.136527925713915,0.120018946517547,0.0657686837024759,0.209134653386649,-0.00291469480385341,0.0666025422415573,NA,0.161479026249895,0.175806709960575,0.146257568191114,0.431813099957191,-0.0653608593691958,-0.0727283259426297
"ROI163",0.000176578862420089,0.267278739897907,0.142365898592109,0.185080757658322,0.0859790228399682,0.336370831989444,0.112414810164024,0.0902116832589682,0.0419910528590929,0.284519702910626,0.168764138783463,0.110444914970104,-0.117868740608931,0.0420925840895613,0.187350634597789,0.245254591686838,0.190447104478276,0.207581225213136,0.0653061227198732,0.160702097616322,0.123818880759796,0.412471633522599,0.281016005444792,0.228314182999917,0.0140952349804059,0.294573843171887,0.172093966217778,0.170345792116877,0.164485073850754,0.114308712785175,-0.0815253704211147,0.127128662209244,0.408256636951331,0.0889871518605807,0.46262941222371,0.341505374828814,0.245862994780404,0.157693580756073,0.246067029643482,0.322802028565313,0.0939032706866802,0.338223367666603,0.233491499661788,0.262491955365975,0.206107837973389,0.39443296672488,0.341216264955436,0.248065635730899,0.201450629672495,0.216401827844081,0.461824189390619,0.335226747830622,0.128827845486078,0.35637966987919,0.224661422976153,0.202831980272861,0.0275855004642118,0.221341479446839,0.0974271144033016,0.184245466763863,0.075877378385089,0.353551133809678,0.211981528092346,0.00429567520830248,0.0742433175438651,0.0794763075912094,0.146663254900768,-0.0106788031728581,0.295682280068422,0.185903412135343,0.257737643876251,0.211268421482632,0.256128833469353,0.61748816931516,0.293215075479481,0.0544937318822715,0.161617586684393,0.361159725838874,0.0582082714893815,0.0971574725000278,0.366219717993773,0.0398482985752228,0.0965887188115042,0.176743821686942,0.0904413938124253,0.35382537043853,0.259690608944033,-5.08553074525733e-05,0.289497898922907,0.236721551570794,0.321768009790029,0.238870405472083,0.0907503765656325,0.264488840382864,0.190905681459783,0.354389595157185,0.129308905030406,0.14421023833971,0.292904240501212,0.283911971410964,0.046691147704035,0.372835628650808,0.203875042769184,0.165230224892437,0.0680341793453724,0.204852752204824,0.213515748734501,0.24736982614083,0.223493322264673,0.33128803323284,0.200931680907386,0.236865678560079,-0.0477442765634485,0.246380204626355,0.307441638968509,0.143578135372911,0.127412208009718,0.154218077377776,0.293572095660883,0.332924976223299,0.179499053178163,0.40310321370109,0.199332834066699,0.224465926232448,0.266924282661829,0.288267647401287,0.261978451724713,0.0703989477124745,0.213378400457531,0.301983045162904,0.274670959360356,0.275701445586216,0.34134616351954,0.467235440543165,0.20095148089545,0.369047974819117,0.249708509252086,0.255805239291752,0.0735709396524094,0.163051007958998,0.0988455072763648,-0.0490904317566285,0.256500725954246,0.176295645958046,0.323419975633188,0.237695137231855,0.416130345605391,0.0370393625854225,0.154311853553373,0.193384130626938,0.284941218741896,0.384432434720056,0.170746455694464,0.105028107373172,0.238009028487013,0.233897459754903,0.166202609163079,0.00546969770483689,0.241818422140157,0.398463243691424,0.356626997910938,0.299760582468854,1,0.280059000963545,0.0713985076061646,0.175448020797916,0.154458278227138,0.103980871150161,0.332875992807697,0.29762779693005,0.268970179662817,0.331504305363588,0.231501475859495,0.0347431233880439,0.040880009524481,0.133340701375186,0.358442107702198,0.244975376756293,0.425104972579205,0.432910341393436,0.32564022759753,0.341507204953976,0.172746223971542,0.160050220670723,0.25501158174299,0.221086577776491,0.419488571543956,0.34532019592473,0.518061385583693,0.307368944328357,0.358756364967578,0.228023148714492,0.420451315697109,0.373470167851108,0.109517861767216,-0.125109325471581,0.327218802421535,0.374444071742305,0.417705752699633,0.35310684299466,0.383993979565684,0.16059275106711,0.102271351454262,0.416405961387755,0.21244429834389,0.0979573852481719,0.282962034124153,0.311742233360988,0.407546778731591,0.27915273217867,0.181589764577852,0.34696175405227,0.367539802684568,0.329410121093009,0.337973291082984,0.37791408486285,0.252234633391148,0.180688737945336,0.186191373515391,0.162103050255867,0.367351402637745,0.267312815093203,0.171891947999842,0.314262794211663,0.455007498267542,0.377569486339247,0.184794454228101,0.280138738418531,0.338568733372419,0.395531621300599,0.131620964080589,0.311598658368922,0.346218406184087,0.269016126576736,0.321975060254757,0.229028381313543,0.150639291256681,0.361764726096021,0.099586981519068,0.0143833152672688,0.246835270992984,0.0368982151414844,0.285439937686396,0.46407819909783,0.0974659507843655,0.147660170711781,0.282915849539484,0.401323043012773,0.270438376726572,0.370126584279388,0.257415015282569,0.141222058441432,0.120298893713581,0.0683323310478444,0.157803167851752,0.156879951621626,0.23976931966701,0.352090030260625,0.247642493053589,0.233561522288364,0.215191574197482,0.0951044685173898,0.0282160467987273,0.197728443620329,0.278401366148729,0.163412153441435,0.358064333395699,0.151040460008421,0.0894102114015753,0.106196934300962,0.406332791039686,NA,0.261029183815506,0.175229424879578,0.318751654655693,0.330959618827929,0.0152243744090919,0.157989954051975
"ROI164",0.164117304835773,0.232300084519207,0.206018791035234,0.191347552117611,0.267292830938895,0.240212161825029,0.108071230607011,0.372196755531387,0.432308717305958,0.385838457132708,0.318115642168434,0.294055479441654,0.0264435993240633,0.302098266145295,0.378314066395165,0.458025864780529,0.397766975131534,0.314097328676204,0.299094297828518,0.208487463071196,0.307465105005139,0.0881332793483597,0.24731787650242,0.315295353466199,0.212273197402925,0.254102638698965,0.510845603775391,0.235142553921415,0.270706148574194,0.190550358024191,0.147512993836639,0.191160533379174,0.16619092231336,0.218358664352377,0.24410811121735,0.461305595350992,0.189059648027457,0.0544863058185343,0.348039792310406,0.378845088064591,0.463106033742546,0.297975732490477,0.0157120860671228,0.286198391591904,0.352247609181067,0.217471062943733,0.340726632931886,0.292748668274852,0.234510453013532,0.301839047894217,0.368950955541341,0.173342974947025,0.364390765875297,0.41382044953255,0.495186747135757,0.330290621864572,0.32210855287553,0.244319137262914,0.33774082865107,0.362061967217336,0.29753823709788,0.3276275078989,0.207669460365936,0.390230406761312,-0.0519911828075375,0.237022744324597,0.405258315477772,0.206653993905092,0.413982224924497,0.147755237170795,0.417376645490718,0.326158961029683,0.147662740077915,0.180353606548549,0.425680531560303,-0.00990951109284915,0.132037734578575,-0.0416072195070976,0.20000035759491,0.260439596860819,0.338527180247788,0.358000242260373,0.230273504383296,0.380468050734725,0.340915847728923,0.116649412600644,0.240486411811279,0.382891368050559,0.0850701696527638,0.0561061482272789,0.296554261642304,0.389095972746483,0.327317319043248,0.462409034682827,0.409577775165594,0.189745117838198,0.421033944068489,0.150331603036262,0.156361619678063,0.385180060364882,0.598783352597331,0.265263112840257,0.316842997068439,0.298514453374121,0.244323052462912,0.322228280977225,0.177042239620792,0.337130189944516,0.325985391775029,0.100311317691815,0.220026454890683,0.230716528922436,0.310086012095321,0.0970270871670318,0.417650698665247,0.234314239114729,0.413552726337212,0.446775166277368,0.0815990991774907,0.368125865184141,0.0813693569551162,0.228164809649251,0.13054523616839,0.228624135936101,0.304244079846596,0.116317153933956,0.196992545986483,0.114804200906621,-0.0688548890196173,0.206502388057257,0.225536949026062,0.408530243475795,0.249728606427827,0.0837255869657403,0.372617581836068,0.340596813534357,0.60593131127457,0.431384016921423,0.156484921954584,0.674006149977168,0.133188290827291,-0.0778581640084869,0.350655258409527,0.315148793999072,0.200593207348296,0.599933354562317,0.264514331384191,0.337341218676947,0.286619624735958,0.117230743474731,0.265828099648041,0.282058987823481,0.266368320893824,0.27493807449668,0.286678655744244,0.293286295099936,0.456779717721795,0.332116032407494,0.0830521273669827,0.490577628512865,0.439824657343892,0.255282841783188,0.280059000963545,1,0.246087649755428,0.52315684386912,0.491665237490529,0.280890242867176,0.228822951777472,0.39559883836769,0.315312630836583,0.461561268808294,0.449158832480762,-0.0425734302535276,0.156871338203367,-0.215504947509179,0.311580419617665,0.254417793305656,0.359546997509143,0.722063647422183,0.248111119556066,0.575406459593446,0.379903541488125,0.307616040843761,0.32019654657738,0.32761756135104,0.278143636674972,0.0361369874497906,0.178969603987895,0.465654215459834,0.455432618955543,0.27210912936642,0.516356747341536,0.370135685615148,0.358184011071249,-0.0733051341171784,0.377582108247168,0.253697503465653,0.208641793522708,0.408936880455395,0.235582552785255,0.127217318317043,0.539472836604702,0.372463480407624,0.3891358917221,0.320820420407034,0.237824339884464,0.294243716385515,0.237026755699284,0.362747542047209,0.217723201998987,0.237795771852341,0.32455815118642,0.437815618726611,0.158212663145078,0.335997375083768,0.356399806747435,0.37430030737493,0.0277518655647085,0.107098896033799,0.531837148900851,0.360083416575508,0.484432526255543,0.45578669275653,0.503680472504429,0.495378094499752,0.352411731210213,0.384126338531327,0.271724771499794,0.528515240976171,0.158161838388827,0.461362379480083,0.312281034334398,0.263429130934127,0.224908242832743,0.0793800134326456,0.359307385953537,0.28161085622396,0.363019033902026,0.334308757588214,0.41294915264617,0.41140359193982,0.290113951901491,0.0315919103148378,0.315655515220301,0.335716438501107,0.333466816464608,0.26995739290681,0.418957708293952,0.388295604707173,0.580975878845303,0.241073628414293,0.173530465255274,0.30831162775178,0.412974146851605,0.160447034444215,0.195323488380139,0.344074324606834,0.655957904163696,0.261472079727506,0.357262928315199,0.346486256244132,0.168961495824258,0.372269464391427,0.117958471588038,0.149022259185725,0.414208838671899,0.362956424296432,0.432700296475445,0.255463142211158,0.191319384946943,NA,0.388611267672858,0.392586274682698,0.533152848244246,0.474859181300728,0.234156987013803,0.291211979706119
"ROI165",0.105597037623991,-0.00248663183159131,-0.142218703509087,0.362619383960876,0.199304356755597,-0.0284356052312047,0.309671569786218,0.322158804755121,0.196351147082231,0.0695036465409815,0.0715803534497634,0.505368761645406,0.0513899217289748,0.285871656964343,0.35110421389863,0.102771537705421,0.257268327275849,0.343062396773165,0.0265055389309418,-0.0118421101026246,0.073284462523141,0.0542293286495316,0.398288051968258,0.0780935853610783,0.142346490669013,0.247336240516905,0.309837518599224,0.357778776741873,0.326643468805615,0.0751993643227542,0.0858638004296736,0.373490650063736,0.120727576731909,0.354856706221596,0.261097537376963,0.469414687380467,-0.118076153040941,0.224782646034434,0.286938865692013,0.199123085853044,0.286115669505614,0.140573142295412,-0.0355442764085111,0.385554847192803,0.515331579860074,-0.0636857550126524,0.0774649555104661,0.317777284339909,0.185313327682633,0.350703469118409,0.0941648878546288,-0.0947646848083233,0.55691441555091,0.024754271021649,0.3075774007247,0.332727554448317,0.250272068011055,0.163299662628417,0.181417306801994,0.21930083522754,0.0215700937657131,0.284237665932647,0.0496805604320916,0.33438731163567,0.06506599893324,0.0381882980449386,0.0168254464816253,0.207757419929302,0.0495594677318189,0.143284873197748,0.280613886837267,0.0252490814622088,0.0589101748248245,0.0599442284646083,0.143366298444926,0.0828456453269368,0.224086936214593,-0.00988057805678473,0.145428008437728,0.235821801669819,-0.0431405761927128,0.252513792121535,0.33081251912937,0.649824252811581,0.27171258936386,0.0357514751988583,0.317816052327839,0.18058998850661,0.241481784105696,0.130582485340353,0.00592328017284596,0.0846761382964333,0.314867101414703,0.0844699126940424,0.15824606350811,0.252942877665088,0.335605435960398,0.206366448402111,0.204164154114215,0.183693637439693,0.118018754366268,0.29570583907661,0.0870103018056627,0.180218382089225,0.359913312918973,0.551968941520439,0.196284649501805,0.499117848566826,-0.0855963558531381,-0.0353478627555458,0.0424701504651869,0.248179514779757,0.19376700190343,0.00719971264202921,0.33268759818111,0.106967791409107,0.59617867405606,0.202338425660234,0.0478746870583857,0.356980542465709,0.0502131424230064,0.21025264634184,0.166881400017627,0.192633536935927,0.0616056507280238,0.0994506029098693,0.249443051186023,0.0278712946259818,-0.0664387519033514,0.115231846510622,-0.00954296302164791,0.393743236287394,0.319108325945132,-0.0589444572495508,0.117697451895434,0.367341483259113,0.0937809700152644,0.0923739944263022,0.267036372608512,0.222924837548263,0.0922192986417547,0.140604334831514,0.14078758235715,0.151876652209897,0.259906502894067,0.269546250566034,0.246997375306122,0.375450718170818,0.0658786460600457,-0.00974047744947024,0.141755407580814,0.111848006056413,0.531225035397786,0.353425263841268,0.0307390057010087,0.386930932267109,0.38695425151727,0.210516959796095,-0.0517568623265669,0.135896673146487,0.0954200091059901,-0.00120373490704706,0.0713985076061646,0.246087649755428,1,0.279210348462549,0.345328967704634,0.480109752255028,0.12675548741708,0.0571999527902411,0.178065899750773,0.325314727690568,0.324955627673028,0.0138945214825272,0.210523708956101,-0.0753447361711023,0.215910792349909,0.247331933813128,0.0173033107652394,0.168807462036791,0.302789351403939,0.200963279968499,0.382794409955728,0.314096705162458,0.410480597879951,0.120694455779321,0.211017369389825,0.0302278257012237,0.0163239220029389,0.375784615237881,0.310166688971973,0.23207987469531,0.168268129432545,0.15050529811451,0.155127172886624,-0.0505938376371533,0.275833581323557,0.21154419178832,0.237290400873905,0.136202779970946,0.164320416515337,0.0244667434364077,0.286122319866536,0.184591489024827,0.531599839161474,0.228533755015008,0.248051481108137,0.444546456716552,0.138538949401744,0.39383079601285,0.108020156825563,0.353241285688242,0.221162416340137,0.307617752676428,0.0648255501903069,0.0731732613094701,0.251585511975211,0.405416086348376,-0.0715671800014001,0.243556168990838,0.244195488892644,0.318164598309815,0.596049026299081,0.404912535385085,0.1248484638487,0.161583436419981,0.559982299879798,0.178428096080351,0.370376052097887,0.331825663179504,0.118259138617525,0.240574270334168,0.162181898662513,0.247979273391665,0.407832615789836,0.274401687787985,0.370445192369534,0.167061380927377,0.249203436118986,0.198587669128959,0.378312120934901,0.323832846124956,0.212163103952977,0.0690749035501345,0.285658785828081,0.336458730621102,0.354476226120406,0.149235843583016,0.169525514355405,0.224538231543645,0.144114570922275,0.174740508346818,0.295412085658759,0.331971590117779,0.354563344294648,-0.117474990894567,0.0883983505693101,0.0740735433856559,0.252447920823948,0.0461051099060023,0.201550207807827,0.418355465737827,0.108504916213103,0.430201597730154,0.201939144315499,0.211916499211658,0.125220907678593,0.358305766852167,0.205689548628557,0.611215333100243,0.0946548800027666,NA,0.101744930198159,0.00674973462669517,0.293767700907746,0.0685655637882911,0.289820051042127,0.352768145434852
"ROI166",0.377282622414078,0.00484379531549966,0.207715365142332,0.423655573966137,0.501428578789177,0.183235694905056,0.264690303774174,0.754850728779238,0.538036564321054,0.243384966927757,0.232158235483176,0.307732357282268,0.114205349610257,0.234037975732096,0.568975271819533,0.196137555546444,0.487825842679299,0.458370728493779,0.201281088666737,0.398970387012467,-0.0186988985675743,0.0945001945893652,0.443103354714275,0.0292420155340927,0.26369443916752,0.216192025427056,0.518290318788707,0.492782028204289,0.48400719585511,0.0991792767171581,0.17110307638449,0.364475005566647,0.0679142658741314,0.35704578694592,0.277988812186968,0.454910337502103,0.08165413605951,-0.0178836093835562,0.540619477559087,0.283267292984108,0.587722504346832,0.385088041972429,0.0957205455299048,0.271773652097469,0.540315515714502,0.0503340118741462,0.0372223043475896,0.367463712187314,0.366706122519916,0.402305180411121,0.212814596217834,0.218372929533123,0.462653053269128,0.126054479642522,0.517213497354478,0.40595401181207,0.683021013072083,0.331252512416045,0.426359923812964,0.499158667089956,0.200224933303569,0.173299632892522,0.257236726872999,0.522755842998229,-0.138387749323654,-0.0046272873355545,0.37201277909361,0.226091628580378,0.0201992867540285,0.220251151156494,0.422947942256558,0.0555334308050644,0.111146449400963,0.118396260155038,0.249970048196883,0.000169748337580311,0.137356047903617,-0.0437798618859193,0.08774170090352,0.525105513360087,-0.00169384500556665,0.393085533529855,0.417898739083495,0.360889156961832,0.59829344248833,0.0665068250057839,0.390843370847024,0.450126848357945,0.140607905280388,0.264000852189627,0.172596584502868,0.241790407346712,0.543762323271318,0.153866541993902,0.456439311678192,0.214509726951608,0.376960537372987,0.275968653395248,0.244027668163108,0.51591732054358,0.364055434331429,0.324187387890842,0.0592847080215202,0.286074639232419,0.314992455449581,0.458797138475596,0.132976918234222,0.423384197715737,0.249282038309523,0.0560720120173923,0.137863862112591,0.31423680104461,0.348641343765784,0.0182339308253581,0.498877765202782,0.447915633980425,0.520090895319537,0.394384746596678,-0.0767836128538471,0.337581247464463,-0.0307355891850658,0.187157413589911,0.0400577245369528,0.226970354111395,0.247752968397502,-0.0117484856925566,0.285237252866262,0.160801759663466,0.0197529593604876,0.121037240576988,-0.0182856548338318,0.439591275867331,0.363123684701723,0.257708774549163,0.140014363977181,0.393518507064302,0.179441939940292,0.332680486263882,0.251024678890865,0.589761241859108,0.0695848542567131,-0.0274823566217242,0.565755818648775,0.252217428631478,0.0889614797052194,0.608869971225719,0.236324301835572,0.682512746240908,0.381949647362455,-0.0907189455494649,0.176031949563495,-0.044237512006812,0.265724296360642,0.363095042813013,0.101243824999978,0.319416049899488,0.764609838470947,0.276045200420107,0.160831804228217,0.576578888569164,0.223250878371817,0.128894158327195,0.175448020797916,0.52315684386912,0.279210348462549,1,0.477813051541575,0.231332154252332,0.368248309622694,0.297479595089414,0.0843207322269924,0.594454515814505,0.531415453891067,-0.0171958398105729,0.171113701983908,-0.269571366144037,0.448498879339066,0.176502086500384,0.345718642088833,0.382895277275602,0.121959300447584,0.231829070180366,0.543240810076554,0.183096441008393,0.372741018917168,0.0113815585517039,0.244713993504644,-0.0131823180519616,0.094533613279084,0.375103293990707,0.460810808369469,0.048050536863809,0.32784798343794,0.123355635159065,0.716080680771707,-0.344263437612881,0.423438362802872,0.200670418629397,0.347246501184919,0.252301109174921,0.342762298134408,0.21690319086427,0.686686819333914,0.173387741202413,0.401852257002033,0.576238917673872,0.368344775269739,0.289362548743338,0.333645446180088,0.30233623511742,0.217423480716124,0.165714920324724,0.391414529680363,0.50126106499775,0.086634866933366,0.345365132074863,0.43119814726689,0.459687000882851,-0.0718944613977615,0.136562086337883,0.332962597939603,0.625176104888491,0.417587535945896,0.527407059171664,0.196877912732744,0.197286945981436,0.400134664619962,0.102747621655683,0.349896449420956,0.55532823401188,0.173730775504126,0.601332436769562,0.291267348505554,0.18423223302639,0.426498401500924,0.129381771882727,0.35021574482637,0.1154075764783,0.470807143434842,0.595476914379508,0.413758111776463,0.774344213437309,0.414097466664274,-0.0525227915105527,0.517137859233661,0.543020359580246,0.304420816433863,0.0529564602472483,0.136206571582473,0.380476146837668,0.249868421132161,0.305017635069264,0.338639108494442,0.680178612591693,0.634127157811046,0.0619584498794449,0.0879266099812335,-0.0419212288160171,0.339700718815341,0.215210371968473,0.240336338956253,0.491564524244063,0.153793705488708,0.524895198422465,0.147587206716642,0.200984196992795,0.116146353815703,0.552072623422966,0.447605132810372,0.363180553003321,0.0512284613985988,NA,0.332053352263868,0.287448478728945,0.514125775796046,0.475054907418132,0.508258921841655,0.438605937496789
"ROI167",0.186933485156607,0.07967296150449,0.0872445170213058,0.208019220658973,0.421653753213927,0.1362900435694,0.140938126591201,0.471887921106792,0.3442551219963,0.113826901726644,0.633415355354219,0.323619218631458,0.088235827419533,0.274535767344215,0.432732836388618,0.271505727919999,0.417689506951278,0.261190336974818,0.157988556808059,0.25151194189922,0.188862653105641,0.111454227669108,0.377977279566285,0.184441082907164,0.19762583979727,0.103858217860344,0.486965192210234,0.292305196359058,0.295295137464057,0.160840462629864,0.191584325855475,0.285777682046623,0.0743701301917781,0.135604471142442,0.210961099055928,0.319944799390408,0.166756483014263,0.033687933953177,0.314208277734476,0.324338164500429,0.39643493416055,0.327024059475987,0.140155086652797,0.117634131861955,0.33028154062062,-0.00372024277887156,0.172594212700874,0.295501416806843,0.351477220824883,0.198470093386548,0.188627606723323,0.218884069764805,0.321287956868324,0.221340621334891,0.417556738175212,0.229641208161878,0.42459008587818,0.525264649769686,0.337815110111284,0.378110211375411,0.163413716203882,0.230452483497223,0.239753887814844,0.403819309300419,0.0602913696921266,0.039886418727816,0.302608584654278,0.281024394139283,0.21183946380226,0.223031468942252,0.390034714846646,0.136588838506236,-0.0137492770280223,0.172451278026467,0.258770562311897,0.045815834374535,0.093709788340111,-0.0523621965002993,0.136833062159551,0.296573799527964,0.214451332347786,0.308887483750638,0.182828849310012,0.245542822479188,0.296753410252986,-0.077023494443892,0.257407819453636,0.268960789341167,0.0847448216033408,0.0751056901009143,0.359712995842741,0.261727001929198,0.37802300561419,0.274963786117145,0.441103016325076,0.177094327670887,0.295045724376456,0.357895460105341,0.14904748115059,0.423571737273546,0.315536945610253,0.174126348556829,0.073528575501864,0.212856679666952,0.257857505592361,0.348046226310548,0.164144708696805,0.290258202540908,0.0822802007156702,-0.0237195743013889,0.0337001579513715,0.310810791898515,0.281717486608413,0.14113550849851,0.487223715358633,0.300380351292406,0.349111090190145,0.577275443116559,0.143683697898309,0.377462391827376,0.198625075711131,0.252270157334768,0.0551315284817705,0.244329373043605,0.300777692742308,0.0398965343718073,0.148886403431665,0.249138603868427,-0.0180779376660297,0.115164252044063,0.0201022671984921,0.331879954847889,0.343957445155302,0.0284219876369385,0.231533930887339,0.379153483416545,0.301907181822796,0.43650121686413,0.151197010942622,0.390451433518434,0.255159356374574,0.0662620217469907,0.212755420837959,0.38910896348553,0.153508386601755,0.449015339690766,0.122883198700822,0.292651092891725,0.406286439875228,-0.0802766221074683,0.260707087863172,0.0794432103986196,0.380286298473652,0.149289640791857,0.483336312764699,0.235466259667234,0.402090143879062,0.409883186006608,0.040019454238049,0.438924971056647,0.36938759607561,-0.00338629414273577,0.154458278227138,0.491665237490529,0.345328967704634,0.477813051541575,1,0.318888724986326,0.434882085900536,0.216468674879992,0.246005241388241,0.387680660983224,0.465455359430236,0.00895599373191376,0.179192896929264,-0.255960240083247,0.338585920717828,0.251553708483607,0.171614246968564,0.486603504703066,0.226657083236847,0.325888985114996,0.37489251190367,0.255285987076627,0.278207438076296,0.216301263923719,0.334567841742265,-0.113410690428752,0.0853296190506081,0.332971210966173,0.448103268378248,0.179358561652663,0.167350982288475,0.183936178363873,0.442415353430619,-0.221631392552282,0.286038008024146,0.225981079329517,0.313124215003974,0.194944969755769,0.174801099313376,0.0624838194347144,0.375007420173454,0.29930633632361,0.34057623701164,0.298515529446749,0.401950574054053,0.256661765295243,0.119020016411893,0.254741252444748,0.28169561938934,0.220139524447492,0.324308802687384,0.31406914261207,0.0633084257954308,0.337294869904844,0.39775712681053,0.335444083082602,-0.16597481531216,0.162383409138241,0.371099847931032,0.357849539311821,0.321750767360535,0.39191457796064,0.292544542428054,0.209055574018147,0.29448281168371,0.169855738451588,0.254473002900556,0.47468154751337,0.0938491784209875,0.340583261572772,0.331802524705532,0.252402739377027,0.269470173449046,0.140612977089853,0.191693596510708,0.065433004900072,0.472806520055929,0.290780035030355,0.303783429216095,0.368299118000432,0.288126398968712,-0.00148818140419853,0.314197515268496,0.438685994574163,0.213230022045438,0.113444965614365,0.272802821844288,0.330829457981036,0.34785421002161,0.181995796518221,0.150862798849963,0.294397463376558,0.421851365546795,0.0109784303125461,0.192254478593508,0.149193652017317,0.29879548116841,0.384509881399372,0.141603601215755,0.393375753714968,0.226159169452233,0.427067085622093,0.161643519596827,0.168046790205314,0.116154577776249,0.344990555616643,0.390273231705023,0.217786608746411,0.176338095199496,NA,0.337388711107812,0.109759904709422,0.346717348410729,0.321178104618132,0.35459607695413,0.241979515476957
"ROI168",0.179310536664938,0.0480545112778284,0.0333461303141369,0.124673515108727,0.207668774864055,-0.0177330605897332,0.164562055061022,0.173191039150861,0.133786258937457,0.0775504401010177,0.242675121104257,0.665800088896856,0.149985659243779,0.812223968608853,0.264727570115674,0.184435414563522,0.225958758494387,0.202360785164921,0.152714814937081,0.115201590936084,0.225642875318507,-0.0177600713957561,0.0514149922790123,0.184425590531876,0.0400949732558283,0.00552618121210462,0.347430375195345,0.244988855012164,0.111849006222425,0.162186160210474,0.104767510404272,0.224908319495342,0.0978298683827093,0.169952800547824,0.1991694128324,0.244193885370513,0.129452521255758,0.141311470217935,0.188162799194618,0.259083793946527,0.0841419663627972,0.083235596292283,0.0765122932046847,0.191772977183358,0.219382465455914,0.00581289920001023,0.154047747376228,0.353532945750113,0.244367765727571,0.309344053179044,0.189258346804401,0.118183482027473,0.616600473630464,0.240170084183718,0.328583309360175,0.304088484022217,0.166284012540134,0.275360151814726,0.260979268433187,0.141226238649017,0.151985844359014,0.158929368934042,0.21170316042858,0.261267422578005,0.0474965054783139,0.161387947303814,0.119943482111011,0.226886436941984,0.158444200515021,0.179690025519878,0.294637816705055,0.0324988089051778,0.136557492444873,0.133273659509646,0.286466458630946,0.0801468431082743,-0.0391358044238812,-0.0988938823438177,0.20586199313715,0.00227774627321233,0.216271776398993,0.181874132821327,0.135706986201382,0.249767029064715,0.231966797257339,0.0165863866168386,0.0404518412217658,0.063172495467374,0.0911655395620479,-0.0425272751145937,0.143914208223367,0.233838403118092,0.245108874076342,0.128651059351105,0.215724861262981,0.155108628196613,0.247413947975033,0.2110824790366,0.133889533332141,0.177313619337214,0.23317749499997,0.0879025998058433,0.0569423411503528,0.2808171288804,0.255806561551288,0.156472278418565,0.161504912303508,0.358448799094907,0.02027391656614,0.0764931621924321,-0.0105573846991897,0.162475090136776,0.181397997593409,0.112023192834918,0.301364867083249,0.114356276113837,0.385211849135716,0.355877057825799,0.123124850748513,0.293266808468547,0.261183606020204,0.188921362995373,0.0450178322048813,0.262311685802398,0.181341908110638,0.0746137640496957,0.104049621850464,0.127509915084972,-0.127362789276663,0.197219392140258,-0.0678808173431398,0.286623776551938,0.290502634722286,-0.0652250903469902,0.349750703344215,0.271263323259289,0.145281808043987,0.293054836819563,0.279550473441798,0.13000559966609,0.166463721170485,-0.0317853335465803,0.0973586582264452,0.300328613228508,0.0715996012677974,0.15683108992786,0.188471076377454,0.288328986444724,0.177424082578451,0.121383891989029,0.119563681704729,0.0950537205138136,0.306615377984959,0.148214656886408,0.191256157490874,0.402793550431212,0.121688460877647,0.284434910224405,-0.137162221434443,0.131713195062924,0.212282945747264,0.0185663356091841,0.103980871150161,0.280890242867176,0.480109752255028,0.231332154252332,0.318888724986326,1,0.12897870565598,0.141596648245549,0.250867147282988,0.220127354174208,0.282134348129129,-0.024880221675321,0.197065061609637,-0.102424150273992,0.252947513220547,0.225682171422082,0.0208206639028871,0.313283159520799,0.109821222147521,0.306638786737013,0.286960413122528,0.703471764317635,0.0634220120423859,0.111813144852519,0.216518690986331,-0.0789048603120618,-0.0699616724721938,0.30670941957268,0.266260759151373,0.0587453633076594,0.0896179114226115,0.149245750092644,0.157138589090493,0.140065145591746,0.209679054356855,-0.0315137232655441,0.20602719788609,0.180790007487265,0.0624847707664014,0.0387265602907204,0.168483833147014,0.252313193597187,0.352138279273524,0.173920963225654,0.320243402629564,0.395181943244765,0.0807393405398148,0.0600301046227301,0.310125207291459,0.0781813428178152,0.153371297027739,0.0899562506628669,-0.15455691261383,0.156673254731957,0.139529673243255,0.21046144968138,-0.060494088180866,0.292788611009361,0.153302357032135,0.024693023037743,0.324441789209571,0.286163025492609,0.24442159311616,0.119523585076829,0.511621574099351,0.0557867649771231,0.089196471670584,0.358553202617009,0.285914343795325,0.0344922690925331,0.116616555130247,0.0940143760180271,0.12158251379633,0.220560471942772,0.10773519161497,-0.00167176568584616,0.199455162576029,-0.0428091547639939,0.206379790508336,0.21856417738856,0.142940880006147,-0.00390148191041655,0.170930319803893,0.25484516171906,0.155989818669021,0.0437428015147474,0.215404932733344,0.0671483783552747,0.193469473965906,0.0966531390520891,0.196548772337876,0.232634515569027,0.152450204636056,0.201756497101434,0.226311066452143,0.216461807601767,0.140038105158702,0.214110121838944,0.234719354179589,0.281194210378677,-0.00845968186915983,0.317228065653118,0.0391998777138253,-0.00374365426354765,0.0965154806111243,0.342723142817193,0.202797458737296,0.213553710109347,0.0801667359652668,NA,0.109831710279067,0.0916012977412092,0.164821581505303,0.0916747511047047,0.274448145156263,0.206227126782591
"ROI169",0.203853668223821,-0.027656616014415,0.420899213708281,0.274207595295885,0.344274059300685,0.0457432997971085,0.207864105193899,0.350866106785763,0.228177806239717,0.189356575834706,0.383466905626798,0.190441978032307,0.0843895553524545,0.161329772636835,0.467147171555535,0.0981474285554037,0.554730275106046,0.36593815879101,0.0428635223307808,0.384320652606723,-0.083759317256476,-0.0430459587131569,0.307844709840471,0.0432473002979405,0.100421791310167,0.0384002053806559,0.513686487032732,0.357336672364804,0.388693127015611,0.0937450696067186,0.0651223496369796,0.297566368996341,0.00283491536371065,0.163341881233128,0.246967584121705,0.370070487658745,0.192675754970517,-0.0325619731236617,0.456029087997052,0.30782889456218,0.296914455717884,0.423610848087674,0.315772037026264,0.0819754612349355,0.286638499822588,0.0015122597155017,0.0675814245383453,0.271608249738829,0.334510041195291,0.263091737442001,0.252958661601847,0.393997746076668,0.256389146408616,0.177832855174713,0.477086014619177,0.18295668652933,0.317079707142714,0.475861197374165,0.459428589352097,0.310626810988455,0.0151297533823096,0.101753164103933,0.407635673791607,0.36017329007946,-0.259828986802133,-0.124441260370676,0.228382276447583,-0.0446184329727432,0.0891497070661835,-0.0138460884426592,0.495962444740875,-0.119240353044261,0.0472885015146409,0.128771380247638,0.337957207423086,-0.122379738436443,0.0836459373832384,-0.172448607162822,0.180871801434841,0.372011577707491,0.0577456946859151,0.248802939404432,0.126646182788262,0.124708210359425,0.352172094377928,-0.0132129275953174,0.180938416432199,0.147911493975046,0.0749479415527523,0.104567831024541,0.486993618397042,0.192879015207266,0.395383852239557,0.117737750708559,0.434711919223871,0.134276923187898,0.0504749275419289,0.220022230849569,0.214323712348457,0.407830850601969,0.174466771056062,0.211104706725386,0.03220262752472,0.102520230967461,0.270488846718784,0.327456184722958,0.0900896417987115,0.257058115427147,0.114722395375267,0.0678043194620225,0.223549710330046,0.34575792075672,0.125500421625009,-0.0361427386859416,0.428588291911279,0.42800025710393,0.184593244490779,0.398070494650512,-0.101517814107597,0.334981870665547,-0.028269760035739,0.32042170920699,-0.0502123088963229,0.417993605815051,0.150830645955073,0.0429602980025007,0.249088656400294,0.037200046444703,0.0132733791343835,0.149932405221421,-0.186387243001501,0.353736974575843,0.276601106108114,0.095641912824056,0.0653239184740634,0.360018639836918,0.213742303544208,0.510627576085813,0.349766633420792,0.357514144384957,0.142146037408402,-0.0349028576305251,0.358894760271268,0.28639459988426,0.293099144909126,0.353253598363383,0.240705841803962,0.265385252886872,0.397080728115741,-0.138586117848482,0.131583992942154,-0.00360206067649088,0.230437162620989,0.16245442070014,0.286342555468523,0.287832411917775,0.340604950214148,0.335633842662179,0.175204263571941,0.416045731396696,0.38045240710624,0.0649645718848805,0.332875992807697,0.228822951777472,0.12675548741708,0.368248309622694,0.434882085900536,0.12897870565598,1,0.273179878644573,0.126410098003455,0.515740650574194,0.447153429190256,0.0892317937504966,-0.106007509721235,-0.155418102639877,0.54299365007768,0.172476745670889,0.269054264291103,0.518921001742334,0.0447330741871743,0.292340403059939,0.417272020359079,0.143784157328588,0.351610653554637,0.00825698762829392,0.48118941427267,0.00138879721357353,0.172644827943009,0.261005154963384,0.436608128563826,0.0194530578060157,0.123261524504262,0.0506014717790011,0.411658952537221,-0.273500884186348,0.449167461268183,0.113005547859202,0.456587578562564,0.312888469703745,0.136306770325602,0.0775270122603727,0.344526996491655,0.151789083976705,0.274935423219881,0.436351491404027,0.361361144492153,0.269895410489019,0.22584494242245,0.133665881437,0.302979474089491,0.163243283854568,0.408638581534316,0.439599667865665,0.14487876644633,0.584036362451105,0.336122926007005,0.274620208395024,-0.00180302739497153,0.0197880038254673,0.347488871941615,0.401640142973077,0.285261948419292,0.371954451923429,0.263034373739675,0.0830029089342336,0.231693411719192,0.019473617744054,0.400668094433769,0.469852216434205,0.104868292954998,0.379540478596825,0.346053215803568,0.186775128952049,0.295132955402326,0.135416841002009,0.265563491246529,-0.105797637686325,0.489760360846417,0.324946755470677,0.359227978198643,0.309074164474891,0.29919833380175,0.168178173379626,0.394405479894448,0.531673980991285,0.27891658257017,0.0530341090996249,0.0876733756772555,0.327291677317987,0.220571937132069,0.0780329771628999,0.173189854917308,0.213122219436361,0.295810340808878,0.139193301730373,0.0211039549434885,-0.0310248551037632,0.108582180098913,0.336513254273246,0.156336908133436,0.324586832597124,0.0182097767385599,0.343216625868423,-0.0537379433225985,0.194851300369638,0.113995816396524,0.368554195994023,0.526885708089437,0.111846375577147,-0.00802168824301701,NA,0.351909242916326,0.368338791596323,0.418629146158126,0.417545639451068,0.376602785426333,0.361535792972747
"ROI170",-0.0283663346299837,0.282426069154886,0.503765559558638,0.254186494935411,0.0283505165526741,0.202499119614376,0.124856315604934,0.16495620950998,0.223988585871007,0.381563001636867,0.175148235428826,0.244450973319689,0.0824773049841599,0.180299692790858,0.289573001702385,0.20822443702805,0.304183885616835,0.221789015408627,0.331630111384734,0.208021741717464,0.25779081327963,0.156222952033264,0.191625400699494,0.408116322733315,-0.0880783368371353,0.149833498413729,0.200710975847813,0.263183775363574,0.212546740845909,0.159863977076356,-0.101731087683921,0.333495153505686,0.28181051229308,0.217713266582325,0.282225899979034,0.30624087218224,0.327108694766211,0.181425168065613,0.266291269886263,0.415950570127681,0.0400247347062699,0.131972383097912,0.129655774066041,0.296822376066459,0.307655650236199,0.393636591568164,0.345550272432096,0.261250592617957,0.239767515463125,0.245184346931294,0.406906473935499,0.140392363883176,0.194465086496553,0.252214871540199,0.352104398817582,0.185856108914852,0.149676420181991,0.23203815811396,0.163500947061784,0.262374718110113,0.09090305040818,0.359158109513023,0.27967422430906,0.0422008302954363,-0.189431161361232,0.180407885438472,0.131623739972893,0.0915546326332433,0.281194474425613,-0.118911634109429,0.256614231168424,0.361771594109936,0.196674219716828,0.17271817508988,0.389413500916747,0.0147644574600974,0.128851654800312,0.265751356579299,0.223543516548015,0.129051478812737,0.244483911345546,0.0582179842593281,0.0594542155980001,0.159135736775764,0.130662890211857,0.277168051420754,0.132716449022217,0.0277569138091727,0.0877449614799018,0.0716715343244502,0.292514110398287,0.303801648815851,0.19149832252488,0.451967673683321,0.365917818987906,0.193657298920795,0.0794058175584306,0.056947015126911,0.232515067156255,0.2343783945516,0.226824718035699,0.282743412162224,0.255932931407491,0.314369973710072,0.222553928996038,0.238933830098943,0.242302860615822,0.228339141307454,0.311527952496167,0.334911689611154,0.279101944387193,0.242021328041429,0.101841049652264,0.102474963760886,0.333286133113714,0.187714360912237,0.118662670247311,0.276192443344356,-0.0183832443158653,0.330006155015381,0.0646372639171942,0.472237031860155,0.127979606544033,0.379395043101477,0.311417366676518,0.224457771370141,0.115816898058127,-0.0998214156576723,0.0449342648495205,0.376074527132385,0.133557328189829,0.206240551733591,0.128829800077407,0.170483438571269,0.332518996717085,0.281487204925447,0.280352785877333,0.316034507829115,0.224881747016737,0.22079149293784,0.113636108033263,-0.0413606545780991,0.26492772431196,0.298974194839527,0.379212605777821,0.288563852049071,0.42007699555739,0.299405998007996,0.0875717182581754,0.10152967646802,0.335315756234993,0.304552570839887,0.254699984251513,0.304900394411082,0.183852979602677,0.116502785336751,0.25103821957867,0.0549287387430245,0.112613514976995,0.498893245782059,0.295473893709655,0.151641537540337,0.29762779693005,0.39559883836769,0.0571999527902411,0.297479595089414,0.216468674879992,0.141596648245549,0.273179878644573,1,0.390613075772351,0.267170665041246,0.097528089784429,0.0574410788779033,0.14406937716227,0.000507459594837453,0.377269234462767,0.164848976307173,0.452387954071984,0.427570617356773,0.135341464789202,0.492292172018495,0.259973009012301,0.252608511656967,0.317790580154024,0.417079333909921,0.420540794728654,0.317531199814334,0.4173959098131,0.281882776783651,0.288908558524719,0.395178399306952,0.410553968833888,0.514658641026772,0.164899423087871,-0.121946512339574,0.4238530992636,0.236079249813804,0.268475691536068,0.5801495865126,0.439150119969412,-0.0353801136657203,0.125960914289686,0.403123940160516,0.142379873468443,0.0917375791162036,0.0960594263803738,0.196886041317899,0.242117509922944,0.348365409627502,0.287537838524763,0.393584679785473,0.26497368538573,0.355968349489525,0.324683654091382,0.233840179850539,0.389909401535434,0.19070211438255,0.0827411171985061,0.111101923086009,0.486111554113176,0.263003398119912,0.260005380944059,0.316052889541888,0.575451468843451,0.526095334679923,0.220068453870592,0.341511913413871,0.395101118724187,0.412144534624928,0.162373644170652,0.234274266321685,0.218254267882982,0.302076461099562,0.213319428841992,0.168410492923894,0.167358200956068,0.258830787626711,0.268060335986816,0.121897451971696,0.316267564469138,0.121168633579088,0.20133273041626,0.110084579076368,0.132422091796618,0.170482553491578,0.296051342529812,0.43665472833314,0.321963980257854,0.395304680577569,0.448162581732521,0.0594675838689317,0.29405631959568,0.189301230944632,0.245144185354356,0.214745040135459,0.285195565353913,0.423383655025467,0.461008759260621,0.104871057605692,0.279846618299164,0.270706420776665,-0.0298296096047053,0.126098979135193,-0.0428841784508441,0.185095218581078,0.426591002752568,0.179763832226481,0.0939615983245223,0.12651447531295,0.177179460188851,NA,0.188547352097817,0.566223752175145,0.453704774256566,0.202373684692287,0.0597487016495553,0.313772097464792
"ROI171",-0.248631378786779,0.363393906826615,0.237530183089662,0.242754136482373,0.0447691007090715,0.233378936648106,0.221527323729066,0.0534739364286922,0.164805372764273,0.216072847836442,0.125693776699446,0.281792517373145,-0.00736167849931722,0.172414550082349,0.385243662357724,0.216989233083105,0.0877348382816062,0.374192510133974,0.186438122873818,-0.170131786442045,0.671198029442088,0.163476036246639,0.171479878948209,0.712163436398888,-0.0698673354279529,0.195538557194602,0.0233342877184097,0.250888549020545,0.155789602171144,0.0551498768950079,0.0213950262654393,0.385175274698109,0.315500343797731,0.349515314254876,0.200903815741327,0.171595901592422,0.599875555204921,0.109143946895061,0.136635920889987,0.515199019827523,0.0219691948057121,0.232633163726867,-0.0373635222558112,0.4351770615147,0.267511411401658,0.36042133947521,0.413946602014739,0.571196790906943,0.19158771506068,0.275460486377948,0.457622186779473,-0.00573582769715808,0.282473814626798,0.472840040290934,0.270762819638002,0.414056350216524,0.0279172827448955,0.151561292579139,-0.139416085343133,0.198277503486308,0.0903025557201585,0.419856293698226,0.023234978123835,-0.0898139679355344,0.266821802432217,0.303311429391511,-0.10824761708844,0.0983657219121135,0.560835566282425,-0.0553418916094853,0.188814291076433,0.444918266490844,0.0281754523102244,0.16927010240473,0.332030798739206,-0.0737654216212172,0.247039573224015,0.314723019263478,0.303247304957809,0.00102972016990121,0.584386939137275,-0.15737137843829,-0.0340467326995895,0.412832448764523,-0.0274387020557253,0.11159676932105,0.0908348415913264,-0.14230349963086,0.154436231918889,-0.0762335571849406,0.302377957546938,0.283000322852139,0.207107872317698,0.35266102984909,0.0146284503493771,0.101066007804292,0.141675556080096,0.0877956935686856,0.131512387882209,-0.038506771769666,0.198979618818049,0.159947223100048,0.25369648518656,0.213722829224806,0.367502609480958,0.205846498706427,0.385923086095165,0.252288693961901,0.0757964770743818,0.178477732741529,-0.124369825263589,0.0960917461213172,0.257920438393667,0.172459659564715,0.300018827408695,-0.14506028673887,0.152811360051902,0.347306786403654,0.372500856575355,0.183481452730086,0.0151780912357169,0.401207848304682,0.2769798774929,0.371545344633555,0.306905431108235,0.0720028868082381,0.0965194215666469,-0.170012665268023,-0.0324283250099223,0.314477220853553,0.361036221060761,0.347173394887841,0.104802236355593,-0.157358050815991,0.553124663400224,0.230053635191306,0.133246923156872,0.221540772598237,0.212363868382032,-0.0572467244268134,0.154417301433058,-0.0711305862733678,0.120612909370815,0.257933975458461,0.434520963862122,0.26655168692811,0.352737604317944,0.236749891523721,-0.139761727606927,0.0846230732205272,0.436482990560875,0.282751371334185,0.202544277425351,0.379224182729691,0.250272953516383,0.196205747731315,0.144584113282025,0.190724655432428,-0.0230596877582093,0.283620191898154,0.224476197549508,0.00470400386345842,0.268970179662817,0.315312630836583,0.178065899750773,0.0843207322269924,0.246005241388241,0.250867147282988,0.126410098003455,0.390613075772351,1,0.0468982179967033,-0.0553863066558041,-0.021424822241548,0.197298511317535,-0.0135696859900926,0.407514706299118,0.259230971190402,0.176393756541345,0.333045768234147,0.314918889974247,0.522106263000209,0.388347493467945,0.146147803194277,0.196844655083353,0.790096237969068,0.331799388296819,0.298998493201423,0.382193937836303,0.571112778695623,0.388897140530296,0.637549177088241,0.207152349719829,0.572375544554496,0.0123279908070421,0.0180823568383242,0.388322095663197,0.245520794444132,0.22122289618766,0.665254613834359,0.24458987994254,-0.113583133495261,-0.00165633625148323,0.591090476288867,0.158377693013432,-0.0255418065382902,0.0650663884216189,0.309670507238193,-0.0836826143440176,0.472108276643477,0.180200111817194,0.489094360180945,0.273327047843939,0.350603518100265,0.241761985874149,0.10872757238438,0.399467962771532,0.333998352825024,-0.098635162712423,0.219718412035118,0.23673715390119,0.161783382287575,0.318846954153209,0.437648503361035,0.727887964304732,0.580453575403336,0.364139959581266,0.481320385932766,0.325383983547808,0.375852890683647,0.0454697713187177,0.100818333087362,0.285927911792409,0.53631297264073,0.235579830100453,0.0648757928711285,0.0606084221433559,0.335632584166058,0.258888364537571,-0.0680650267924139,0.337295308765579,0.0912002129032822,0.245286266969433,0.155640188014945,0.188372540987227,0.183448357666131,0.164817384442948,0.456010731886439,0.520023788417628,0.355261685036632,0.59581206557994,0.169288197024051,0.386968484262416,0.165194224734847,0.300716573599718,0.0280425572821568,0.137718660159242,0.649600812040898,0.333465151843604,0.130046681459943,0.275576761534052,0.401129530579086,0.0785441312061872,0.228600750546545,0.0388369124501471,0.330536423709467,0.596640835963462,0.300753945293481,-0.10384613960512,0.345619628008711,0.512856443496238,NA,0.130001866549713,0.251259808592648,0.58776041015206,-0.142792254141875,0.125161861166181,0.332877943940116
"ROI172",0.417217873259037,0.122555277502891,0.15624974307499,0.476521981049436,0.525724801446369,0.161061539757541,0.353499442223384,0.544739050189526,0.39632097308978,0.369798078549201,0.207488364478476,0.228632732941579,-0.0343225987366633,0.102958506528754,0.561188930327262,0.125783253960983,0.612784533689613,0.532833115827519,0.0899928521104056,0.320634860091962,-0.0977205022966751,0.179924453678215,0.466786276251718,0.00256492473728372,0.128118300852011,0.387883844168045,0.587163922479927,0.547012076738588,0.468812395857336,0.109293042815387,-0.0558954808327355,0.391957263745066,0.180254215372567,0.43095314983734,0.369080964242172,0.499935298684019,-0.0169173843802404,0.0940698213263889,0.435974872151277,0.203442394571026,0.416305752760886,0.361375837094178,0.101946689043697,0.306473393117749,0.58081650416041,0.0809876543562131,0.0155482776941374,0.276138195061344,0.260110430892488,0.553128585173325,0.300119727291805,0.280324063013194,0.400280373370758,0.168508738554473,0.525457936541195,0.424506296130735,0.523930217700398,0.323865999438837,0.614448398760798,0.344921729267719,0.12742633146357,0.361785004609619,0.397831280413523,0.634917440236112,-0.086477046365741,-0.160627588071385,0.255321399064784,0.101654499990271,0.141404969759231,0.291377367682125,0.591576839824825,0.0526422882981346,0.128509269264884,0.195319848729196,0.34801151029916,0.0132060771948266,0.208948681181282,-0.0331681451049765,0.0856896223945936,0.485995883133072,-0.0521536691290457,0.39878808130068,0.459411889662304,0.322843752730153,0.680855082028553,0.207675880099761,0.4871110149395,0.323547686884202,0.332313765732738,0.264613524899629,0.21549443110973,0.184546934905207,0.524341972619039,0.166635077464564,0.407073457498722,0.353679876425402,0.318440132892182,0.309442603126258,0.294144329570782,0.403890916083173,0.17118098707906,0.505699589945905,0.275375082810511,0.231515985044319,0.4839347655513,0.449895187229479,0.204566675645354,0.398948470646895,0.205425346790708,0.113732335182976,0.246196186669391,0.453529740749896,0.191037652232769,0.0295035488403433,0.471778411563005,0.458002720690184,0.455920115053774,0.315089230118614,-0.000853165296505571,0.425226058272525,0.0272333693451096,0.305853627638558,0.11166182585543,0.305610472807515,0.0945144425798096,0.134825048463494,0.315268515462035,0.0935504648972685,0.103620846011558,0.104948492825425,0.0372810618087787,0.420654979783529,0.401698688509278,0.215784470999786,0.0109700149886399,0.453367935216005,0.32071906041446,0.343884644950832,0.516741465504335,0.569983009025771,0.00656166690977455,-0.0201008655918356,0.482606783358758,0.17127588528972,0.395725201158825,0.471044728066116,0.402141060097714,0.507938895895788,0.379278666368767,-0.0767792338651031,0.153412794712308,0.135548694890242,0.326356864958705,0.444971508404698,0.21495722972183,0.381589649185165,0.607846137910149,0.281560839967459,0.14379597579971,0.448525244514716,0.349818502409637,0.134715963009492,0.331504305363588,0.461561268808294,0.325314727690568,0.594454515814505,0.387680660983224,0.220127354174208,0.515740650574194,0.267170665041246,0.0468982179967033,1,0.659875380116185,0.0711047751614147,0.0266315199232801,-0.00238894090345981,0.466588124895647,0.192385797867301,0.444955367485955,0.531841795755082,0.303327955008786,0.374987639471694,0.501772221943473,0.226800942754791,0.482526217580153,0.0581655536853701,0.511639605158523,0.112513573390308,0.285304266991079,0.327391008758942,0.422556659591522,0.205008441075886,0.427663972974623,0.141427151644063,0.542981797895312,-0.352573263931548,0.599117373033143,0.435708359361014,0.432823290273037,0.294198653072302,0.30469059942425,0.16310939060302,0.631504736345694,0.172841327949463,0.500795747424723,0.686378473849493,0.384314433123471,0.400689811541966,0.419232972073936,0.437792629587129,0.139727317045896,0.385647360088278,0.488044022965916,0.461534034049861,0.305932516209711,0.449835354003473,0.424323341253015,0.516195157518712,0.041912568150425,0.0899671117353747,0.512133720578239,0.537638170445281,0.393407418428841,0.510609855001012,0.243316476672749,0.263497158249001,0.411330460891096,0.332107244540711,0.593305208321699,0.464789366287445,0.0696116068462006,0.53682856032503,0.419204964381215,0.34605608245248,0.536492352434728,0.202507181275052,0.626061278430789,0.240688343786957,0.389768291651948,0.452455836992287,0.461800324495243,0.612243735493997,0.385131030321076,0.206005909968542,0.497856200469567,0.554994267706692,0.505233682679046,0.275359525661373,0.0743626205578722,0.397115442420282,0.231025874833573,0.31091313749252,0.418747024705039,0.551592034523419,0.48723444409119,0.0102402952597752,0.142323937458049,-0.0182396727889582,0.440705530384992,0.265175701751021,0.152126191058543,0.564071127060767,0.028123727439654,0.629847287240495,0.175149715316197,0.19728164045352,0.218448453745963,0.536323330050503,0.524895499538,0.300765292313851,0.138515387139704,NA,0.334632040635028,0.251451821008099,0.431320566043968,0.478808136379956,0.630727374020342,0.548992875119974
"ROI173",0.371060337115926,-0.0681961226492292,0.0271651287020403,0.141300900180171,0.531121092354638,0.0888776022086532,-0.00726433543634365,0.493167669765663,0.350568845902045,0.160399339775926,0.391742022654912,0.31339014464147,0.0135388775049409,0.249997956393566,0.39413071680738,0.309946030494167,0.591548968519119,0.353718043456547,0.142853559402372,0.360793279257812,-0.0591709273792268,0.105213366568259,0.310552434248476,-0.0841855969017812,0.281698337700816,0.180821840399899,0.818242892489088,0.23638538563507,0.276823033449806,0.0367611042306817,0.064770684097255,0.168075270572032,0.113503545435661,0.0866458442153093,0.284518154167583,0.43149475586776,-0.0962897054584758,0.00170217049957653,0.366903893384298,0.166078652071089,0.536608166479178,0.255173389384928,0.119468275669756,0.16668736655995,0.430857112173757,-0.0731676463612423,0.11892251389865,0.214766378747948,0.37339926913593,0.335010541096251,0.131817534107871,0.441621539759298,0.414281672848851,0.257988945853484,0.486461014629006,0.368368911792394,0.373092280071201,0.376983734600717,0.690649184667546,0.271617890538087,0.23226663152186,0.154453881395341,0.290089222122178,0.639833278721984,-0.147716982175437,-0.10128677825863,0.523861356230119,0.018954827043279,0.0103499831137902,0.18405218730393,0.624265033016772,-0.104125896865069,0.157687073679716,0.145554300702311,0.248046131474945,0.0207353119675257,0.0713780427000701,-0.285888841199752,0.138456056175125,0.271707127547576,-0.0134317382837656,0.603089379565655,0.547557965265651,0.292888572857253,0.479984327885101,0.0419473597373918,0.392352044873502,0.498413189232056,0.0627391121368613,0.354977557128263,0.130077060563967,0.350716794841412,0.440512014474961,0.206059681304923,0.374727322945833,0.239912322074823,0.294120973704476,0.330162827317761,0.316717109876455,0.597512482412876,0.393407277474436,0.315691863404905,-0.120335795130312,0.202262647897032,0.155150561200101,0.292919475977711,0.136089532700575,0.286872216210544,0.157254452641769,-0.0418503581437066,0.123311600893594,0.344334025298261,0.0743918211027526,0.027692800554366,0.478029639967007,0.286174694370873,0.457521585693861,0.437724180534214,-0.107984861185015,0.297121555516075,0.0842241090838145,0.134746076084321,0.0254596178515755,0.147951234102806,0.206405803622862,0.118031855454346,0.254835611900038,0.294123754478822,0.0715728435642815,0.00443063869467551,-0.138542695840872,0.349035201110113,0.374701773229062,0.143860497555298,0.131080968348111,0.425794605204231,0.282788676408322,0.489978865946397,0.333094776221095,0.647657567330246,0.124904314644741,0.0154790616074735,0.402745843972201,0.207931913408537,-0.0492424298710636,0.487274637755838,0.173035875974699,0.30439987939866,0.555357683663741,-0.105841511222056,0.0439025268285106,0.173479805090105,0.134523002683774,0.142071114034769,0.219642186053128,0.334299680154383,0.427223895802355,0.314233301660985,0.151752320287864,0.382222964581976,0.489219209953089,0.342629536169853,0.231501475859495,0.449158832480762,0.324955627673028,0.531415453891067,0.465455359430236,0.282134348129129,0.447153429190256,0.097528089784429,-0.0553863066558041,0.659875380116185,1,0.0343629194539867,-0.0390489479443511,-0.142581824129979,0.317070088059982,0.199180065160072,0.251739115027632,0.57392236166791,0.0879704313715384,0.213509525526325,0.377216042869027,0.302536358967154,0.208670326647114,-0.175099445072648,0.312247653631512,-0.170223428668047,-0.148833443259843,0.315789425196745,0.360420428406163,-0.151458835664746,0.295763195250935,-0.0362799541712365,0.651482326230565,-0.224959258328918,0.154415201325792,0.109989770085388,0.314034133878395,0.0775425113914221,0.18410344193622,0.295821642865904,0.536952913244849,0.235057654740384,0.444908321293101,0.568016971968166,0.45254278419184,0.320629169493079,0.311789813910583,0.0997068962471112,0.178941131580172,0.0536206774446743,0.335747522541731,0.281018841911518,-0.11512878414384,0.434951462015544,0.208915836647492,0.455073794424152,0.0453861848123274,0.0607912366389766,0.338581276978298,0.401372521613345,0.370138781195358,0.454441990170295,0.093170620582475,-0.000625188045190484,0.351996058941269,-0.131824415779896,0.209239167019144,0.577480407722229,0.16924148818356,0.411437841652861,0.31361100115816,0.0230646594614871,0.348761651699779,0.127558062950364,0.442877407543473,0.000549210601633212,0.472307771804826,0.335147329552396,0.384327709244446,0.488739390231062,0.307026834113501,-0.00640758984065111,0.502094065688989,0.561363532192187,0.276677637528867,-0.140603200891643,0.184595447839013,0.141895147286029,0.166175674444923,0.273766032936181,-0.0115997181708362,0.339211443008518,0.425110731868508,-0.00803192429360317,0.0316871469173036,-0.0173490670810921,0.204958657280619,0.329823817267983,0.158735715588795,0.341271050069616,0.0676776260458934,0.627125064553937,0.0832026989341786,-0.00200902366875685,-0.0279565544201996,0.520830037565652,0.718587857856595,0.206341312087754,-0.0495312302813771,NA,0.354556533876633,0.139331924129551,0.281384848842115,0.667462170051709,0.557033576253475,0.273600436641096
"ROI174",-0.0281712001289346,-0.0847602036151812,-0.0424372075160634,0.0252280547374053,0.0143037181146152,0.00926424082256048,0.0134563510918127,0.0232396635313244,-0.00747349599903724,-0.103834152335652,-0.0261645834875775,0.00621528343996674,0.154624567051416,-0.0898473581035194,-0.0306177138660231,-0.0346036771442695,0.0632353318515381,-0.0349182520589298,-0.00731082602035922,0.00286472688310069,-0.0939927520480157,-0.0368224654453857,0.0543047985203885,-0.10279662883153,0.00970290857940414,0.0356947195251809,0.0352543713019944,-0.0534943305783052,0.111060880144145,0.113484140915077,-0.00737215276427806,0.0201034001446036,-0.0607538441794804,-0.030108710854137,-0.0136307929979482,0.117337185205083,-0.000316643929565972,0.147097565136702,0.103198215423503,-0.00149487145438251,0.133103513719456,0.0456980159310755,-0.00480542244318384,-0.11839254468051,0.139841133097083,-0.0911956859419621,-0.044923678885344,0.0106689703182808,-0.0161116758193753,0.0268176580781724,-0.00984262478496135,0.00118022627568421,0.00700639850450699,-0.118911326799832,0.0934137562484713,-0.0456781968846711,-0.0323540334758632,0.101555593695935,0.0625436406497557,0.0253703350384722,-0.0749944180825004,-0.0522213368684594,0.0987515819512007,0.0186417010869757,-0.016348890367541,-0.142420165378244,-0.0443751234276958,0.00567479441501363,-0.0873442364254381,0.0982237840259139,0.0555330648516548,-0.0689825766994085,0.0637921350309705,-0.0427807201949468,0.00743688457951467,0.0689068255361825,0.0378162778533674,-0.0251315401873041,0.307441283553331,0.101907020833059,-0.10911161299237,0.015703073082639,0.0200581913668001,0.0572861318297554,0.0554661497821514,0.0686659590792067,0.0376667654425146,0.0612958216417242,0.0684114484289332,-0.102838804966136,0.0152213059767309,-0.106199101871607,-0.0283176259439224,-0.0974725731723435,0.0313123285249898,-0.0169260264091607,-0.12164539703472,0.0589096524757989,0.000347664612629831,0.0193885448772498,-0.0742917002965463,0.0585905708894042,-0.0205361634995405,-0.0936366616439822,-0.0463725743246757,0.0766294903146362,-0.0500247178861474,-0.0110155299066032,-0.0277169749802228,0.0470550425243464,0.009311687049751,0.0524683358792657,-0.0182317022601683,-0.0387844609752466,-0.0498520511843725,0.0321236186478009,0.101785309617255,-0.0734282498211524,-0.0206795951817385,-0.0123572702080029,-0.0963143253031534,-0.0192266359518572,-0.0606330221067166,0.0214036801722373,-0.0767988471687067,0.192638656045573,-0.0620787919488944,0.0184891192513612,-0.039229830036489,0.166383944602188,-0.0252433522945079,0.0892018239322182,0.0308536632033181,-0.0181008086388889,-0.105828400110403,0.113797022209928,-0.0465092222416364,-0.0113313476192996,0.110348967539688,0.00143215123324042,0.44354554464847,0.270899653827976,0.0956959547148434,0.0501299101916644,0.110104612646858,0.0543322521320694,0.0334007632599607,-0.0752645562198778,0.0572769135742088,0.0409884385745471,-0.0624188815052029,-0.0687020178355009,0.00677615687530111,0.00602805206915419,-0.0626514836390155,-0.0289435969341151,0.0985672132963839,0.0760756778027256,0.0968293680546824,0.0136313206531941,-0.0487758456371203,0.0207738375830401,0.0347431233880439,-0.0425734302535276,0.0138945214825272,-0.0171958398105729,0.00895599373191376,-0.024880221675321,0.0892317937504966,0.0574410788779033,-0.021424822241548,0.0711047751614147,0.0343629194539867,1,0.107607450040221,0.0614870838429646,0.0804441575688514,0.0541346159612727,0.124787925481456,0.015982926872168,0.0253301349820574,-0.0926619283675867,-0.0735886902904411,-0.0817162287098803,0.0721600916154957,-0.0435403237745118,0.0751402752424414,-0.0661045509472299,0.029218365042589,0.0479046472738355,-0.00271788259199002,-0.00875212689186246,0.0243883753225097,-0.0862659740843091,-0.00913600139144522,0.0989833767949776,0.0993117358670702,-0.00202785780795412,0.0405742831187872,-0.022648320052117,-0.0279710243657686,-0.0103384875797062,0.0746350945903287,-0.0137039181094106,0.138134599521296,0.0475625168398435,-0.0461969872848758,0.0791294974137123,-0.0032733519169181,-0.0425458036631648,0.142071331822203,-0.00226294320565693,0.1009246263158,0.118922009719769,0.0533161827854404,0.0132333846137859,0.0845229219090957,-0.0432892612265717,0.259233494565675,0.17534966033505,-0.0443381468384664,0.0681388578929105,0.00894806157758515,0.0497369043682633,-0.0864769318825696,-0.0106777352056658,-0.00656705632381309,-0.0374891312190095,0.0626782125993645,-0.0165956210103034,0.0518161064750788,0.125788031376345,0.0213997525884316,-0.043744217877904,0.0640418107680037,0.0422649931409367,0.0187941269188383,-0.0510992742553592,-0.104658281020595,0.108434846686948,-0.017323632440908,0.0424907151025467,-0.016435731265907,-0.0529315262854024,-0.0326933815000127,3.56164015851083e-05,0.0716811220795562,0.00960772692802726,-0.0368300706411918,0.109961189754985,-0.0763705552328568,0.0571956445342471,2.53098235944579e-05,-0.0589962605114097,0.00814031417535996,0.107623707815589,-0.0564866584603147,-0.11009619730488,-0.01097498514989,-0.0063652185943375,-0.00228590189285819,0.0378506891332371,0.0160545222595109,0.000959244918031444,0.0491624959493316,0.0234886093253236,-0.0336438196357189,-0.0488280521245837,0.00081522125194339,-0.0257688876224909,-0.00468946975564175,NA,-0.0101392389393096,-0.0592032493004809,0.0352538914284059,0.00831571121878116,0.00388624828301233,0.0480316566616779
"ROI175",0.043693293382597,0.112886986909127,0.0362005850050994,0.206503160094461,0.0594882796211173,0.0281777581294542,0.199739200425215,0.204205459759234,0.135780935452639,0.0615630550447034,0.0331743067105578,0.197096967705125,0.0997007937122592,0.129551048347041,0.0979841729634517,0.186107177483872,0.0374188233067287,0.0373552781304362,0.0103784460871984,0.0710224885635592,0.22855444791822,0.0455770641877421,0.18617366525741,0.163360185796178,-0.00637238966114073,0.0950251153600892,-0.00283287263065158,0.122513731333111,0.0993846366890343,0.27523750086878,0.0567700341318664,0.240465250392494,0.104846303633671,0.145799208086356,0.142697052580761,0.195355984658073,0.096157325307061,0.0914668527679163,0.102496558478726,0.146072183885778,0.12827692122273,0.0368409397163242,0.106941834486921,0.181136848630008,0.288107312984916,0.101505433640751,0.13448773850141,0.163026185707558,0.023798359466421,0.0721204163794362,0.196602077803761,-0.102507910754898,0.162095667113548,-0.00828653124765864,0.104684018472071,0.123940639241395,0.187479760456522,0.295409542393074,-0.0297980487489965,0.236338412655602,0.12859791173104,0.191116355298574,-0.00983257570493364,0.0460644163975167,0.0148608208239342,0.0840140173030861,0.0595210319858113,0.638954149905402,0.0603001908109874,-0.00633320869428597,0.00270069334382106,0.157800943412076,0.132930391391299,0.143374227533093,0.158235811661517,0.0272802460796256,0.153984999577218,0.0642551445712218,0.201586758090388,0.104801510611699,-0.0149459337711519,0.133018747465581,0.133040691148268,0.236117806488416,0.0956836630538811,0.0579965270128367,0.145246607792738,0.146798148905421,0.100336893141375,0.0525178456031955,-0.0204938180008298,0.156660827251891,0.0484274496768526,0.105758156931581,0.158777646820386,0.0736075861237106,0.255402734095657,0.252300011204342,0.263746814471185,0.108706906139963,0.0939777886039749,0.149506061408746,0.123747002680211,0.289920040975416,0.224862215281797,0.171222287020082,0.14839043660063,0.187175129444192,0.141386063841115,0.0612373095493923,0.0507057936324368,0.124897849795473,0.22254583997461,0.389844797174519,-0.00798324713751963,-0.0152579205637033,0.203658118766937,0.103856829011331,0.0452185078031757,0.185763105631774,0.142908806102255,0.164051026737422,0.0806614283150348,0.0463299872001219,0.140008826947122,0.0826314727948464,0.022897345137582,0.0832177451474456,0.0237116013940901,0.139206318804593,0.0814369244814652,0.0912033941926803,0.123127743978868,0.0891998276246135,0.175892865458748,0.134046198772362,0.0139253710338999,0.00728663579098024,0.0736845830775041,0.116734508690237,0.123687182021985,0.0683481641363859,0.132189577980684,0.392714894189105,0.0535955221109961,0.172516732686022,0.132501083041654,0.215712823761919,0.0345738799038599,0.113016095348177,0.444721501888546,0.134688340876489,0.235698144024037,0.211110176254688,0.0805558373425302,0.0471630848816932,0.214909904236008,0.0711097179268178,-0.144160551646967,0.10210074044344,-0.0534463098754019,0.055571580816701,0.040880009524481,0.156871338203367,0.210523708956101,0.171113701983908,0.179192896929264,0.197065061609637,-0.106007509721235,0.14406937716227,0.197298511317535,0.0266315199232801,-0.0390489479443511,0.107607450040221,1,-0.026083265132486,0.0577258335053008,0.297936607086301,0.0707832311616448,-0.0177742665512158,0.0496490914687533,0.0728819419422329,0.0845037678389776,0.143229972285918,0.129256249711059,0.208661658059407,0.0442803817195935,0.0534069580825,0.0406871417364567,0.148401197161727,0.111988439563384,0.164895145402291,0.0321250516137083,0.143955077453766,0.0331927515673773,0.106491488936947,0.0850800764368867,0.0359103623944249,0.151051390885236,0.137797302165515,0.167959912168382,0.132605404288421,0.0531661495779695,0.172009329742604,0.177909713196006,0.00550639596312519,0.195477812728894,0.0966730005735478,0.142920696873679,0.22485109983032,0.192406645362911,0.146019712659599,0.0859712262936674,0.129745697902986,0.0398758180951911,0.0730678447281164,0.157026473786272,0.167122522357372,-0.033608406099902,0.277478161619023,0.0864339619699739,0.166491230492539,0.22300032743173,0.156766485655294,0.121924334697201,0.165568249997527,0.188656605205912,0.110284157677086,0.132716618502773,0.122570572689318,0.17787283914297,0.107466303539176,0.0407564302416647,0.0774519132662006,0.18733564441581,0.124606566925025,0.20511705702427,0.0747190846715034,0.0480910568240995,0.0628488941403562,0.106861306435131,0.157601253479078,0.117244890225217,0.00111932996709974,0.0869506635211227,0.0344677343106807,0.129977030475154,0.109795694416055,0.191364202934416,0.103957486531022,0.0173012298751024,0.12672984282783,0.235542466103418,0.165246102303058,0.18574380268459,0.103139823764742,0.219467156335145,0.217111967779902,0.159955467018035,-0.137756024838377,0.270346997167976,0.208139516912035,0.159260140053943,0.0829481719131042,0.046527710086776,0.175720464105113,0.131469046665084,0.102439412091209,-0.0696468036862302,0.256102895677101,0.0900519670170552,NA,-0.0170242483015469,0.0740888610814937,0.168754543808064,-0.0150936132443219,0.0440000835138457,0.147503908867563
"ROI176",-0.022206185245778,0.125921462614613,-0.135434003290473,0.0332157994036459,-0.0117166397599852,-0.0462947728782566,-0.0557122200068624,-0.273552068802332,-0.188291383975105,-0.0476346714780917,-0.127124088164143,-0.116148010124369,-0.188790367425426,-0.234120452697273,-0.255817127412269,-0.128739089358073,-0.104120234837152,-0.107277767104847,-0.18154598319526,-0.0508351574354271,0.00386687680045029,0.154382635246739,-0.0129280139204709,0.0348974510107111,-0.240636767487912,0.0369794028647262,-0.226512036655254,-0.0822297668731188,-0.138535477974024,-0.043946758741322,-0.363433471705249,-0.0490991992883644,0.132535512968855,-0.0271014923693225,0.135068789109226,-0.00339533513252993,-0.0250494814514449,0.078764151364352,-0.140107960285829,-0.0213612190753798,-0.235247410498099,-0.153117962768104,0.103489682756454,0.031216563916281,0.0348557889807836,0.161116626922978,0.00803694521246877,-0.00818096613580436,-0.0296588497270992,-0.00233396292462338,-0.0079059817494678,0.0309658850111427,-0.0784909002166274,0.0908597099317607,-0.241528248137155,-0.209374665707868,-0.0629793497546542,-0.222381607924858,-0.195757243418138,-0.0864067078966966,-0.123567394932298,0.087243604978325,-0.00106143751762396,-0.280037334599137,0.0939052536528287,-0.144356321207901,-0.283071696541534,-0.0349819858571391,0.0946258756954825,-0.066267688557564,-0.161363632911214,0.0636705327705149,0.107701345946172,0.0622584973996692,-0.0298428470950461,-0.0424888292710023,0.0121373757953073,0.250302333586398,-0.0619693212635022,-0.0944085513195751,-0.0632984741129009,-0.271317111846749,-0.0979416653915079,-0.0369039658286181,-0.119364521551066,0.290027259810818,0.0905211998000266,-0.233331629975199,0.0847308536489224,0.0627383986166393,-0.073699334775931,-0.0686417781284709,-0.323827678675805,-0.065502627575212,-0.114134928954625,0.266675347642653,-0.163275381214618,-0.0804998215521447,0.111931879517711,-0.186181255419989,-0.337220156451241,0.25144284243898,0.162093718339491,-0.0812245085307439,-0.0678446933069007,-0.0340185420609693,0.105361884791491,-0.0196837785072296,-0.095160182404672,0.192580072691966,-0.00916384611325956,-0.00749310235167084,-0.224629295634379,-0.0154672343673049,-0.269130270984577,0.0916379549343498,-0.212525735888481,-0.101469765025383,0.0846095414369167,0.037042252418202,0.161395430349936,0.108295175201088,-0.0427911976751442,0.13363797545069,-0.145422565129827,0.179595012302822,0.104251258354516,-0.176383340485123,0.128410392555214,0.0227521019833389,0.144876339547321,-0.13092139754598,-0.20309980602055,0.099183231186518,-0.0708001767291414,-0.0219523959818013,-0.00738598784551653,-0.23860038330137,-0.0361351598638013,-0.254273249487162,-0.0681173278311915,-0.0117948778568758,0.0620045251917757,-0.0868247380780306,0.255925728376175,-0.209624495273319,0.298504134777517,-0.230255483038667,-0.242884800061487,0.193229886762959,-0.0234337097121159,0.323824815399688,0.0665470979147237,-0.0720438759817447,0.112137051296948,0.0757585873816239,-0.200270956274026,-0.244972817362644,-0.127216448047615,-0.101334605802351,-0.00737210375329349,0.0047447742219087,0.133340701375186,-0.215504947509179,-0.0753447361711023,-0.269571366144037,-0.255960240083247,-0.102424150273992,-0.155418102639877,0.000507459594837453,-0.0135696859900926,-0.00238894090345981,-0.142581824129979,0.0614870838429646,-0.026083265132486,1,0.0572801640607295,-0.0738219171440588,0.106340287250881,-0.114238824534326,-0.0130555103983878,0.105870753240518,-0.23065377771147,-0.000798606852943082,0.037266168666318,0.0909893944569671,0.247524401397567,0.260238151175733,0.280697016355605,-0.101376977749799,-0.153219108667723,0.164532794453931,0.14526388334538,0.162950846962044,-0.259540240137732,0.083587875845879,0.00521261329519722,0.139792181967678,-0.107036292894705,0.111458465807311,0.138017837926565,0.0156970992380955,-0.251839959632752,0.0551100006341606,-0.030427306219331,-0.101889081941565,-0.0211918045801605,0.0247756324476679,0.306723725716132,0.0753402533624718,-0.136526713156074,0.164379383948119,-0.0797309143214655,-0.0647939194949622,0.256220586663818,-0.0109132060767913,-0.155177099914795,-0.170330029925685,0.0287910696589894,-0.0169305940431864,0.0761755944785092,-0.0352931378099272,-0.143094785732123,-0.149044524124989,0.0187914051278869,0.155004164775167,0.0300098135634168,0.284005417341604,0.131571436520655,-0.24882675668181,-0.17387733143933,-0.0869718035389669,0.188920850160154,-0.0219899313729722,0.220010545476531,0.228896170740453,0.0855795251743725,0.198213680916418,-0.176916910163982,-0.275295790110914,-0.0602587944613533,-0.310384860527946,-0.139855292745307,0.2301812775984,-0.223891087107053,-0.249903489560501,0.268633405368289,0.317556524214146,0.00129637808037653,0.0381056240698081,-0.0854353818239324,-0.080196130678174,0.0478664936871254,-0.0958172061435114,-0.182305520700217,-0.0169562804386995,0.200471875719413,0.107585449700482,0.0743030569170117,0.065485490514088,-0.167119834520283,-0.167045706128256,-0.0724928397491302,-0.0514814600531649,0.0135688415549569,-0.0934623732293108,0.182034685839753,-0.214235097457404,-0.280032223546848,0.0100183381974382,0.11099849719006,NA,0.0233053039666159,-0.104205315593097,-0.113586257478655,-0.112657467684329,-0.23550638549157,-0.134821536695876
"ROI177",0.139285671405079,0.245174165130281,0.249209624858637,0.340177227842753,0.327519266325574,0.181077598181568,0.237639467430479,0.32819556689715,0.344509561060547,0.225501888209776,0.290516249003667,0.441827886861139,-0.0589585882875645,0.208494443696187,0.442666457661255,0.181197621960505,0.42428423538506,0.447837640616612,0.134495011616077,0.286523571123866,0.163566947204069,0.185779241455003,0.390210912927057,0.308156782918815,0.0058546392612719,0.132385963015098,0.324674345944064,0.368583107195455,0.36173612673125,-0.00339109776802829,-0.0284709344780664,0.389973092952653,0.293917113525828,0.268959683381529,0.47159783007999,0.433142710733379,0.303270835561071,0.108720549733616,0.480768617932291,0.52872129792202,0.294275140975763,0.394094582459904,-0.00354415370702573,0.362757532224101,0.356260747273868,0.222254729253883,0.206920851319461,0.430421193907329,0.315333559900761,0.378611242250011,0.32954768482376,0.292482256814655,0.385908531682379,0.210121723935655,0.446459415962289,0.32580800897258,0.329412416006882,0.235018813980365,0.275748308005305,0.445914973244723,0.123335745356527,0.269149755511545,0.376214229912193,0.216725363853031,-0.0822061036739461,0.0778738832969558,0.152784788878927,-0.000935446924471462,0.148570754415423,0.073606447779986,0.361796881373103,0.200105214892125,0.313713983016275,0.217479541450388,0.424168578601395,-0.0918806839186722,0.0992212837043079,0.120065326271693,0.198513460081445,0.35119177765254,0.115829809472301,0.0942560502255063,0.20465154493969,0.280383478798893,0.256604980652047,0.283505459443263,0.373846018924318,0.142974695754533,0.128030154697386,0.139617823543627,0.185909379837739,0.178711986157293,0.327041761885885,0.275526425746977,0.413838018802292,0.372326233008138,0.137115549612615,0.144433311486149,0.144849320415963,0.342352832836166,0.163584411113322,0.428369476684865,0.0577792654915235,0.241750551310649,0.380968857840576,0.420569535487877,0.415778514893032,0.43462995093947,0.196358543139997,0.329977695684159,0.144500545080717,0.282110253283264,0.156704429455963,0.0013282364996617,0.386932866944855,0.409939193994532,0.29468279923392,0.349049474152097,0.0292343126928564,0.405852694701012,-0.0109070627503285,0.488922726392885,0.0383397466663683,0.591485546501938,0.316444528336168,0.191554298220651,0.254236843319344,-0.119695270243178,0.0489610593108242,0.281035130622375,0.0797507361065427,0.404214753143496,0.217890235021049,0.161277004855073,0.222139686943732,0.402601851589316,0.0995174067581455,0.384182621136138,0.328197329094085,0.297981220936346,0.155469378614879,-0.0416028461552591,0.668424903186349,0.202298693592195,0.446205165461728,0.39261816753565,0.573102162363901,0.29654247186808,0.140065781118986,0.0554501215211756,0.157078178067441,0.125673090931102,0.353552729151373,0.283436173843588,0.343078470392834,0.34775068083492,0.344246928423393,0.247311100789856,0.193593220155447,0.648375601255544,0.215900661263493,0.157627708661017,0.358442107702198,0.311580419617665,0.215910792349909,0.448498879339066,0.338585920717828,0.252947513220547,0.54299365007768,0.377269234462767,0.407514706299118,0.466588124895647,0.317070088059982,0.0804441575688514,0.0577258335053008,0.0572801640607295,1,0.15539432362815,0.500023548775505,0.43635455454622,0.129188953086193,0.292367186651554,0.370940242731347,0.270681186362865,0.399998362840298,0.287915597203208,0.593955273087722,0.145206350801241,0.288869829622172,0.420942273701391,0.459454789310108,0.299342442940987,0.415703747228091,0.432367143275833,0.326000465183437,-0.220791399182847,0.630209202880927,0.15631844596995,0.318313859651864,0.556970250594472,0.448479658327049,0.118084838589727,0.375720178195425,0.358416477086713,0.391555737825886,0.38473556847881,0.201448354500514,0.39780593359009,0.402030527900707,0.317010498229093,0.245727879614813,0.388340575547028,0.369548625848691,0.566656804148839,0.234300218588131,0.320626949322292,0.435638492887639,0.334502707828014,0.0619205345404918,0.110186005477847,0.419592159778744,0.474864357637889,0.319986456594299,0.477743467001687,0.351126359250781,0.485207474922229,0.445026774382741,0.203355284391537,0.470873142915361,0.44275757465553,0.151596842161311,0.486082847266807,0.366554863188294,0.226740786537544,0.453385470542442,0.362851218246465,0.237946967458819,0.223151573469344,0.323869072583212,0.224644958325619,0.405017448024294,0.288390509016412,0.335153454334811,0.138752358613039,0.319874705152678,0.394292920668931,0.452413240202055,0.249467444172204,0.315492592234444,0.561606742058714,0.438820867733778,0.136128371962171,0.393955321844929,0.255062798990341,0.338929563782283,0.233254457569216,0.146362542920054,0.230772151523499,0.336183080155848,0.375962289369314,0.163859377183415,0.372323627967911,-0.00611725416398476,0.329070768011386,0.1244777721631,0.184370588615211,0.409285164882381,0.358336445404122,0.253194827019303,0.257928996353928,0.15722286853444,NA,0.292886198045188,0.258843724524994,0.534195593825319,0.372911980283884,0.276931515796984,0.393491066535865
"ROI178",-0.0599445834005066,0.0396082254713682,0.0537047894132633,0.224734316262214,0.124397108947171,0.118266252172696,0.277337473278924,0.235725320372426,0.0921524037957355,0.137251215685049,0.0859155318391844,0.214650260897682,0.096315773155663,0.146112266159383,0.243723279223534,0.14848436930002,0.201697646656336,0.174193145115373,0.0647758946471231,0.0785885907520395,0.0744108804740632,0.173087777568306,0.230164415425238,0.0884786281530023,0.0216830732009411,0.0735708670887394,0.275312185412805,0.241636713329263,0.265051023802629,0.425326023214889,0.0136764534413661,0.236853603577135,0.0952630057207589,0.178851318721443,0.143105670405793,0.272510450492,0.0888902407097759,0.0570848940018813,0.228916294182677,0.188643057112845,0.131856320337374,0.273784698797368,0.0664076620642342,0.166423364301098,0.21358183550969,0.0835871256554599,0.119515252821155,0.283445558316004,0.141514368084314,0.238226695946752,0.147116386164837,0.199632640506514,0.237008840052507,0.156988253654999,0.296317959090437,0.178741286692464,0.10533302609003,0.442468608608077,0.165996207079556,0.13705572657659,0.249577748559172,0.21869679033613,0.125335726694652,0.131890953180007,-0.007998393869894,0.0189534421631983,0.103416536799534,0.340591149176529,0.15755964162724,0.105638582359666,0.274368407921906,0.0882397845550713,0.107160443322233,0.282743763297848,0.0699401395402399,0.113937626646075,0.148082231783211,0.00173490020125059,0.293654753069429,0.129063461131887,0.162968168000763,0.044171277511338,0.0892074262533785,0.249559827230614,0.184839500818317,-0.0385713812897701,0.182495137224652,0.0234570065955596,0.155924253319929,0.0663834240659048,0.139858081927389,0.160728673776829,0.204826895784376,0.145458163301834,0.114312568556139,0.0588220213955973,0.358185384229723,0.196169238577091,0.143245007038109,0.253822175909008,0.140638065388565,0.099042728494001,-0.00114809406887017,0.389489216534239,0.326232265217274,0.224244228578949,0.110702099990815,0.1758726544935,0.0799230064999009,-0.00116051515991089,-0.0488988169002398,0.285660520966453,0.286550887067654,0.125750704274215,0.27984891830143,0.0636725095999999,0.288768344804475,0.223425459098587,0.02799357762995,0.203941513982064,0.0636659084466271,0.236402562398392,-0.00470383246650877,0.114653126140444,0.186359751393493,0.0304238309622555,0.151134022337776,0.0506437491833373,0.00496623705515416,0.156872056963554,0.0089371120295356,0.254872183492305,0.316336956709568,-0.0536472193788951,0.210382560964887,0.271406271191181,0.132861212651153,0.286419917946026,0.207078035182488,0.176554471910495,0.130893204040645,0.000177592458825773,0.142281872942258,0.441788730335771,0.156647815158592,0.210527788584696,0.16192783800205,0.211520894178422,0.119639834265714,-0.0529912418629777,0.309901732328429,0.153248706991328,0.163402534467826,0.138987078044997,0.0934200904245723,0.198477505355857,0.199865112902952,0.247772815821381,-0.0437326262225965,0.231761928607224,0.178752593813843,0.102929294414666,0.244975376756293,0.254417793305656,0.247331933813128,0.176502086500384,0.251553708483607,0.225682171422082,0.172476745670889,0.164848976307173,0.259230971190402,0.192385797867301,0.199180065160072,0.0541346159612727,0.297936607086301,-0.0738219171440588,0.15539432362815,1,0.0669529131306175,0.304059781235437,0.194812856827464,0.258452145185414,0.27012164201467,0.139312984790447,0.195699196025072,0.167683540704754,0.189087565842343,0.0107346759867802,0.193624316834044,0.32088176416322,0.327966460994714,0.126178918727052,0.196504199901012,0.161521239299158,0.13598559311336,-0.0672179290064177,0.198669798635338,0.151855837002925,0.420307899317145,0.227557218823178,0.126873500009671,0.26164244043711,0.0639228854924577,0.143700384925753,0.373839848139321,0.0257545043261454,0.252824830134601,0.274411157012808,0.115481480289048,0.22245145235164,0.276790235516038,0.180677138628185,0.338767722932195,0.269394488924699,0.082382556714507,0.181851849513835,0.373807543038178,0.182278212996212,-0.0928374096940177,0.262788093854464,0.156302840349208,0.256028182392487,0.31464051163474,0.310582310926434,0.272633795767651,0.15852836748431,0.290261218332131,0.143325879770673,0.212849008180702,0.395138262188076,0.341839075740263,0.17521058066158,0.153406018424781,0.256719729016953,0.364680058941615,0.0952702712107966,0.087680671608174,-0.00283310945124011,0.180415309524755,0.0785644496143639,0.247566952520037,0.138630238818648,0.347256813875878,0.215351051987062,0.241929818274276,0.192168830280921,0.161364902603607,0.168628203206785,0.156316719628513,0.200857117214185,0.177837568757989,0.241541208901806,0.178008427693521,0.152907721154353,0.199089052416524,0.0242030896302064,0.0760425318327757,0.208316185155485,0.22498384418234,0.0220333547894679,0.422865484225621,0.305981828204964,-0.11368221575391,0.29449317054795,0.150125509011688,0.218056028650716,0.152416170240765,0.17848894208837,0.0514419888599798,0.265761684702751,0.0543341987079629,NA,0.183570756117039,0.162614811057583,0.301321884580755,0.158543149092061,0.136717705369938,0.24127258294019
"ROI179",0.097825242143766,0.373817388857115,0.245844050874239,0.217401703340468,0.0844643868439718,0.45403160928561,0.0647514608769406,0.178872238713193,0.259875546806279,0.404283271186271,0.139455971921126,0.17479323495698,-0.0614348845433641,-0.0684568725776228,0.243431929390431,0.299517954970893,0.225838571841088,0.215067797920699,0.115122073514505,0.273190093671685,0.102611752048435,0.310113463703266,0.246794412999975,0.276339275408657,0.179194273344629,0.21624202095903,0.127764588439141,0.151366492173106,0.223136047447979,0.0447415394509959,-0.0756726838402864,0.14121574128282,0.433181282425675,0.166296994202751,0.466560882440783,0.437313742084037,0.209891053100991,0.272707437622125,0.309530321593802,0.369767703447443,0.215189485592832,0.229546484390591,-0.00713608778017817,0.285594985156426,0.295511838322717,0.430177742800457,0.315811192854654,0.203199313539083,0.18065133372082,0.238842138291569,0.312525080689266,0.286425152517252,0.111664032194837,0.157253103087052,0.279448767809506,0.256793682083511,0.133646567565997,0.0862746086691733,0.170606799690263,0.286673060547919,0.229081979303909,0.328643100300024,0.252591156088664,0.0768267119719233,-0.0936957562401485,0.156611270055762,0.271536531149551,-0.00671531074311026,0.167407750983063,0.0960741767236089,0.179193457511381,0.38570264618972,0.42645788645359,0.35985976354582,0.350235108759546,-0.0193586987544531,0.175257406988335,0.324901276116619,0.175614268805579,0.195395152433356,0.0550087644525741,0.139272974082459,0.233115895742609,0.217612995188052,0.149252799577678,0.516486562778438,0.390715521300921,0.293028913234321,0.202098532173088,0.183989753689915,0.165524014065425,0.22903692803274,0.173034151913944,0.39404634608103,0.391227229922916,0.341413562632005,0.12654264442456,0.0625850733027305,0.0278316832148257,0.346684744943452,0.16076672075531,0.457588579414621,0.260884622024816,0.251754745653628,0.127096882906164,0.297809878881767,0.429128372117218,0.280294651289344,0.299733436872316,0.487696844055757,0.378691448473418,0.125400549312104,0.0236114182283317,0.126272295792271,0.258446284154256,0.231978565777951,0.24141436665342,0.163442936377974,0.0848551671411311,0.280932180758494,0.0259656038250436,0.413216045652025,0.199293272643574,0.309266529049077,0.323083649001103,0.431201006139443,0.166426180606707,0.0710102928434718,0.382677623944782,0.345438477006571,0.368586917834979,0.2814535257007,0.164996761266874,0.362525350783401,0.149805106959366,0.349914722220078,0.266323723886524,0.181308772248276,0.100603205395678,0.34171091070459,0.0971565838869436,0.0204187356644247,0.544894411907942,0.0469821049576812,0.466334075670178,0.402990756259134,0.584895167905988,0.110436227516018,0.230437377437273,0.164672117067124,0.155580007047951,0.341921456964112,0.177641925597478,0.178743896904414,0.203875674689333,0.162961743137657,0.31446417276134,0.0399335014078859,0.250574514296952,0.611210466842688,0.193797603787054,0.303899194302094,0.425104972579205,0.359546997509143,0.0173033107652394,0.345718642088833,0.171614246968564,0.0208206639028871,0.269054264291103,0.452387954071984,0.176393756541345,0.444955367485955,0.251739115027632,0.124787925481456,0.0707832311616448,0.106340287250881,0.500023548775505,0.0669529131306175,1,0.358509279343082,0.230663214904489,0.272610067794967,0.131619580161549,0.129187939851085,0.32001047081886,0.240808992819109,0.490887452418444,0.3360795760058,0.469355098006172,0.322735077395253,0.308294999803571,0.351213072460336,0.705886256189344,0.493807591176509,0.139722624383567,-0.106357929690672,0.433507746983408,0.335496029667389,0.185898322365618,0.513927346963153,0.52586533699525,0.18420066734921,0.303798137710848,0.413798091541396,0.247503557450113,0.181388149415963,0.0418867878438235,0.307539787037729,0.477249035907469,0.345522036363935,0.253087661515925,0.443811978651715,0.193072180113341,0.485017147458177,0.51342531260856,0.232527890040026,0.311719596239494,0.18004784781263,0.282074275976327,0.0853287387090209,0.567791464521875,0.365654096085627,0.274008830217078,0.292946928011075,0.349294566192721,0.58503550274617,0.242865804877198,0.307190579135086,0.448939532499417,0.287620707478986,0.0603069007611895,0.512302662183683,0.305367416327919,0.158994366852397,0.279395283800317,0.376566538841035,0.228530853921287,0.415259893327901,0.18429372500856,0.168066472522037,0.307822378000826,0.128072904166434,0.126025666769463,0.0939093746244139,0.0998855917872821,0.141718638818437,0.417607722567415,0.459222601021028,0.341968310029248,0.487142377700582,0.354706226922213,0.152089859336556,0.195985103331488,0.118989604937949,0.190099182120869,0.302551403360896,0.18519631038468,0.349838806714974,0.467140010633234,0.177123529719674,0.044263724740086,0.14604707683653,0.105695806015953,0.152393971055539,0.185051411981507,0.0688621143130626,0.497547902024496,0.104980388774884,0.17981434713603,0.142970663392777,0.27604435745351,NA,0.235758654315982,0.374142810284613,0.399050856766802,0.448966745618478,0.0620624477064693,0.179468517996816
"ROI180",0.0900911197249656,0.292770465984273,0.298717810976017,0.141034804762386,0.219092067535789,0.188170896561179,0.0776841113429963,0.255787825528563,0.263242709843823,0.367125738180751,0.479388080088652,0.314246371192917,-0.00983203169842219,0.341873069492351,0.431683122017211,0.469406921067984,0.474022973805205,0.324555583758009,0.33719691569664,0.168625127844585,0.210400373458603,0.181369902119862,0.195345722245019,0.284587116058861,0.0996686035175819,0.145034100255988,0.655243516866698,0.250718703753959,0.195824582893256,0.188592975069856,0.0481573819235438,0.202121351210847,0.252294514311799,0.113321883115721,0.30649707769369,0.429215152727807,0.201158916001307,0.0357482695771989,0.320893850189177,0.404294428488159,0.287044660126155,0.311247398755056,0.198850189324013,0.221450008287111,0.269212098335875,0.270037017661084,0.421195072497143,0.299808789406875,0.348766905891695,0.29812692978261,0.339996928035144,0.416162705966257,0.350225853200729,0.632683951017474,0.568968716364498,0.300285568257413,0.190784667338317,0.419408553721106,0.491570045046033,0.298958287665346,0.289953801328986,0.393209526499889,0.365777662611204,0.387460606024598,-0.104712954732199,0.173587880502136,0.420342321073299,0.0343409865618411,0.480024976957782,0.0874225957154648,0.571190709069762,0.271324277702277,0.197869502389773,0.36547579074133,0.462249927257296,-0.0363148871518784,0.0600047484419112,-0.0364627316978641,0.252606779427506,0.177126322530475,0.426802163399748,0.366865837610155,0.182260406084263,0.273505322014784,0.272922604090961,0.0870365854966247,0.236127874950031,0.237377386736102,0.0776692729599467,0.0999478258306113,0.435587067629818,0.509106795804684,0.311330219599186,0.528442278224929,0.413492306016291,0.222664606858053,0.319246535649897,0.213879900976135,0.246371488421534,0.472773288915243,0.443972262291533,0.267089863856256,0.258470292545565,0.225267639212937,0.211582657630267,0.272652623318363,0.276126259361929,0.306030347646414,0.271907288921847,0.117098945879772,0.266911759495982,0.311009112899842,0.154920703476293,0.117279284800721,0.468856666776565,0.234239642342176,0.32171315917915,0.511098228702131,0.0846468740173398,0.385683278388756,0.144089787918821,0.41395659495482,0.110363345570511,0.327728973835225,0.41998162584342,0.126793030637207,0.271038135624968,0.0942388082064397,-0.00188141633337993,0.157302941010511,0.11640676989379,0.363777386556448,0.2986046805778,0.0535855249945091,0.373742931490701,0.402362607353113,0.584801448368912,0.721964286187266,0.281003015436117,0.528730020965327,0.160237972809844,-0.105312854280254,0.331395252196564,0.426137896015391,0.303573321022961,0.396373838874552,0.286871700204697,0.200877078174049,0.385120458929265,0.0184181733546123,0.280830862303141,0.390046994528133,0.187596541638296,0.118080446166271,0.351858681389457,0.330471261998101,0.251226278126756,0.337524949542298,0.142829064163214,0.546277841340513,0.661279690717528,0.339618154478984,0.432910341393436,0.722063647422183,0.168807462036791,0.382895277275602,0.486603504703066,0.313283159520799,0.518921001742334,0.427570617356773,0.333045768234147,0.531841795755082,0.57392236166791,0.015982926872168,-0.0177742665512158,-0.114238824534326,0.43635455454622,0.304059781235437,0.358509279343082,1,0.222051268807314,0.704409000198672,0.339204693347222,0.390406459347061,0.263034439983705,0.265642762157786,0.591995826243858,0.0349047922112256,0.270064602502137,0.412343134012493,0.443969020126324,0.22111639627633,0.461806710582368,0.356638882380212,0.326997503665262,-0.0985437545998572,0.393674271290477,0.217620519742656,0.335831948461621,0.42548453876707,0.212518212879297,0.153685112232871,0.359832879304614,0.420765854031679,0.397859112476196,0.298060244070866,0.334030236324671,0.357786604262872,0.256605998476123,0.233381721077985,0.314734994835565,0.231806538515195,0.411772126269,0.380015608990406,0.181796185736953,0.625413643118194,0.378328396467711,0.306156650380832,0.0508579529504094,0.0943274699054586,0.563449652466326,0.268379092360203,0.43795767751023,0.427489396793307,0.544835345802427,0.372725194482564,0.330379824863029,0.269401919185804,0.31067060703793,0.609868392929892,0.203420293917946,0.35474259158396,0.401706639927423,0.257709846035225,0.252936349031856,0.15614066370538,0.326826807574833,0.133514118441664,0.474180213685323,0.170181492306462,0.407256099101951,0.245570192898142,0.323062096677944,0.189849552203347,0.232312177986226,0.402429442295117,0.323511549731527,0.287879385824804,0.441034777470626,0.375574999708857,0.518173159198785,0.221039113170306,0.135237049239148,0.211194391624642,0.259098289464431,0.189478766614544,0.147180318799592,0.355323145432727,0.517553035818293,0.426250784428302,0.264288570456111,0.272075289097774,0.0199011120996083,0.375587349444277,0.0728449140137248,0.0770349510185641,0.363131504848725,0.305445613049753,0.500750911390789,0.138441183767514,0.181544349373443,NA,0.365101975009871,0.405150073048667,0.431218534843792,0.526051415714619,0.243684332339419,0.248986234917963
"ROI181",0.0461213413141198,0.13985173690818,-0.0273973706334518,0.38774801247092,0.158501309372821,0.282307526145218,0.249593608946939,0.262235687448073,0.0724409934370289,0.378794061551627,-0.00566249311504475,0.124784967580497,-0.068191627494699,-0.0357341094517402,0.374964834546603,-0.028496946757235,0.110966803177381,0.275392889877415,0.0786586426700119,-0.0931978537702522,0.157374194268079,0.38845901446997,0.403666283269243,0.261245091932019,0.0389604170578394,0.577776089776684,0.0927300231941161,0.351484469657007,0.301678761846295,-0.0242857719556917,0.0229186959822088,0.226775259733456,0.356934901884575,0.443775013818202,0.328959875238694,0.277872190813023,0.0557918654822398,0.291204384449624,0.139957060576544,0.188328155839276,0.0580838749381338,0.240110872493142,-0.0682958491156193,0.435202083990724,0.2779251370341,0.111463817459513,0.0169138796734449,0.246953072054544,0.16829895291401,0.423665256091411,0.363998327454088,-0.0801316340377754,0.193958821594447,0.168467421567007,0.220941938327317,0.34000532600058,0.149186755483588,0.100618108652835,-0.0600128087280718,0.121559487832858,-0.059293020984422,0.52503719734922,0.00247757892482462,-0.0310448603485654,0.399877808161708,0.142024176846341,-0.190571424771142,0.0363577745034313,0.302770448964005,0.429753995042544,0.190201964988539,0.24463920741544,0.0314004047237914,0.334182068180477,0.175657057332156,-0.00768527335752617,0.400766902260137,0.356983156378231,0.0187443014775873,0.221722172570236,0.315180633177921,-0.0833942543987042,0.129849196478424,0.322048537370962,0.135451585883675,0.250265606828132,0.307780190913396,-0.164525895317957,0.461269867198342,0.00475214798231385,0.0879537716605735,-0.0495378929348689,0.280826249795681,0.200553624838558,0.136342273576403,0.282455454152072,0.149857965384926,0.142215159802546,0.076403093737782,0.0467683243583521,-0.108183680572766,0.37608453438741,0.364728005018113,0.139439675900729,0.275922660013831,0.366502832617945,0.178924931367343,0.284183577596813,0.0146712190237387,0.200801705697396,0.0731199360996726,0.274661276385217,0.0665381708571562,0.0326825286481433,0.339867455769554,0.0549934563745175,0.267117320871222,0.0917439112577862,0.443294737249277,0.273980888044186,0.0222748613637815,0.304263480038401,0.582255581567788,0.0600996987060338,0.107097001076529,0.214576140376167,0.130692992647979,0.0541677509335302,0.174088896734545,0.216297843338306,0.328687563138999,0.285122425603742,0.323850593945153,0.0914879280962661,0.0457340001140631,0.304903538763286,0.0949343149600697,-0.0318850416993614,0.148229030918544,-0.0109071660825067,-0.0808025251003905,0.0192415449661469,0.0272183784125623,0.00496163579799731,0.426707522895268,0.166684461253503,0.334578521670419,0.243064845832914,0.038660122448234,0.135828014988892,0.244253227244873,0.136865000511856,0.343394295366164,0.426984317950883,0.0596797138462592,0.169527740317707,0.336902070670735,0.11471191685103,0.122633959733977,0.185570173007175,0.0785685075424622,0.0102272867059182,0.32564022759753,0.248111119556066,0.302789351403939,0.121959300447584,0.226657083236847,0.109821222147521,0.0447330741871743,0.135341464789202,0.314918889974247,0.303327955008786,0.0879704313715384,0.0253301349820574,0.0496490914687533,-0.0130555103983878,0.129188953086193,0.194812856827464,0.230663214904489,0.222051268807314,1,0.336302208380154,0.327833382684178,0.0586077678878128,0.344550089266113,0.384637451748018,0.194587022563837,0.331417638285703,0.536118131195565,0.274862883606426,0.347559544377324,0.523146259692412,0.254762541859384,0.325873971037705,0.0213886505992543,-0.188425255853533,0.382164251357607,0.738388416879996,0.384505050126564,0.210531173732625,0.232234402563549,-0.0680207909564851,0.177025571600174,0.177312409827322,0.272739605063933,0.161250631902346,0.144913695676851,0.324350294816361,0.0249215144730853,0.590490929824209,0.000610266494677963,0.591370276199458,0.404218037546244,0.323791564506157,0.435409060940589,0.0800940063417791,0.352567554101141,0.390381197501157,0.0998748042867713,0.180935841576248,0.357755409709638,0.285678737762261,0.258983203653899,0.313054067372104,0.410374878033934,0.367981049437181,0.262217217442549,0.466921132176644,0.498815807141555,0.223715530478687,-0.0358407843365709,0.23926705559253,0.380205539873975,0.669525940852934,0.317266737260099,0.16507426556411,0.323966760851691,0.512930475240886,0.115788840290275,0.0839740780577359,0.237593414839263,0.162121758153756,0.265143859940837,0.472364574862501,0.197742147582867,0.194602745636381,0.298546712550163,0.448234482364423,0.0804508184368219,0.348356142617507,0.282701837022689,0.100291352204946,0.342488858170056,0.296419268898865,0.197863260040553,-0.125369239482738,0.0654131267567986,0.199880583598925,0.356581237726451,-0.0440397426525481,0.0400484206039167,0.363658037308788,0.0942197456146229,0.360923807122887,0.488003818434315,0.399807813012703,0.406138065415308,0.246023094402932,-0.0151650552494753,0.305479382018482,0.563108885915456,NA,0.112278671231455,-0.0399648103019843,0.311080712727601,-0.129645058671411,0.157106042106668,0.380505554089573
"ROI182",0.0131460317596377,0.359880365549969,0.378616816698834,0.254755900400085,0.140721076649524,0.176415323380461,0.184414385033786,0.166651137006412,0.143069968243988,0.41413474397478,0.271532831626685,0.252995212782578,-0.0356238344882298,0.240510222209582,0.403219334320512,0.23154741754897,0.31391090066572,0.317326583108697,0.28459685336502,0.0348987206155751,0.363225480384487,0.14245153329961,0.203864117419662,0.462516375133612,-0.0995184612151508,0.237449207862786,0.347961548663386,0.309425080895925,0.190502341957084,0.185141268850815,0.00108560849736141,0.296045891279926,0.304001876009248,0.302306344822183,0.272495321945813,0.308640377378638,0.292025901982009,0.183381308206877,0.179143527365518,0.366202459730334,0.0541517119839729,0.177565550352704,0.227793149683924,0.357898536365005,0.298586869982411,0.354918418424514,0.300098385119405,0.374682205505125,0.286721557822787,0.358818649823363,0.423880816512722,0.160807744225245,0.336788708546911,0.628513347248596,0.389976516132655,0.29824681754965,0.196096283998659,0.274850914519636,0.229359963540765,0.1699164454834,0.130897544165708,0.569337968327602,0.213398354038204,0.132411940301461,0.0652121408690041,0.226456389959218,0.097580223431535,0.0842530631335371,0.684169578819352,-0.0280744354339598,0.390639289469247,0.370319161267358,0.097220208264535,0.290970469254503,0.417631369346499,-0.083998865503723,0.163436768095088,0.223936813701741,0.309078086824708,0.0988898049143192,0.495569520361474,0.0677841674118902,0.037256915106777,0.32461867552308,0.21079690553709,0.165274184057014,0.202393135304119,-0.0929687321411248,0.138504032983937,0.011710069811317,0.454682085128052,0.386811602352419,0.247519868160639,0.490326652289709,0.266976483671278,0.210615296017544,0.204981985029543,0.152375625489206,0.204614283493189,0.197383059469591,0.180590856980519,0.295659577865277,0.49715349416351,0.266942852073158,0.302517527044739,0.263076676041359,0.294419880191274,0.316851486969954,0.14309726260999,0.196730543577167,0.167048888564906,0.287604543802927,0.134743328311721,0.14585220117808,0.35894932926412,0.103146915106273,0.189821347264969,0.388809269836127,0.184365150653235,0.352951554976298,0.149516644334733,0.502609919463534,0.280223231483731,0.339155611428828,0.312280664010733,0.109836134359288,0.179218504928337,0.00623421842552152,0.0707510367625514,0.241784606255447,0.33396457072315,0.286084142630363,0.181767311236865,-0.0601809447532562,0.40285578993307,0.288552021824338,0.526101230006686,0.470124407720965,0.265309980737305,0.259479732840604,0.0963821891077852,-0.155480826198226,0.0992153323155101,0.378413504088234,0.466867786821429,0.264080383280278,0.360399164222517,0.300906046928585,0.149478803816224,0.129282680903448,0.398982778139142,0.431580604601555,0.255466965983815,0.31731077618988,0.320842733467806,0.289871585828438,0.238928215206862,0.230955774883018,-0.0361731890028243,0.314366504956148,0.541454653326216,0.115996060858833,0.341507204953976,0.575406459593446,0.200963279968499,0.231829070180366,0.325888985114996,0.306638786737013,0.292340403059939,0.492292172018495,0.522106263000209,0.374987639471694,0.213509525526325,-0.0926619283675867,0.0728819419422329,0.105870753240518,0.292367186651554,0.258452145185414,0.272610067794967,0.704409000198672,0.336302208380154,1,0.374195301026184,0.304681076900067,0.297221425182459,0.554446526173193,0.546214731242949,0.276940088762529,0.494064545622861,0.373777087315092,0.338245461583428,0.50977684073361,0.388561402244635,0.450692563161438,0.179503889282816,0.00685883906489192,0.407869412918907,0.397277136950351,0.291286275021793,0.607756640384448,0.201961479321357,0.0285289323408102,0.0876800221704096,0.402890833158669,0.288420588121991,0.195701240919878,0.259700655412456,0.328417689046056,0.101302289333343,0.47288253359117,0.272158460959799,0.423579418727008,0.312292346347992,0.301677382989579,0.352536013086297,0.480205303533894,0.327563129617826,0.313853781094688,-0.0233799090971514,0.253620991924499,0.530109941329338,0.216744312839733,0.381054193904871,0.371947543404138,0.747695920371722,0.489119896366177,0.375769518744839,0.573749025526893,0.410774677450134,0.450506650397088,0.0430429729601901,0.140495079804742,0.364287629901093,0.475880008249621,0.309439211575316,0.175193651286193,0.324864979930413,0.302321957519422,0.368672342718903,0.0365616710373566,0.395510816984447,0.200304624829659,0.25295545505214,0.239113228848295,0.211786757021189,0.255090742603131,0.319224493346449,0.580282961667056,0.353748286885798,0.30374006029449,0.507270350103488,0.15763253321394,0.276007030070494,0.321549192434107,0.271782286143947,0.0847595354644975,0.208572602867183,0.467779570530662,0.680297622729472,0.246471552605114,0.282092302627792,0.377444441811531,0.00818647646746278,0.378406379746217,-0.0115025854999172,0.148317749301488,0.542746296888416,0.308384637916536,0.152824607363697,0.252841626961821,0.375087334285695,NA,0.30207272109494,0.520066347655112,0.465924256921507,0.157648860778008,0.196281950271934,0.334649973313182
"ROI183",0.234407428944652,0.0253833430461686,0.247794724538207,0.556047771373342,0.422705511681235,0.139196723937486,0.457264357183624,0.517222926829931,0.339068576788399,0.253551295219558,0.0582312462801448,0.272417299482429,0.135179151662317,0.152412398969614,0.831800729586847,0.0791751374959947,0.570044697228922,0.806052343427626,-0.000170376571213613,0.190165383864522,0.187682595514942,0.0707987490455095,0.421274238681486,0.225878332807788,0.0948192510533195,0.296617852253134,0.494723538033226,0.63237516262735,0.504273790219213,0.0546777508076699,0.18397432273649,0.574127427952631,0.129454646278154,0.604245042889413,0.283816617760999,0.399183589693649,0.177057005549413,0.0814924405649722,0.454810607855586,0.313734360393757,0.344901434304843,0.46561443353387,0.0818786252816191,0.549353701669768,0.565693652044249,0.0197005805411035,0.073117529404052,0.55577932222049,0.280778807097498,0.594409228771066,0.350195534728707,0.0441706375576261,0.484578174947807,0.207490582543501,0.601557163442473,0.672211020478451,0.407967261187451,0.366387379853258,0.35692242611101,0.323460149949533,-0.105532938794022,0.331476121270963,0.201340853172683,0.437533372196747,0.0412443849255342,-0.0360246878534384,0.101889417798252,0.0399305153220354,0.219525337167584,0.137234533076564,0.626216645078304,0.0240644095429137,-0.11946049396511,0.0527760305957057,0.433267963889145,0.0123161980106696,0.345591177084181,-0.0250094815464708,0.222573056091571,0.37136663318701,0.163508677141411,0.265232972927936,0.398534895730843,0.491480579278985,0.485695263509101,0.0205157508576004,0.336682317747022,0.0996547686766278,0.288934134032558,0.135887907768987,0.293932110990995,0.191985991010252,0.709467576299385,0.142585081141873,0.320140969617601,0.106658909250595,0.334521545652873,0.297334447621322,0.367025902863157,0.271734721274606,0.247915987363885,0.265216931101051,0.157451180227252,0.159382065831879,0.586230364489038,0.432873731816575,0.155416271791567,0.404911689051726,0.0939695193276772,-0.00259793138280107,0.0113743677662492,0.407788005230024,0.350342209053423,0.00283875875925115,0.49768622634511,0.306853865368118,0.425548450025839,0.38538132798313,0.0709201973422767,0.349063294169915,-0.114521725785664,0.34782253607409,0.173201937804368,0.359387244517388,0.132550278122297,0.0101331855004482,0.318768406402822,0.017281630315152,-0.00883240746223683,0.126469106877736,0.0239826722110637,0.576769487404087,0.40986427298644,0.00627734671565076,0.261882116384366,0.430726815990695,0.148014962138225,0.270559283975548,0.568788743017038,0.303518347980664,0.00857117595752273,0.0117003007669295,0.286868120687338,0.20824663458207,0.271402209306306,0.466556536107322,0.296047031145598,0.638099974650752,0.222728990867799,-0.117155707712752,0.230740875749586,0.0346789368989338,0.358618050055118,0.66201796684989,0.0406707249765832,0.443279151371463,0.586666569975569,0.294593769430567,0.0727434795654354,0.286058864117972,0.222970177781281,-0.0571784360877279,0.172746223971542,0.379903541488125,0.382794409955728,0.543240810076554,0.37489251190367,0.286960413122528,0.417272020359079,0.259973009012301,0.388347493467945,0.501772221943473,0.377216042869027,-0.0735886902904411,0.0845037678389776,-0.23065377771147,0.370940242731347,0.27012164201467,0.131619580161549,0.339204693347222,0.327833382684178,0.374195301026184,1,0.08527871154294,0.486299612444895,0.287246321433983,0.197085645104997,0.107961716022395,0.168760998020657,0.546812194454838,0.5914077031987,0.312585908999763,0.157619191630705,0.174351007544433,0.497155001681045,-0.293500304420008,0.48180328185176,0.32465802425429,0.47551008472071,0.317961755709645,0.248547383863448,-0.0534838488164507,0.404098568788504,0.25698167429254,0.428085041139272,0.476420875390263,0.431144060106919,0.447616198941042,0.112952968184161,0.55912515330442,0.131863330386154,0.413803390030029,0.500487852029105,0.490852288107452,0.1770113714207,0.321798919151476,0.438216201261458,0.782883480795328,-0.130615985192526,0.236910361134331,0.280205072318111,0.52223609721839,0.514743730229064,0.670603951143117,0.372612832806568,0.204148647278169,0.489773825317181,0.231719673497151,0.576548374900518,0.624521166924787,0.0443269409323808,0.355357596433813,0.362148914108912,0.527364409430281,0.441474925348098,0.0292205468595764,0.50364289009864,0.174112421748349,0.439678179893055,0.383421889292395,0.665997084790611,0.551593971062262,0.41033966328547,0.15636655658267,0.782689219698535,0.763690790868559,0.361266025408465,0.153952614169339,0.151088600674036,0.344723537181587,0.265225841784256,0.160534326953067,0.518356107281696,0.557888923526871,0.568490925229913,-0.0609514396094117,0.0315885247582886,0.112380208932043,0.284385817978867,0.0321016363679976,0.278062757950659,0.729877546211964,0.097405071332431,0.667377248993284,0.129282288154989,0.467801562107794,0.223238684667393,0.843940142388776,0.416023553140398,0.476939704953712,0.208116064684906,NA,0.233082254763494,0.28258756763561,0.620118716378383,0.150816480034648,0.572274153054165,0.736652882324501
"ROI184",0.213127091968445,0.177529714826784,0.153832012937251,-0.00833217670519818,0.224405622795325,0.00968882935730754,-0.0479715996442427,0.116127860750688,0.259679797703775,0.133453935973588,0.369879495069498,0.629661415606826,0.0717108129804106,0.723726692366286,0.0852870055767972,0.322587427843153,0.243719430952663,0.0620305114360942,0.306857598878883,0.247010129269419,0.204015849380685,0.0114761073801087,0.0898704998108792,0.231096955335656,0.00744118572046549,0.00961811117767136,0.283456530938529,0.0666900407834784,0.0272557576066978,0.0672973912728714,-0.00962528724069794,0.139485380522877,0.163076896815833,-0.0416082427077143,0.292501322194032,0.284376270299814,0.104335957790276,0.116029471457943,0.225222648605591,0.326801405732387,0.135405431416905,-0.00257818506265524,0.0736073400248093,0.157609922750703,0.191322352861167,0.141459004260956,0.240296439397925,0.151767196771361,0.282091537164264,0.189143481392464,0.263429951913368,0.228783406871194,0.397458967251591,0.293286727560995,0.200305574701735,0.157807162515484,0.154358366072354,0.235191537909648,0.261489592248093,0.229202360814914,0.196344514218355,0.193758169914607,0.328977278625776,0.234563072696115,-0.117183108676334,0.125702523094809,0.193250165015505,0.205656105817489,0.15530812619515,0.0938634691493992,0.186893094577742,0.167356188438023,0.360842621403937,0.122059852195023,0.285347180576678,0.0513586690152348,-0.130815948763765,-0.0453107025811115,0.174333729096204,0.0389744642090099,0.170333479171012,0.184080693946482,0.143125567187164,0.0762992945046287,0.155872665712859,0.174431693202127,0.0707775654983507,0.162663149061993,-0.0488078015601535,0.0786258581746069,0.0562016578023358,0.298101965783243,0.123520802903736,0.268895263321291,0.332499971409191,0.405292785049729,0.27009642836105,0.214168788259215,0.154607725406475,0.26267339969258,0.272396350205916,0.263334657027844,0.0347179449721483,0.308260107368985,0.12226783928347,0.147271990749099,0.257391497388141,0.335645178028112,0.090740940617823,0.23668389430436,0.163281467765844,0.155561354992593,0.126982375312677,0.113478731148877,0.279751510942287,0.236439453968285,0.244326105107842,0.371849403882492,-0.00276302130994786,0.448661406831674,0.399470128054946,0.247111480432484,0.000279729671007927,0.272790353061519,0.257482677258148,0.165171045976248,0.0400183731233066,0.102358235449283,-0.0675799658612464,0.295512171359109,-0.0284718116315609,0.0818492662970008,0.163395706797133,0.0276919120503368,0.309650633235545,0.172418199421616,0.182605120483543,0.355599513608905,0.158925970269974,0.228512928532095,0.109025249642997,-0.0303429658616925,0.233693483384589,0.238632556356359,0.0727801774704442,0.179462140589682,0.248365599211513,0.148020396966748,0.236584363197896,0.218907942318775,0.107557819617531,0.198634160459829,0.372938659087359,-0.0170615190004428,0.307474785253853,0.25677074964007,0.0505677924947069,0.239532859647469,-0.0327529853366952,0.239616004552832,0.330937186484786,0.241656366805727,0.160050220670723,0.307616040843761,0.314096705162458,0.183096441008393,0.255285987076627,0.703471764317635,0.143784157328588,0.252608511656967,0.146147803194277,0.226800942754791,0.302536358967154,-0.0817162287098803,0.143229972285918,-0.000798606852943082,0.270681186362865,0.139312984790447,0.129187939851085,0.390406459347061,0.0586077678878128,0.304681076900067,0.08527871154294,1,0.0975727897052551,0.0853859643782693,0.270227797347808,-0.0483957961439464,-0.0562989175083125,0.130411882094672,0.17385969125543,0.00879476795108833,0.215726132461892,0.199975045140536,0.142876873439958,0.101818274892487,0.174799845623989,-0.0155255070180251,0.0970673640068499,0.249313818172289,0.194967632163525,0.165298745454462,0.150199243079424,0.233740013693271,0.398033508896285,0.182780083382048,0.249444793452139,0.24671939923746,0.282236303237208,-0.0184709678252522,0.335256964565588,0.0553452000760982,0.113177613050051,0.0877995869775114,-0.130675539254985,0.234269869901379,0.108475888794598,0.0991587420204671,0.0374968240973554,0.144941453014322,0.2273008894223,0.0942673054913849,0.195404408200669,0.136435338138864,0.212209749934651,0.193797164680518,0.35412905469718,0.0609949233149054,0.000930246428193883,0.218950067721082,0.32842814309403,0.11357956596611,0.175816457921394,-0.0767800456505317,0.158042753956189,0.485236812911315,0.106219120593735,0.0798607967160033,0.221119167950955,-0.0749243836583114,0.0861300612704784,0.104751708842509,0.213194158289075,-0.0586008836526644,0.00275559085093198,0.152767315030307,0.312449020879452,0.0758822810150281,0.282706019905638,0.0789976008983339,0.213974342693067,0.117023268767906,0.0813434307469218,0.0973778352986451,0.12652442500954,0.403529140213215,0.413791870717995,0.218716751164138,0.218806276806152,0.348131719875813,0.121404513376323,0.112312252234283,-0.0493090655157295,0.120931396954296,0.00112591133277653,-0.173314312663743,0.118258086592185,0.162412093541878,0.183481873264484,0.0496197080065409,-0.051442340404498,NA,0.192684137687593,0.200201673957934,0.0740652259313695,0.221376805864278,0.156989337185537,0.00812560835274908
"ROI185",0.173436814498907,0.0123934516340736,0.247813085152739,0.611689491880686,0.279917877718464,0.081348925714235,0.420862939340244,0.498696090229583,0.289571302164232,0.248862145099985,0.0154505928984865,0.18620633746249,-0.0590720756181903,-0.0280550616124946,0.449977730260306,-0.0483066098246541,0.531758786953603,0.404315076725081,-0.0559023178754338,0.314970841909774,-0.143902747481068,0.110369701791677,0.719455262335864,0.0361977959141736,-0.00413198606205057,0.333293623229144,0.300012430272232,0.470255577051887,0.738139974020649,0.0979396343029602,0.0314113502015132,0.526443397951653,0.072474663212531,0.333572506890097,0.385393358637512,0.687829520325384,0.04622023909749,0.213399563448379,0.670322412894087,0.442367172930564,0.321561754062705,0.506283200842456,0.0964134903705814,0.329090661244396,0.557104148087296,0.0451879950805761,-0.0312797600754572,0.484155913409141,0.23405058646961,0.43677489443083,0.264326654199126,0.0108014135335066,0.35516537803604,0.0430422573491025,0.584377129581545,0.252665532709436,0.473134048375658,0.323904604925945,0.278257624760278,0.510331610108127,-0.159275529007907,0.277188621369161,0.418571177578132,0.319938492966208,-0.111314862068734,-0.22406966936714,0.0238539688584712,0.017943875480479,0.100311565587242,0.0747658359934543,0.352320001550414,0.0451298043364132,0.0775023629466448,0.13049593024472,0.242328442137013,-0.0368161369991023,0.410834240390501,0.106025279915797,0.138957999524631,0.726673095758311,-0.0101102366327959,0.110650533820293,0.264288675269475,0.431826309975295,0.360627799696426,0.129854193865385,0.383404633003327,0.0812022215619743,0.250984071701454,0.12810142769656,0.189891386531897,0.00599215576996887,0.391466184095667,0.112779310502989,0.447720715719388,0.302424266297517,0.27836380943628,0.283395417220174,0.231163183254476,0.273006445582251,0.0710089008725504,0.486749611768067,0.151352920599684,0.149182853786783,0.470455501205835,0.800184892694924,0.13517513733981,0.554178158792489,0.120595089658616,0.0958447545088265,0.115938805828638,0.429850954216201,0.238036307931728,0.0236188731121059,0.36758604663196,0.51053298247449,0.398511726529427,0.280111473774606,0.00177984326310327,0.629231542532909,-0.121853182728844,0.385068825826252,0.101576152203666,0.421582647883792,0.103522575738963,0.109033922017476,0.345257878978919,-0.166942457528062,0.12446611804855,0.242330234009172,0.0301860173817997,0.592940096341649,0.331267943991181,0.174602208497836,-0.0110165240953135,0.534609685030999,0.170798150716901,0.193477533023836,0.377959014187333,0.260244854098139,0.0252640844738422,0.0264003372857306,0.35559852052579,0.163481099099099,0.330348567280373,0.315889413299992,0.441456048078496,0.374902001805356,0.084572793061956,-0.0964430199493215,0.252059484897638,-0.0242556115553892,0.698797275323181,0.420066851581106,0.0504208335797496,0.487817933468129,0.618184133318501,0.198648836099553,0.118427041270249,0.380175413116878,0.226779247848661,-0.00199018763245639,0.25501158174299,0.32019654657738,0.410480597879951,0.372741018917168,0.278207438076296,0.0634220120423859,0.351610653554637,0.317790580154024,0.196844655083353,0.482526217580153,0.208670326647114,0.0721600916154957,0.129256249711059,0.037266168666318,0.399998362840298,0.195699196025072,0.32001047081886,0.263034439983705,0.344550089266113,0.297221425182459,0.486299612444895,0.0975727897052551,1,0.12453199282034,0.265776091116305,0.192455921845743,0.350836881842104,0.428306197469012,0.592556778486255,0.234854562040089,0.280878018925816,0.108561783660916,0.256822546060405,-0.295276903505379,0.633479641170874,0.393681268212947,0.453859972013678,0.345034247507581,0.225827040849605,0.00297681449545438,0.330188190820786,0.0775562362106844,0.647087227439259,0.293357374983916,0.330894324776664,0.525793962874482,0.414016587170582,0.468661597161512,0.077726600566499,0.417597585117868,0.50435061524742,0.757341497385605,0.348050165881349,0.299411724269792,0.464560726958374,0.464586340913711,-0.0393561145823873,0.179781033413,0.272436127155161,0.789282696884652,0.560830416503524,0.529497728554931,0.314373417644137,0.24543260273618,0.48016144042287,0.293202522079833,0.597641884871414,0.379727379324047,0.12143389798288,0.603597977268574,0.330348697115794,0.389212155864954,0.664437106280495,0.273739382932423,0.447385049878529,0.223029488060717,0.329102004626828,0.57575526799523,0.426794842884262,0.305570985484903,0.30278054612608,0.286594376494836,0.407340316855084,0.407937884474453,0.782570439874467,0.283573499505431,-0.033833071339123,0.668626800526542,0.193077665829405,0.200152365324565,0.479884338434894,0.28957684457167,0.438676992018353,-0.0479439731975438,0.178994567651884,-0.0810714106589172,0.317006443804642,0.0298544238564638,0.241939662239998,0.510357861929124,0.124817866321528,0.274592211551942,0.170474383370425,0.421862785921719,0.282194404342597,0.367824803875084,0.210938565634197,0.414503261638295,0.153432060465625,NA,0.232124668542484,0.245107473278592,0.593429311136842,0.125170870856673,0.246981931323505,0.494708942804678
"ROI186",-0.282449419362171,0.506252244806,0.187943391453438,0.171490274399274,-0.0415262685696423,0.38652670196966,0.133452720175045,-0.0378970347867818,0.082648703185909,0.300739839227536,0.0779692497767352,0.151262300265847,-0.0334919516590391,-0.0166582375111983,0.301325083171784,0.232524430210487,-0.0746043608641245,0.306729408110738,0.19594936758328,-0.282846625876974,0.773339410119945,0.282495349332879,0.120810273599249,0.812238189798952,-0.104627553301314,0.273577501713125,-0.133958568114996,0.196806722637431,-0.00635092958085251,0.0986783403804863,-0.0483644282427299,0.260312408259801,0.478772096805094,0.318347192295913,0.244108120144971,0.0815433097859032,0.503308843418115,0.226411439595692,-0.0656626631793976,0.420013215756865,-0.0793028765011247,0.0878102770428311,-0.100101991618975,0.47900321169269,0.192558948671639,0.443669199680032,0.433155580539954,0.310057060788791,0.0985638240495377,0.195162943931345,0.485813149106572,-0.118617493698773,0.111969574621105,0.378530024233596,0.0572179516291008,0.278169226758586,-0.00912828134603731,0.0188584154462686,-0.265972715375844,0.100122102685343,0.0580443473661485,0.6000423153934,-0.0651443882200637,-0.199106027320043,0.359405163128835,0.385655140639456,-0.192919630689516,0.140293193225363,0.623001348873184,-0.0598753098512875,0.0386198176444706,0.621580346051529,0.0439957345661443,0.234585932343313,0.386572456598216,-0.0486112449926176,0.256429233791222,0.490933498930463,0.262867507893447,-0.0942416607011352,0.528854484379109,-0.260529074612056,-0.159778309201201,0.321212204940838,-0.0954048905054753,0.283146792866682,0.1438116947417,-0.209398515668748,0.242908001840203,-0.0713761329636741,0.199187713800521,0.241894380999044,0.122463942489793,0.460936730068554,-0.0305464460516432,0.168751110194084,0.055167128980572,-0.0422733112796079,0.0225843898750632,-0.136664562931627,0.080555534585953,0.226564598439166,0.440167526825309,0.205970839986453,0.288307936038676,0.0938479434848089,0.442304616842123,0.118889639661301,0.0802283710592728,0.304602461311596,-0.0537658662149752,0.0331528144045884,0.156382996147098,0.171796205351763,0.170011219327203,-0.186858926497687,0.02082014435649,0.226638902079844,0.364465240348334,0.178776980505196,0.149293274739371,0.492366393756304,0.364441322492607,0.244890741736205,0.32375819981151,0.158630016544371,0.047056504219627,-0.133964443748773,0.0584783146153556,0.302246792537127,0.560363906535902,0.136028154770855,0.0157763656198294,-0.105338494587023,0.495539762284945,0.0805524830219296,0.187490655545034,0.0976589914804214,0.0575642793269287,-0.0890926409266553,0.0795433583914394,-0.0727985038703592,0.0184218567383174,0.184259166814238,0.538244695175468,0.21480956293182,0.376656007532464,0.188484280696016,-0.191826875463389,0.202476522063093,0.356722127215761,0.371079651969072,0.211981059303361,0.346481891436145,0.241244459009075,0.0811162096623679,0.0726586516229484,0.0710604384284321,-0.0608784740372132,0.279317904470911,0.0771847632480329,0.0283795495421776,0.221086577776491,0.32761756135104,0.120694455779321,0.0113815585517039,0.216301263923719,0.111813144852519,0.00825698762829392,0.417079333909921,0.790096237969068,0.0581655536853701,-0.175099445072648,-0.0435403237745118,0.208661658059407,0.0909893944569671,0.287915597203208,0.167683540704754,0.240808992819109,0.265642762157786,0.384637451748018,0.554446526173193,0.287246321433983,0.0853859643782693,0.12453199282034,1,0.345469674330145,0.444405583913329,0.514348092766008,0.377123577331935,0.2281090584318,0.850598762114699,0.341576856684573,0.723734616291679,-0.116254740546965,0.0798749499127507,0.372799361824488,0.436908812186184,0.104785750170689,0.616888537122213,0.367585223842597,-0.15016785732947,-0.0730424326972111,0.567900532935669,0.00238649259959009,-0.0758579681628577,-0.0752372415144856,0.129386618898693,-0.0588557966542507,0.62638903676064,0.148897602968502,0.659334390657158,0.134178014066064,0.196491914450084,0.391843722971283,0.0215542668002976,0.322796580627634,0.224436280208584,-0.0236921733675673,0.165948691791864,0.386766043069572,0.0728648213486849,0.171728968272401,0.259297486033425,0.688235569765026,0.706786978297474,0.229425103309794,0.675092790883525,0.387661270800651,0.180759086975112,-0.0915405437139003,0.0144355209878179,0.335859924837749,0.579891019213012,0.160486198558006,0.171429466319522,0.06085476895016,0.541331042270928,0.160854064021406,-0.184616905137505,0.27581206933787,0.0161132913839414,0.187919348450246,0.16064647206482,0.054426758051565,0.0605228135136916,0.170795818766175,0.643863109957747,0.547503141421998,0.338590657911178,0.550459247357867,0.130683666279315,0.291217264210503,0.185210690954956,0.157192870455315,0.0767567612309005,0.264406430507232,0.728213444332206,0.500093367233681,0.0824173756223623,0.181901740040387,0.29454111149827,0.159246615500314,0.181806483302187,0.102199173538694,0.303069822234125,0.647336289534125,0.162118316210298,-0.205276764794826,0.308404119007941,0.538392379461372,NA,0.151862023930958,0.252025643766971,0.415918403752139,-0.189402225820601,-0.0291443074574348,0.225905246419979
"ROI187",0.00401782082916032,0.445575220798333,0.187574280696387,0.276175682499654,0.168185011296536,0.154500395732757,0.139252000721432,0.123892432002244,0.180198071141461,0.330986240289236,0.35792811214671,0.272026867971494,-0.0943968282934216,0.0941688126805068,0.315205247539181,0.231352331011277,0.346726819070035,0.261050020174106,0.202015850497989,0.139690091734722,0.16461178525113,0.287222467322463,0.208493890079369,0.329347840068612,-0.0947077159850397,0.170125149934237,0.275001253351043,0.266239519048053,0.185436387517897,0.0497939784251833,-0.166915402026424,0.314279061102155,0.372225184214287,0.188317652830499,0.411637281916764,0.353066723298416,0.173569980896582,0.101026392984086,0.201461510284814,0.35953617400527,0.137459081159757,0.166298259896306,0.188494797017866,0.204056567081038,0.357447405517959,0.436973068607679,0.291819818229163,0.269812231018638,0.299173245421736,0.318036790530422,0.247702849164345,0.310899909757663,0.277664124541494,0.350783849713612,0.292489267513319,0.156136200069125,0.0898753842549045,0.252340109476809,0.325195021615523,0.229886531222682,0.14412370003496,0.440099061848449,0.362064638086747,0.178398279334685,-0.0306093374824879,0.120884581397369,0.102501843516099,0.0132557932109403,0.346896400086664,0.0532068525565594,0.364727968184218,0.349668756422902,0.237036769066306,0.340653952552433,0.414120319178217,-0.132399140060727,0.076843428905601,0.201038586053381,0.19306722746209,0.140672318685255,0.166292380290927,0.101479201283219,0.0396191446143531,0.27317989421186,0.17742629527714,0.306976910816551,0.29816750145094,0.0408419814111619,0.0943744888757315,0.189158211085744,0.26635569536248,0.284203965338481,0.173193923855497,0.47812278009414,0.374715661497911,0.388576190327948,0.0831114173843529,0.0695649211356012,0.163328200343518,0.384325394788255,0.0568503223247097,0.446856123168987,0.344784657003884,0.194710504006332,0.277471476087118,0.262982960809333,0.438477294298257,0.303774297649502,0.135427630863879,0.299614375437746,0.322788042374164,0.351280115466481,-0.0219710975085738,0.0612074917999962,0.328176347951245,0.195165693243467,0.180621744843957,0.313413424142516,0.0951709057693516,0.325286117964684,0.125250570887284,0.552179255400122,0.108094474219619,0.432802252747536,0.350628973782098,0.241942125458991,0.251201363267953,-0.0966067545995972,0.174612442361895,0.207251801714959,0.229411994992806,0.2333030894939,0.148977207274734,0.113825411709823,0.250264284521896,0.368530023401387,0.374865067775093,0.50075483812346,0.315475639846945,0.205286732501401,0.107726173410944,-0.0363247013778584,0.397553401629389,0.284876410719213,0.619471685927397,0.262656804225315,0.547494783009819,0.16461686884888,0.133115361481062,0.021822039550963,0.199112727330544,0.451021710182958,0.233832347452638,0.187651414757621,0.423969448523746,0.293699062042607,0.188976904158082,0.178780620090114,0.0291749437359482,0.55589699800313,0.366618312896496,0.193695331289721,0.419488571543956,0.278143636674972,0.211017369389825,0.244713993504644,0.334567841742265,0.216518690986331,0.48118941427267,0.420540794728654,0.331799388296819,0.511639605158523,0.312247653631512,0.0751402752424414,0.0442803817195935,0.247524401397567,0.593955273087722,0.189087565842343,0.490887452418444,0.591995826243858,0.194587022563837,0.546214731242949,0.197085645104997,0.270227797347808,0.265776091116305,0.345469674330145,1,0.148983557461038,0.497307039978264,0.337447379100367,0.306755084971776,0.39998549371398,0.476775116215116,0.541093045832462,0.150624187820729,-0.105998412949855,0.47179006955174,0.292357381458328,0.270907671118374,0.511079740491142,0.449736141426665,0.1229525665457,0.187753735353296,0.418939453405087,0.275947617863891,0.18402149981692,0.162098329084125,0.368550797937159,0.367941723820401,0.299404193469726,0.27418870887712,0.453299518861281,0.308528695459705,0.357143712849031,0.373081855539824,0.482609902224488,0.307330582561813,0.186899233037189,0.0255213475876332,0.104548673762287,0.67594461735285,0.236218691634408,0.324162272824986,0.286872123513292,0.413441633734357,0.539369772017238,0.36219207280038,0.434033187470949,0.48450763714595,0.34350886160523,-0.00625276582791315,0.305247306806784,0.424754032618384,0.267387179488367,0.329345397773214,0.340717782305048,0.276510580934115,0.304891204644528,0.361947298018617,-0.0169424525503604,0.341116016345861,0.103001551543472,0.242007174622937,0.228126755683567,0.0861593467279831,0.270925781967476,0.383725899243751,0.603707783520163,0.410972988433117,0.453914142961595,0.460901132400536,0.201880842924837,0.256947758667533,0.178238086849133,0.200410538140342,0.147991704809219,0.217493505957105,0.365158749026722,0.499511990772814,0.332925261417185,0.0609042026695137,0.29812402127511,-0.0424430665540146,0.349447309845043,0.100351022165371,0.0195978696667675,0.471666122283194,0.148680924660926,0.16876169694685,0.228601130569819,0.24571332495465,NA,0.20376310020487,0.344101562024404,0.3379100327263,0.330761076227461,0.133313344011821,0.221506856493633
"ROI188",-0.0988954823250261,0.250894270012282,0.238350944262514,0.141893847119888,-0.136351267767906,0.342051966587574,0.0422601415630684,-0.0201608406920307,-0.0535356760779324,0.284568281556992,-0.211512358210279,-0.0386417659663605,-0.160351204449486,-0.183873201581876,0.0996728158402372,0.019823954705827,-0.0644756440922303,0.119253350240878,-0.00240413649180609,-0.0581781050023313,0.236581690563161,0.428018432444975,0.128987439507061,0.345664599699571,-0.00522074222290631,0.33342036351413,-0.182061541762143,0.133350560630941,0.0346263315503079,-0.0309270898680387,-0.0629624605403746,0.108894654962801,0.361414170506287,0.239403904627556,0.270635938344451,0.122679566382913,0.170390664111484,0.295352421506121,0.0372226603594992,0.178707645424779,-0.137025793072371,0.0551275362782339,0.140543311697453,0.337994516354025,0.109260853901664,0.338575305038553,0.238499495541686,0.130517230836963,0.0197948605754739,0.0892412257456211,0.337494768454081,-0.0718633111116501,0.00620935624759874,0.164852332690873,0.0417005368685944,0.122145607409909,0.00505470058512122,-0.132606678211083,-0.189894271366395,0.0173928438011183,-0.0483398166446157,0.428031371059565,-0.0693135982660271,-0.265385489832958,0.250801372515978,0.186850062615121,-0.137526752499021,-0.0194389765579079,0.303383934980637,-0.00182176011727276,-0.0915444021788513,0.309041951168786,0.14957888047327,0.256203098292276,0.200663816922302,0.051321608654765,0.341183346595785,0.494214327201372,0.0114334875939662,0.0253771616014549,0.138806394719311,-0.156830465820466,0.0507252335814069,0.175464835600813,-0.0589705175625646,0.352944288667319,0.163759159814426,-0.229225175813512,0.417874726225779,0.145683330682401,0.0720533196205507,0.0480001811722538,-0.0365259962410213,0.232030695766039,0.075053389993516,0.191475808833502,-0.100617086048225,0.0844986643919471,0.168263496411847,-0.10214674760305,-0.212312063557025,0.210186867121867,0.316237364333807,0.121893304148571,0.0962924994481416,0.13120228761656,0.270621542381153,0.0643078708530907,0.0532970209258801,0.311021708105834,0.148665109544386,0.0822234602438316,-0.0545889290287466,0.201169933439993,0.0164798380610871,-0.0457947622013315,0.0456624502914504,-0.116666023006692,0.387167659133532,0.0748905321375869,0.0304619264660079,0.440519320748369,0.285796652329606,0.128829454092241,0.150253234366588,0.174585258454217,0.114436712792739,0.00623990790270669,0.199948121955293,0.221831624689115,0.361961324270991,0.0971046060187718,0.0167675958980906,0.274193019176336,0.148128344830027,0.108427117669846,0.038840683477976,-0.14377255228812,-0.00552772608235593,-0.127344398544652,-0.0900125479511593,0.00393874793704221,0.0266935516275998,-0.0482623719546652,0.398818273975127,0.0122894996928837,0.337800978407644,0.125385836857855,-0.0279061514270553,0.234348465097838,0.32138412212416,0.26685756862946,0.118547967986978,0.231505001413028,-0.0498801393689154,0.0972019949708165,0.0518776304848001,-0.245959685541385,0.115650485194544,0.154137398802587,0.000952937449260491,0.114919543926833,0.34532019592473,0.0361369874497906,0.0302278257012237,-0.0131823180519616,-0.113410690428752,-0.0789048603120618,0.00138879721357353,0.317531199814334,0.298998493201423,0.112513573390308,-0.170223428668047,-0.0661045509472299,0.0534069580825,0.260238151175733,0.145206350801241,0.0107346759867802,0.3360795760058,0.0349047922112256,0.331417638285703,0.276940088762529,0.107961716022395,-0.0483957961439464,0.192455921845743,0.444405583913329,0.148983557461038,1,0.564825899242321,0.148723995948344,0.039573479961805,0.572907397952067,0.324256898440939,0.447303011199373,-0.150455453613567,-0.0427852582575435,0.265551190164291,0.53394625381554,0.127720612786038,0.376881628169506,0.377134188244677,-0.00279696066091689,-0.0897047343031184,0.302392511127883,-0.0260751813383746,-0.0570410180485417,0.0170558854663935,0.138045909532858,0.28083630048936,0.465871161193963,0.0285006082552169,0.525664377044246,0.110537829551063,0.161317259396354,0.536289878864717,0.136101253556489,0.153778314364571,0.1065245380848,0.117298595157431,0.0764683504461323,0.31047536578619,0.10294233620585,0.0475160274098734,0.177555052298453,0.426424409984419,0.361467081483215,0.120249024062115,0.425701958170766,0.473716080900841,0.11106557952129,-0.0113898053286874,0.0222757509995098,0.167478336720073,0.364364444581381,0.255895622680471,0.199298324127717,0.176352301840887,0.485478989467203,-0.0246046864621888,-0.132986542623697,0.173993244403918,-0.052674137925779,0.0327611286404697,0.263782006635705,-0.0390872669041851,-0.0615492190253027,0.23942114827458,0.476124020960898,0.127639148051985,0.232960076402804,0.149807055718418,0.044870206262259,0.191503005046646,0.114855308964466,-0.036716912419395,0.0239136724395867,0.174746303071131,0.357123210780518,0.295537208323515,-0.139178063493952,0.0979329940243234,0.0605079282277349,0.047031928693281,0.0183846587406925,0.186662520157748,0.214178428471293,0.394259821724777,0.00400704969170936,-0.18724979433298,0.185355756351539,0.580293878044259,NA,0.0308734733155424,0.201164978477136,0.275891092120553,-0.0870065174112751,-0.0686501551029262,0.190548924855387
"ROI189",-0.140648300089849,0.391434975700881,0.23331949136409,0.365685378518083,-0.0929631326563328,0.306173082266738,0.262088925798688,0.0442552662961609,-0.0707653685967151,0.40094604450642,-0.0749673601689947,-0.0202808523893071,-0.168955181159169,-0.242347826652525,0.226061881107837,-0.0958821023771934,0.0399528782475769,0.195927880550818,0.0599571260868677,-0.0483192847994024,0.133412876182459,0.360398551585653,0.290503180063548,0.353793921771546,-0.0961477056510058,0.396572570470444,-0.132924546409787,0.30778918685499,0.227934645659711,0.0557219170246117,-0.216061471123478,0.241122204203109,0.402143611150607,0.357986437618389,0.383025019556218,0.215700084729578,0.20704945109539,0.379552420658488,0.114356820125916,0.244262076843217,-0.164696997008348,0.220621863291698,0.10702394159752,0.306114221236973,0.177792535681823,0.450036376716927,0.121669473764204,0.26821492926326,0.0521312611288719,0.311861950038428,0.390431366912608,0.0434819958278728,0.0223359551346293,0.233359263175052,0.133005149936262,0.121299862463072,0.0348915677368579,0.0308886473766204,-0.147821198621687,0.120629708640197,-0.0216757017278579,0.534549192798158,0.0498824208152272,-0.232860455557474,0.204891036111074,0.183301673993121,-0.217869882036606,0.0418709204964871,0.43917687277422,0.0907188378999066,0.081762321123877,0.393853206888902,0.170506223333416,0.386771344418021,0.238058866626528,-0.0400303934050299,0.364564616620025,0.556273302421942,0.085554532955398,0.161286829500977,0.29894972048834,-0.242219931548274,-0.0814083688188055,0.186957164883038,-0.0100289672770516,0.458752802677259,0.255571782668726,-0.321843888904792,0.396153407496726,-0.00935862544960542,0.219678874392236,-0.0165551794173052,0.0893723534469451,0.315808358949103,0.140987806699113,0.33911766126282,0.0726942156728454,0.0513113427577731,0.100392779207518,-0.00277394370590406,-0.261091565179672,0.398940589035157,0.581639953818009,0.148504676254014,0.204280371336895,0.254806663248867,0.248370607408608,0.204638243767501,0.0628302814992726,0.471794087621224,0.216137802183264,0.234855299781805,-0.0300056500075391,0.144524407684791,0.175038119532003,0.0859490567273304,0.0495650160195964,-0.0243254212332582,0.364081245889085,0.239159696373434,0.0130313428220311,0.541109998555435,0.304267223248028,0.212038032985063,0.172141360923721,0.339493099411687,0.226531581707909,-0.0415514489784027,0.175616663943726,0.341532020575578,0.471586805716109,0.185598873125077,0.129814886734961,0.283014460447191,0.0737538738555355,0.267818496408739,0.208452472256168,-0.0108959416707949,0.0881481185315298,-0.0927601791135124,-0.0408833762671225,-0.0395916453941256,0.187407057975506,0.0871226731024199,0.718116012771556,0.0218781464042217,0.557873655032196,0.136509519458048,-0.0223690461434312,0.226139311821055,0.339059613741606,0.306197065349322,0.216240083736826,0.303249566052263,0.13232667856051,0.119821234394595,0.199431777903864,-0.0970784611560779,0.135922040252092,0.31688478035336,0.0573397499405664,0.0429567947846044,0.518061385583693,0.178969603987895,0.0163239220029389,0.094533613279084,0.0853296190506081,-0.0699616724721938,0.172644827943009,0.4173959098131,0.382193937836303,0.285304266991079,-0.148833443259843,0.029218365042589,0.0406871417364567,0.280697016355605,0.288869829622172,0.193624316834044,0.469355098006172,0.270064602502137,0.536118131195565,0.494064545622861,0.168760998020657,-0.0562989175083125,0.350836881842104,0.514348092766008,0.497307039978264,0.564825899242321,1,0.197759455363936,0.24277992589132,0.67727607564595,0.485934275780319,0.608814529949144,-0.188552478462392,-0.107200112475585,0.499536801821489,0.685257072455754,0.332733593497834,0.525149189554143,0.425760085256649,-0.015290780108318,-0.0229826991764261,0.233553912831412,0.134918485113771,-0.0283048299752025,0.0387483440806992,0.269308614063613,0.21699793296665,0.553454193149125,0.105560266280441,0.689405234138589,0.329662567752505,0.345489910895407,0.81689422786696,0.253159568664579,0.349275133479161,0.1246074384298,0.112405350427053,0.192836243437537,0.518482408557973,0.224649589139152,0.137267237863097,0.203312090306326,0.595296240386864,0.603768947757332,0.172330057786249,0.691908483774932,0.617644433353023,0.139510105761459,-0.0885312860974886,0.190898065808517,0.362099726439234,0.542495157172706,0.330022576002692,0.2251130820111,0.236141933298494,0.568980388770341,0.0713388173959887,-0.0450435436254065,0.205774603529067,-0.037324700636179,0.203466006718128,0.517598632326088,-0.0252201398296592,0.0470085881637404,0.352152783352956,0.808515556501112,0.102921891865671,0.504369009914413,0.345697588616346,0.122970625342242,0.326330958294318,0.209523006701234,0.0659710094992809,0.0230603101653639,0.176907563527181,0.388194404420117,0.539385987779325,-0.0203197060231188,0.0966164431432763,0.220218647246901,0.106872950431784,0.147355035394491,0.321443298323093,0.282394814340768,0.662110313873491,0.00111072020982719,-0.221566146439488,0.212234884605838,0.589453690690456,NA,0.108050898697107,0.281899829433828,0.34574482358946,-0.0839509555996365,-0.121989209790935,0.253322505229309
"ROI190",-0.0380282546775305,0.280340880434253,0.14727462256163,0.330478557364582,0.161927217588979,0.277082909964611,0.243891815909452,0.334777615641297,0.395315384750154,0.280565252148266,0.0841986553094735,0.333688061818214,0.0487131477278874,0.191315612322838,0.538339837202576,0.385980830481049,0.350037859019891,0.437722868664141,0.0338345218359773,-0.00495433747820013,0.373244931451186,0.287248882503908,0.295449878178508,0.409757087354855,0.143848931045806,0.192148734607178,0.348570292793269,0.332213683766435,0.458708887969364,0.0846009064925562,0.16784708700784,0.374513568958777,0.360530456431031,0.407264530180204,0.333199504243687,0.610919074810672,0.331046507477373,0.0730035933550346,0.522022954208118,0.54492130031502,0.466449862246712,0.497743088661262,0.043156714491719,0.432291521966429,0.540154565699668,0.216607163304889,0.385182710379491,0.75896187688651,0.274634304119868,0.388871911212434,0.362807269600681,0.0943091334115111,0.582824627352171,0.334281599289329,0.594428019599037,0.509352610551621,0.162872974487829,0.289448017141407,0.192953930576852,0.383252265824273,0.0694596643179928,0.374894735688721,0.252074718374244,0.262825359108982,0.0339872285019445,0.0954225404787603,0.0985380010565397,0.00844559024335151,0.320965717009058,0.104445802562153,0.393340282022455,0.32707456315067,0.0568917881882462,0.266947930661918,0.420190144112296,-0.0304516944460494,0.295203054834878,0.123472975179195,0.254358566695272,0.314761467234153,0.268564533456815,0.201523043652081,0.204123554933434,0.738652321567072,0.227730802360738,0.0761617156834959,0.321290971149251,0.17834381566123,0.245031889958021,0.11478413531158,0.212499039810107,0.331861090529425,0.434243711024239,0.394033295117105,0.321491032798988,0.0539373473528457,0.331161468176324,0.219568282922822,0.203902462331169,0.357194935490081,0.395743177995427,0.265787960262961,0.0685202433659536,0.131637380098774,0.419683683214235,0.514198270298265,0.366305215176941,0.461112498620824,0.0906489980533435,0.00403852827731019,0.0744476047749502,0.25481946340527,0.281243022318504,0.107605855542273,0.426434780762838,0.0997676940943651,0.604126986041124,0.404583271123381,0.132002618967131,0.216174386828963,-0.262216115346618,0.392631144793647,0.179697201253012,0.403267662210304,0.439322536688193,0.136334166054515,0.432688755557201,-0.0668968762661387,0.0584046860029498,0.237581584493841,0.24818292955747,0.832949889800869,0.30205830014345,-0.0276113142918181,0.537609042605805,0.66608438266074,0.218932422198416,0.358628078795397,0.362297075643618,0.280936559672885,0.0996039824987588,0.0560245967474755,0.363217979406749,0.205515881354983,0.322706900701692,0.584207043263947,0.355771759063567,0.31093149684174,0.126607492794974,-0.119576067281536,0.317070740266955,0.278987234359644,0.206181554049272,0.409297457326922,0.0920593068986915,0.62859569600387,0.463906382923223,0.259790899882469,0.185130460670081,0.486354068077234,0.306450887309197,0.147693076338333,0.307368944328357,0.465654215459834,0.375784615237881,0.375103293990707,0.332971210966173,0.30670941957268,0.261005154963384,0.281882776783651,0.571112778695623,0.327391008758942,0.315789425196745,0.0479046472738355,0.148401197161727,-0.101376977749799,0.420942273701391,0.32088176416322,0.322735077395253,0.412343134012493,0.274862883606426,0.373777087315092,0.546812194454838,0.130411882094672,0.428306197469012,0.377123577331935,0.337447379100367,0.148723995948344,0.197759455363936,1,0.623329648582342,0.346764656563952,0.443412590817723,0.377436148346516,0.291069610969909,-0.161248223795453,0.436285923437356,0.203493412929439,0.32063589948801,0.430546046622357,0.359875730423183,0.032909027284288,0.397531854111424,0.520678699604892,0.488772600979479,0.20051669083587,0.269479228412367,0.723142738611092,0.206394288248174,0.456561746511502,0.203282707999789,0.388005535554217,0.323091124273847,0.664044811712993,0.169774237628903,0.308347934902052,0.404244804151961,0.480522487800085,0.026136440591258,0.301821528747715,0.359634883617211,0.430193959681145,0.748823831833316,0.714287538234973,0.400775749554982,0.374684562743095,0.64597342030985,0.250595505855261,0.412860979524248,0.616641558164921,0.060124873480144,0.544073054093168,0.327003486631803,0.399274525116232,0.431368629766539,0.0801111375181982,0.269726079006299,0.17603967417972,0.341572199594778,0.306147163257948,0.569667577936534,0.292393448278032,0.34878565791122,0.147250584584503,0.398393434999868,0.486564451771082,0.379803547024466,0.247258122983984,0.535169714195336,0.505407309362659,0.373606487475851,0.242414224814732,0.315162916653129,0.233533063616303,0.4261657247746,-0.0221662311180655,-0.0949219346333746,0.367861750606804,0.335926271039418,0.0602258608755656,0.290530968095613,0.511953150733308,0.129473525765077,0.422445007846357,0.127768100711835,0.291242636366872,0.330011171904072,0.461527717401023,0.322398503906709,0.54380587216916,0.253118077054297,NA,0.149262197357352,0.263734706361708,0.714401543009804,0.213434090011236,0.31101623198215,0.462266245011915
"ROI191",0.148118707952802,0.157730710319396,0.222919417888225,0.447975228829119,0.335409666974493,0.24355954225104,0.394133780865126,0.497897450177925,0.42244328451629,0.238219801465814,0.213803543735203,0.286719791446848,0.127436670217117,0.214738022636407,0.539920875416277,0.213907510854019,0.5241794455693,0.508048363528931,0.0248508167258354,0.222888784661864,0.139276984221665,0.251130222313435,0.511350659446345,0.274230536331779,0.120862804268756,0.192021637555135,0.462793134940471,0.44040096097907,0.626037711886575,0.206580336934152,0.15101333836461,0.466782929653058,0.237445023615498,0.354374925375174,0.433833163093664,0.622952294761946,0.254978346243125,0.0672818921345255,0.602911720846839,0.558647116351445,0.386524951803843,0.679426042425419,0.0109932138925749,0.391338159177811,0.504685590544207,0.156489433332357,0.179992474158308,0.616482098416536,0.369040208526601,0.43754244002666,0.449983877133951,0.180335138410494,0.447902260097321,0.222950696782621,0.653977409787506,0.422821704009595,0.410955539651751,0.522457303894974,0.284883960816479,0.547040976357261,-0.0504047993322072,0.331830190273499,0.425465283148477,0.376972563230922,-0.0984568290306967,-0.0837911746892077,0.156926482672337,0.10785676663518,0.220179507650502,0.0985404313164722,0.529611508098852,0.153526912406781,0.0177144418519505,0.291359914526199,0.449513240159135,-0.00179137921701022,0.362536361820251,-0.0151333816802287,0.184055047998438,0.53136224292358,0.23623685395317,0.176003853016126,0.240597518140132,0.432555418995104,0.3612984833133,0.0176154592690353,0.357070048349384,0.188818726628253,0.252794982116205,0.186400553031789,0.304373813519419,0.233691311672411,0.517416680587035,0.268307778390052,0.45085080560414,0.167878526385641,0.402501293008834,0.225752321049173,0.23895262022554,0.451657475720392,0.354796694305415,0.308883255774361,-0.00502518674171158,0.120222679156629,0.482512275239954,0.596837741100445,0.286434034702299,0.475320875646186,0.111248435965202,0.019444234980144,0.102858884930204,0.403234240788714,0.391310131393516,0.0552913819965077,0.534402926339925,0.426615813006437,0.469450546796602,0.461044493877882,0.0725112255504255,0.489994760694419,-0.0455048613764684,0.407568876720124,0.168599409903188,0.471441726802666,0.367742780674482,0.0731899816100278,0.396543976563018,-0.0472585423026821,0.0172677274943343,0.190894136560065,0.091876098410751,0.668511576344651,0.459630914817268,0.0710566358128002,0.310025035397381,0.70975309722371,0.220118833582462,0.399724817862847,0.403662914471262,0.287524421093061,0.0852630076157474,-0.0118177354873837,0.400757894677965,0.318617777386529,0.261067828833034,0.46996208067294,0.414868542343785,0.376115104305058,0.17240341206685,-0.127504540841759,0.268723185979734,0.0536500282753741,0.469058385805337,0.390102415104431,0.195704752561767,0.530739599471175,0.524246723656219,0.328316173512122,0.16481297525767,0.508593069552263,0.319376149213985,0.0406262258012794,0.358756364967578,0.455432618955543,0.310166688971973,0.460810808369469,0.448103268378248,0.266260759151373,0.436608128563826,0.288908558524719,0.388897140530296,0.422556659591522,0.360420428406163,-0.00271788259199002,0.111988439563384,-0.153219108667723,0.459454789310108,0.327966460994714,0.308294999803571,0.443969020126324,0.347559544377324,0.338245461583428,0.5914077031987,0.17385969125543,0.592556778486255,0.2281090584318,0.306755084971776,0.039573479961805,0.24277992589132,0.623329648582342,1,0.249855117618626,0.335310935206169,0.264230344500861,0.386539858438306,-0.181423925869314,0.521725996865324,0.287323755386349,0.55917671118002,0.407205218589496,0.276381886917592,0.0127912868469831,0.451787936954266,0.334919512170169,0.571700599207223,0.336915214816014,0.338687472671669,0.642949424255622,0.322650421534302,0.46170242007666,0.236547524308802,0.414023469968913,0.589406915004043,0.699157766536798,0.167125345665526,0.326784270147222,0.581533579195304,0.521606092639428,-0.0324314323162948,0.184849733755886,0.352785339922801,0.611067092554967,0.568996220315182,0.61797687161212,0.401179753141135,0.303292351579976,0.533836765646549,0.20629964949575,0.479708620217723,0.572392915486555,0.160383204569203,0.573246497033871,0.481947926819471,0.498520088482075,0.505541011015367,0.139069599369741,0.260343752198353,0.184789319253863,0.431537234074786,0.481404064524881,0.476943981265228,0.333905613543038,0.404991654130967,0.30429703022586,0.50044172416724,0.55166776619617,0.496725936939739,0.206732912114095,0.195401294389448,0.586927484013655,0.379773056765113,0.219634701459682,0.437046314011919,0.247155086469147,0.410167901016554,0.00113227825182683,0.0869601752387374,0.129858988351758,0.254545145806081,0.16929049399317,0.372436326516487,0.555328571623629,0.16451011276458,0.450877452084282,0.121242872948651,0.5630144694259,0.304396419883257,0.522527796271301,0.390770552735272,0.409156344024567,0.168582738481391,NA,0.331772834408046,0.260155133406239,0.62493802392238,0.23473640817498,0.35975939949581,0.504285415119685
"ROI192",-0.2412494894799,0.494920733571772,0.0994366278579855,0.330549543429315,-0.0418416197359934,0.371012970963163,0.240360029641023,0.031184019249585,0.042263842362034,0.400331595914953,-0.0450748660284019,0.135091684130399,-0.0759449160569036,-0.129307627838499,0.342468225520004,0.0996471138493355,-0.048418695152756,0.356678709980108,0.131156677760084,-0.30708449997622,0.553366829394778,0.368085646940897,0.223943838190874,0.701081486607233,-0.0793574919213553,0.390808101194653,-0.158005209629661,0.313865041701658,0.0908203915137678,0.0673528473931326,-0.10352063432242,0.282486869533554,0.529966247005471,0.451483206574356,0.330971918137737,0.168056654478604,0.305671763251121,0.349700579245077,-0.0408008659564577,0.358590246363874,-0.139303748016288,0.11749896977893,-0.174785400066722,0.543744553278433,0.265071729465371,0.439701308780343,0.308997452564852,0.276812320591883,0.0340812624046483,0.311301213881517,0.430942893388343,-0.189130501604494,0.127090774317101,0.242890589646144,0.0804040350874748,0.322004104698654,0.0405096267865061,-0.0533118467172633,-0.256083766887542,0.128941374082655,-0.0218070188836538,0.68593789091318,-0.0525355103186827,-0.182363498457877,0.369082827025514,0.296355127027799,-0.277837905669764,0.135259668258021,0.539573418156563,0.0204554396878337,0.0926035786859975,0.592355773610561,0.0470716403935605,0.244562678568817,0.372372364290202,-0.0237056876150747,0.386955244188088,0.526749678170613,0.197954236153617,0.0224645734686088,0.364066060204667,-0.244104591261574,-0.0663105664171427,0.405807677217757,-0.0344567118247637,0.366027298699056,0.260340600618549,-0.254314359156747,0.391664389197481,-0.0630775347572908,0.111632963321814,0.102792538082239,0.169622973501348,0.444419102146083,0.0342511102829756,0.249570495302637,0.0791754873687684,-0.0570145161079176,0.0248189721698414,-0.107952855409014,-0.101557311264846,0.339749500583283,0.508308614956977,0.184467156079403,0.333794953246666,0.226637057882664,0.462989022430552,0.206667514053593,0.0263326286612291,0.340589960293021,0.0618786360065536,0.140904482082496,0.141804220290837,0.125844877801845,0.222292547387428,-0.101727525497256,0.123643859527977,0.0763693854791123,0.38762259457559,0.19325837682363,0.097007724660349,0.566520000922655,0.421150358259557,0.215759905692557,0.286471779755098,0.271585471506989,0.0904937077137945,-0.118783408015587,0.107835672878235,0.28569526321592,0.58035181562601,0.169914180906937,0.0647810284722564,-0.0308839557930932,0.290729322812924,0.181374825506066,0.135365802276473,-0.0289113786686465,0.119488519835636,-0.127637840163565,-0.00141103971054771,0.00966755787661672,0.0827856134862752,0.0549955526394923,0.71853103348094,0.125714741545069,0.495708472675882,0.222087807574105,-0.170632206965399,0.199758107361573,0.315028846366855,0.365513969581448,0.262133309970403,0.448491894108295,0.145257538760181,0.118394586462419,0.155203079510779,0.0240535515310166,-0.00846115403119282,0.304544003717367,-0.0397199435735252,0.0112648489246942,0.228023148714492,0.27210912936642,0.23207987469531,0.048050536863809,0.179358561652663,0.0587453633076594,0.0194530578060157,0.395178399306952,0.637549177088241,0.205008441075886,-0.151458835664746,-0.00875212689186246,0.164895145402291,0.164532794453931,0.299342442940987,0.126178918727052,0.351213072460336,0.22111639627633,0.523146259692412,0.50977684073361,0.312585908999763,0.00879476795108833,0.234854562040089,0.850598762114699,0.39998549371398,0.572907397952067,0.67727607564595,0.346764656563952,0.249855117618626,1,0.455082336337589,0.777766811020555,-0.17038924128287,-0.0076407156280948,0.497062976236002,0.629860231561806,0.163404542259716,0.569834539744466,0.456764800860181,-0.17338439009447,-0.00291974862411234,0.47403494002486,0.0892601622901397,-0.00842774990830785,-0.0920709447181761,0.232149166167959,0.0401087661956129,0.77563391507605,0.11371903871774,0.856118766147634,0.213480078770988,0.259680621631824,0.62604115083064,0.00257476784847867,0.385944331026112,0.295907146148312,0.083586282226585,0.179462431625608,0.527210294911957,0.140064188480439,0.253171395503877,0.236103270501911,0.6021405192541,0.741663138960339,0.271500279970994,0.72861219358467,0.622779600213728,0.134759207027416,-0.156364766317225,0.083401006965223,0.377689121844128,0.681386155726249,0.257868102140333,0.21976505709572,0.220516887089987,0.670599310115343,0.0923634073254699,-0.127500009537752,0.307839243825396,0.0365045197010681,0.174271736512701,0.275671908342679,0.0480639894565155,0.104815018832698,0.27019122606075,0.748728210329044,0.40808473474145,0.41887068028658,0.481839641123305,0.0916984564934884,0.391321741125168,0.237581653300434,0.113141411004013,-0.017436501627534,0.198848661342065,0.624358100694651,0.576646237111718,-0.0616352902825066,0.164530173684573,0.329197260017934,0.141214026502959,0.260556844193317,0.228860304470476,0.367062993586624,0.677170065618431,0.170366270152738,-0.193795215883776,0.419620431447298,0.610969650122911,NA,0.0751518898915341,0.197701260688372,0.397525941195875,-0.21835813255448,-0.0190775235893894,0.321559039549041
"ROI193",0.0104172732003982,0.449374614879363,0.101518977224965,0.177079674829452,0.0289990320915594,0.510040887040188,0.0252880588701012,0.178695168290857,0.251173007716973,0.40974550845895,0.0533004563211036,0.225172181221009,-0.0716107856871754,-0.0188566781215269,0.208497685361485,0.397213814228083,0.16484099446859,0.2544785469511,0.166357798253358,0.0480227753443934,0.243266861890706,0.444639844379434,0.231099648486286,0.376941398562549,0.182646581988286,0.271043769171099,0.178083278524856,0.155290869586601,0.207284346218546,0.0427995399128248,-0.0760802940581291,0.131001211181399,0.575242563274943,0.222356533314135,0.492730227139073,0.485304856529633,0.132773100797467,0.269345973228854,0.272658311737531,0.412518629970088,0.269752029767127,0.217754299342811,-0.087379820352525,0.398342937535169,0.385363895450709,0.472463459714308,0.398009455867422,0.26191397190187,0.170699702670025,0.265673330279146,0.327081627270317,0.24140342076182,0.242044406272569,0.332117448912131,0.280102674953159,0.241222697807665,0.0719400356867954,0.0340021337128145,0.0852349978176615,0.265902441004922,0.229812100166405,0.528257794858559,0.151358168637929,0.0868054641870967,-0.0701635503839603,0.233000660657722,0.207206176310652,0.00329464672704628,0.286083654035839,0.0354607096237874,0.241117422411478,0.500068761429628,0.357632924422487,0.411006632468451,0.387484366224546,0.0358834575023348,0.188912748635375,0.349471423762575,0.177327925152312,0.150691036830774,0.140944517504357,0.111035847096132,0.181371982802525,0.3931643883388,0.11310716882359,0.513085667533849,0.432235219998152,0.22740577545038,0.261974162689656,0.179638070234049,0.00908172948851476,0.307776228244541,0.149524632656844,0.525147231013243,0.300800062823555,0.402811232432177,0.275059238533955,0.0190849900095068,0.0669128785012536,0.344803613949093,0.226220709569127,0.493717729374742,0.220878053901744,0.244049142762636,0.166454332038902,0.302968788593298,0.488937117677964,0.30886274838674,0.261980284811614,0.396609145032106,0.254667791702042,0.150513938287156,0.0413158877557459,0.15751801908509,0.260915276169929,0.0950084620696559,0.354903768687999,0.184496212269539,0.0947914128043017,0.237807471286459,0.0601810923787117,0.471928694694426,0.172478643719861,0.259754870763076,0.451555860947847,0.416048001787654,0.255264011560541,0.0804322441911125,0.240663760554504,0.317770700743583,0.448517906930637,0.344263612621633,0.0940013064897596,0.288595583630746,0.327233286240829,0.412238342705974,0.285222355778842,0.220894740409562,0.0573172336306589,0.325921629199578,0.0393802078727166,-0.0129747511902923,0.518015020423675,0.0675422543358187,0.441592658432778,0.456072886366656,0.583227385378294,0.101508567909699,0.186608537175283,0.164922096906365,0.1860703748258,0.440162250390817,0.150397095659149,0.218118190397032,0.126516394635591,0.270782491463499,0.291732504759872,-0.0127672622243317,0.240890589328852,0.593250053744914,0.195714006666695,0.406401103582839,0.420451315697109,0.516356747341536,0.168268129432545,0.32784798343794,0.167350982288475,0.0896179114226115,0.123261524504262,0.410553968833888,0.207152349719829,0.427663972974623,0.295763195250935,0.0243883753225097,0.0321250516137083,0.14526388334538,0.415703747228091,0.196504199901012,0.705886256189344,0.461806710582368,0.254762541859384,0.388561402244635,0.157619191630705,0.215726132461892,0.280878018925816,0.341576856684573,0.476775116215116,0.324256898440939,0.485934275780319,0.443412590817723,0.335310935206169,0.455082336337589,1,0.660397413052441,0.11401395852145,-0.0523091605720949,0.376373254061113,0.41497804322043,0.155061195237838,0.584558038002199,0.615931218542216,0.165705094708821,0.332441987244372,0.427034554415608,0.352082496780826,0.173043363871642,0.0447688353755751,0.415952666448882,0.497804853207213,0.50147357519441,0.210633502425238,0.556599048209909,0.17387768833648,0.442741606712058,0.454640286058131,0.220993679231832,0.280875716158864,0.21617143810719,0.287145283577117,0.153871912374908,0.621224223641622,0.297994093150148,0.369041067972412,0.373211574397106,0.396422378224942,0.675164809594889,0.352317335347199,0.392510452721992,0.44238899180194,0.323146184432811,0.0195038199987829,0.485429439622175,0.373696650443339,0.262573213870299,0.352690701715087,0.39590670077248,0.274230254665457,0.523604620609344,0.170364584732482,0.0785090934173608,0.346151181738931,0.114002893956897,0.277075234942755,0.121920823181784,0.108001283561611,0.166646595441279,0.445466793329102,0.532457155654636,0.461253356640161,0.479563725957663,0.406684827490265,0.287809884105201,0.143817130957956,0.182403955865539,0.199285864576534,0.173719162812382,0.186273985770686,0.477728694462167,0.656674478435233,0.121637201389866,0.118285734064999,0.19517983220502,0.174317794916436,0.248049149089421,0.227348473195966,0.0654550414654208,0.541091232366851,0.137997016317673,0.165189177274953,0.284652544527194,0.257005430595966,NA,0.284065568514677,0.378116865667188,0.418099993873585,0.400712480686246,0.0177207799293702,0.173173551723171
"ROI194",-0.233437794899995,0.634515491871523,0.125992294682914,0.145428711477079,-0.100661844813558,0.45095242348015,0.0583234293975318,-0.0450557934976421,0.141683679492357,0.397988751683292,0.0945149947370879,0.267668762504696,-0.0921342186003993,0.0359627035653475,0.206084682270255,0.382927004205482,-0.0460988939325968,0.229110781892924,0.255875716322354,-0.171162445693363,0.584262186256918,0.436570417233288,0.0962141073073536,0.744746034691167,-0.0278961791450711,0.243855947164482,-0.0591389657093138,0.176536358495171,-0.0266497247429283,0.0281084108750851,-0.143845290411175,0.155349087185525,0.650628363075134,0.28714649198397,0.440871618999134,0.236434001978393,0.352018503230077,0.253945858565253,0.00919744128433876,0.508133130091361,-0.052285785213311,0.0899704838288671,-0.165992313852717,0.488518031191676,0.180464726577548,0.64010586524247,0.521609850297863,0.265573845468128,0.158274806239561,0.211906675258682,0.399152212490151,0.0491578475879461,0.16032572397504,0.389893880608039,0.055314380630648,0.262899786046871,-0.0942799610853347,-0.0368505779963238,-0.190034549262049,0.207792987746855,0.150814172218245,0.596019755456235,0.0423177753086114,-0.193256700202036,0.174144646918738,0.42590768158083,-0.0122742827625468,0.0700728646162821,0.46124781882275,-0.0540963328180468,0.0874775169511905,0.709160982729392,0.260277165988601,0.344447905511501,0.404294350158171,-0.0403379060607941,0.198887015780039,0.481604966119638,0.193948094229334,-0.107244285736051,0.425775593647027,-0.141044722749771,-0.0466551588150471,0.351800807846436,-0.149163866535793,0.474420281098925,0.228276976608665,-0.064136071773121,0.205832683280166,0.0344609374327372,0.0470695439266232,0.31950971255712,0.0908248747637347,0.66523393057781,0.161935451108472,0.320967357131623,0.0745587643608059,-0.0904042276179526,0.013189299303898,0.143202678070314,0.13186902104152,0.331852970163549,0.330865572289254,0.253001575698956,0.212601105275396,0.112920225661246,0.566539549391932,0.190680927827569,0.160683303854606,0.475764843222513,0.195378027044435,0.0979877280219804,0.0429721318722074,0.181433178191825,0.248355513241883,-0.0946284045081741,0.102362350557079,0.206191156069153,0.322269214109807,0.189907343113995,0.169306639017782,0.600781449787298,0.286305296974544,0.263323768590258,0.548283342359687,0.349732232292505,0.108819488584783,-0.0391110445250965,0.0769182889415347,0.366730022322937,0.552714764071109,0.156796248758585,-0.0196165282036919,0.14198826810516,0.473070767210712,0.217291672764293,0.195075618618978,0.162416984102081,0.0523459366953476,-0.0231161304578866,0.0538460160971321,-0.0827794261968405,0.319856840327332,0.149965244188642,0.595156745904551,0.23005245143215,0.618448934722391,0.0751709318970627,-0.055521435528653,0.204771702301796,0.303289254767278,0.557696568669289,0.158327417222321,0.287636845629437,0.252669169979147,0.120734108920591,0.0267824310278128,-0.020793835658875,0.124322010614217,0.550501861969959,0.0905905692052547,0.252483193246945,0.373470167851108,0.370135685615148,0.15050529811451,0.123355635159065,0.183936178363873,0.149245750092644,0.0506014717790011,0.514658641026772,0.572375544554496,0.141427151644063,-0.0362799541712365,-0.0862659740843091,0.143955077453766,0.162950846962044,0.432367143275833,0.161521239299158,0.493807591176509,0.356638882380212,0.325873971037705,0.450692563161438,0.174351007544433,0.199975045140536,0.108561783660916,0.723734616291679,0.541093045832462,0.447303011199373,0.608814529949144,0.377436148346516,0.264230344500861,0.777766811020555,0.660397413052441,1,-0.133116188623449,0.038666614323944,0.381147173490443,0.414647516191852,0.0874768059803264,0.649872109362864,0.685697821151196,-0.017153899281555,0.0670606256332453,0.643338872332584,0.0716512560064762,-0.0928203208903823,-0.102019698703802,0.222189418508872,0.240809811907849,0.570522926649911,0.226224669455021,0.718136420485366,0.144783193326217,0.277494197942565,0.472747306821672,0.0622721685771954,0.323647055013115,0.166866245499848,0.1140034247257,0.143925725139549,0.654520648516933,0.0771588258683523,0.255692834688447,0.179372693619962,0.599588836523891,0.860937259566118,0.249743024539428,0.551507648585806,0.456909497761009,0.209375071333199,-0.00446979097736766,0.174699152688002,0.405510362037786,0.408199772428574,0.166717968094558,0.314851584658219,0.0921970928177744,0.627256259119084,0.153573103998706,-0.231270385911296,0.25430747156395,-0.104393909661609,0.202203044587933,0.19063429006968,-0.0319153485487652,0.0550082241752136,0.211955061702752,0.710158520856765,0.640085195790828,0.456137016973272,0.576556801778719,0.12525553879018,0.256210438217614,0.091159961350113,0.054952617097974,0.186999096368927,0.257107082449128,0.775811798388388,0.564235308582926,0.086480405242592,0.161577024823102,0.140257541461841,0.11107694181603,0.126082516386739,0.207013844048838,0.190183300969292,0.707276204540432,0.0694115987839107,-0.118570000636355,0.291907032621785,0.490779148636376,NA,0.130649493717909,0.331988064735273,0.382132303030575,0.0766721681745506,-0.143486197034324,0.181928800157956
"ROI195",0.489823326978762,-0.164992515740538,0.193964379349541,0.240857511709926,0.72657985464789,0.0479251927543963,0.110831050102189,0.721931997691593,0.503106455322882,0.104876883217711,0.313505622030494,0.195104777711817,0.124894273473615,0.221227213241823,0.492763003330141,0.188167083712084,0.601846739726698,0.411362612266151,0.145207161325316,0.450427837179899,-0.048766367898298,0.00313454229307282,0.41110259892305,-0.0475654118806768,0.167084151009134,0.142095695324375,0.636524557222003,0.359006330281159,0.442473569858949,0.059232964792915,0.18451880717862,0.261026790270857,-0.0503925305031715,0.224631019687016,0.113080208866441,0.360250495039636,0.0633403044322021,-0.198226178967015,0.448909075410796,0.182735669954858,0.637987419941077,0.350882684803164,0.114746861578179,0.144952718417397,0.513978015150869,-0.152947164938792,-0.0182668964142258,0.240507505313393,0.388046762873203,0.347434896380897,0.139668750852676,0.346053725313658,0.400054262528838,0.148714513497169,0.44677141942447,0.403455443861242,0.670546564746676,0.4098014980891,0.554654015860755,0.402527414876234,0.0952069450650471,0.0318569255965208,0.305727060371912,0.578167972690543,-0.186632142870142,-0.204262203580175,0.399505702244685,0.0517846004172888,-0.0479637846917368,0.103695297191298,0.512106414186601,-0.136877267765379,-0.0356636454989174,0.042693900183064,0.200156996058159,0.0114285764181035,0.0387962195180785,-0.227513449152344,0.0697987973531224,0.468380922073085,-0.00723799767821192,0.391327317110067,0.450510194825797,0.228277533953637,0.64420009440267,-0.128933192074197,0.322442087732738,0.429643126135278,0.0229459603304143,0.34205771173294,0.210588556128651,0.293241004630808,0.555094431775421,0.03768325089585,0.360623094655361,0.0669075073180592,0.146947674851904,0.340574999880786,0.276096734870805,0.51028741781999,0.343011468499076,0.201561417899114,-0.200148315659086,0.224882731550638,0.307770799925038,0.298670068911084,0.0177636227144773,0.267511519543797,0.127972590687348,-0.162030116823487,-0.0470333639832265,0.298352877440177,0.251736646252471,0.00493598044856103,0.500637459496929,0.38651942999532,0.363008632107887,0.455131737547255,-0.178044888354309,0.243193173458862,-0.030067411494903,0.0251686437413794,-0.0333043202782904,0.155709330893063,0.162697216537353,-0.107377130535841,0.191315495988877,0.150017149035496,0.0660272525195513,-0.00509142492718619,-0.20951474533024,0.336638461465749,0.33665158008646,0.116720458731333,0.107872475815806,0.331618996119866,0.066983445044017,0.393250179393716,0.346045578992159,0.542539195008145,0.114852955634978,-0.0507605367272088,0.333032674770858,0.234839871616272,-0.151789783880946,0.563982986575196,0.00538759301504384,0.469908863454582,0.399211125335941,-0.207224836605862,0.0964403584230471,-0.0727273568848774,0.142788635374079,0.329564455890396,0.148755271009335,0.293379515304155,0.610273038802245,0.361261876035161,0.0868973504437118,0.363203849655582,0.360282215808145,0.100218149507515,0.109517861767216,0.358184011071249,0.155127172886624,0.716080680771707,0.442415353430619,0.157138589090493,0.411658952537221,0.164899423087871,0.0123279908070421,0.542981797895312,0.651482326230565,-0.00913600139144522,0.0331927515673773,-0.259540240137732,0.326000465183437,0.13598559311336,0.139722624383567,0.326997503665262,0.0213886505992543,0.179503889282816,0.497155001681045,0.142876873439958,0.256822546060405,-0.116254740546965,0.150624187820729,-0.150455453613567,-0.188552478462392,0.291069610969909,0.386539858438306,-0.17038924128287,0.11401395852145,-0.133116188623449,1,-0.422987315490859,0.208127654550055,0.0466424950016782,0.35015544496709,0.129753293887308,0.11427694321913,0.242214107455392,0.570773408485159,0.105535880027699,0.317369033698083,0.691460210161518,0.484345200643572,0.170021608313442,0.172450737653809,0.14815197334519,0.188124687086743,-0.0263765949678712,0.341849954876402,0.307973649652246,-0.212350042650584,0.306494334071105,0.245661902401748,0.521583301520424,-0.162524370048956,0.0170030673738847,0.139834453572451,0.570239162439243,0.283771488500799,0.433022888621323,0.099572106117686,-0.0588164513568529,0.274031858625375,-0.103515644111627,0.15796446570309,0.524422685257344,0.12666269881198,0.45146757165015,0.221067357508085,0.134186217500192,0.340891994339498,0.0240066086618484,0.277656746805374,-0.10190024082381,0.530672037639782,0.563341489950169,0.318458006664224,0.719004083730602,0.341449145573814,-0.129412417395601,0.668424687795486,0.616747173708856,0.207427624953312,-0.18650602267814,0.056385514913579,0.0962622275063846,0.152966913123731,0.251172307739408,0.173260799862772,0.53377343177239,0.661508826283139,-0.000443883942875518,-0.00868258676154098,-0.167155969106939,0.113594434192099,0.306903719443731,0.212990841765507,0.452258659275229,0.0422880040217768,0.543724289778608,-0.0770242173280503,0.152479752933888,-0.150745971142894,0.643993963581467,0.589835341847354,0.221320489231188,-0.0874186655086021,NA,0.361945835822014,0.245397886971956,0.387679657504366,0.500964161709027,0.697994614820148,0.427107425137781
"ROI196",-0.23620326895324,0.159157869336754,-0.0558972190474147,-0.29507766227091,-0.355414885153416,-0.0271324425379735,-0.189928152374689,-0.406171966902392,-0.234018001163173,-0.1417840637762,-0.0236071012296118,0.0596141837613316,0.116820720517071,0.122846521068625,-0.342502751542072,0.123093008705898,-0.320997500565403,-0.219462764537823,0.0199942170491116,-0.2331782425913,0.228803403006575,-0.169008605266583,-0.376198101571094,0.110026592997778,-0.0137365969552019,-0.17120462205804,-0.217212964835629,-0.332644327091418,-0.361060436485216,0.138812361337612,-0.0639481076998846,-0.210055555681603,0.0218710012577943,-0.249190746773853,-0.0809949625384917,-0.166304747463374,0.0243421628236941,0.0915007532248124,-0.26409731673951,-0.00717587426630255,-0.288325746357642,-0.296828410998767,-0.090670757634733,-0.130102047248234,-0.270692600196325,0.0849948175839363,0.153462218644872,-0.121678708447798,-0.0586306921287119,-0.211237169370821,-0.0477786173529194,-0.079333575290311,-0.129523509076403,0.0730566596907868,-0.203618252121425,-0.180064631437068,-0.381692428083008,-0.107705445413578,-0.221377162433689,-0.188982606352584,0.118346837696402,-0.0781999750510879,-0.152148435504011,-0.223902676568259,0.0283654925024995,0.0953104411973477,-0.0759087834675474,0.0604197234987066,0.100186442162961,-0.159606569260316,-0.208943121292795,0.0629918186274084,0.137359090690068,-0.0793809192713507,0.0235033768757021,-0.028397399302559,-0.104967618908167,-0.0606740945822488,0.343343124433165,-0.389695774782611,0.0426972675665698,-0.156001137295583,-0.232160077845598,-0.0915775477963645,-0.377258419675962,0.101290252449255,-0.23955342129191,-0.0958465428105546,-0.131602023190972,-0.258203275524507,-0.155644364781227,0.00752640644649015,-0.362652838933046,-0.00820916504847854,-0.183976178553178,-0.0706252804435683,-0.0155250343766591,-0.208026261246154,-0.152578696097561,-0.205380700941191,-0.0183624332896359,-0.173952636752246,0.00403755772534434,-0.00751721061655847,-0.293446304949062,-0.287189771867419,0.0496916110939027,-0.163895783900703,-0.0564821053676861,0.0805651117879072,-0.040976115660727,-0.128779808425315,-0.0559889608542366,0.110770208132141,-0.310904107750157,-0.269834160540837,-0.177262731809976,-0.0607078354429687,-0.00732510808389031,-0.156405166948287,0.217853232695749,-0.00860386197672107,-0.00369502263078108,-0.057548241893054,0.0505975577204453,0.0845147462857061,-0.217960020471309,0.0405794124712649,-0.164728009019703,0.0876344520344319,0.066951303253746,-0.175875548567767,-0.203679473229641,-0.0892130206040453,0.181524511148944,-0.172120753475251,0.0578985416536521,-0.0775111587427963,-0.229532970801347,-0.214067834319493,0.180717544382586,0.0367278430176497,-0.151243147712039,-0.0357857036332509,-0.0571612628125929,-0.255435311563678,-0.0116730243116324,-0.318969579280964,-0.164412020009189,0.211272465616756,-0.0969649752192216,0.0963996693990982,-0.126423438194169,-0.230204415509894,-0.00451076923256746,-0.171588912808107,-0.39405134267945,-0.185468738505102,-0.201387666476613,-0.20258874002998,-0.100859291058155,0.110730436710246,-0.125109325471581,-0.0733051341171784,-0.0505938376371533,-0.344263437612881,-0.221631392552282,0.140065145591746,-0.273500884186348,-0.121946512339574,0.0180823568383242,-0.352573263931548,-0.224959258328918,0.0989833767949776,0.106491488936947,0.083587875845879,-0.220791399182847,-0.0672179290064177,-0.106357929690672,-0.0985437545998572,-0.188425255853533,0.00685883906489192,-0.293500304420008,0.101818274892487,-0.295276903505379,0.0798749499127507,-0.105998412949855,-0.0427852582575435,-0.107200112475585,-0.161248223795453,-0.181423925869314,-0.0076407156280948,-0.0523091605720949,0.038666614323944,-0.422987315490859,1,-0.217626364370403,-0.205412502072814,-0.259758839318375,-0.024475262170072,-0.101324338236756,0.0612032034622406,-0.323786815911098,0.0327108899609168,-0.115231387023084,-0.314735189136035,-0.230036651386866,-0.0912538027689736,-0.131210126198539,-0.216506691041189,0.0641401064534066,-0.127534866177856,-0.249502407468803,-0.225544473723046,-0.0698413635371744,-0.0896704526607844,-0.191016102141013,-0.305920610371445,0.0997945426102335,0.26523481107154,-0.13636664696017,-0.400425612292274,-0.17157324550817,-0.207595070960643,-0.0674828859860238,-0.0165101056123911,-0.115897294854011,-0.0562382769749813,-0.249183945766232,-0.226949709843579,0.12501900145844,-0.276335372171527,-0.184101644792647,-0.218958272517132,-0.210457804618424,0.0774349629548829,-0.203014135140672,-0.0183095780242625,-0.224892058219276,-0.3772453994132,-0.154793510100775,-0.378331106814824,-0.216305681385718,-0.0960237177209078,-0.29600163007886,-0.32458382566131,-0.162620699807499,0.0192147465878058,0.136355332989015,-0.124390148075935,-0.0873249581995801,0.0673504261891531,-0.26509497390293,-0.318979107848474,-0.385377892107558,0.187777460579585,0.149395100902071,0.200995082181392,-0.0861837672630636,-0.0269172582173193,-0.0233244402074091,-0.286710258624223,0.0601528433979299,-0.244676758938618,-0.112973403699472,-0.189678300227549,0.0375505297861968,-0.238221564776854,-0.216427494614478,-0.171791586267409,-0.0892540930200735,NA,-0.117212343608973,-0.0144444485121919,-0.20574548685366,-0.211888224541753,-0.356415170474941,-0.294804580336991
"ROI197",0.0986362703690551,0.243987561674962,0.234010093799326,0.5958877246832,0.244540950914074,0.220571370428912,0.494872254912937,0.388611626589331,0.365057151097138,0.407116312204388,0.121873740149994,0.252817473192728,0.0378658375405247,0.149399511985268,0.52667225253993,0.0242829505453042,0.377952813584902,0.474876357723549,0.177827451035377,0.0949302160106554,0.0863144354968869,0.185207169813877,0.493904092864668,0.278302198720266,-0.0165801494127853,0.364034782855609,0.213452059006467,0.587673790661824,0.564410680757793,0.112771955398589,-0.0114055234197895,0.451270991632313,0.244450960394866,0.466439777380834,0.372960958035646,0.50269336003528,0.244761512457713,0.183877526493412,0.490401787599331,0.469412505659741,0.163083048317163,0.459469949011917,-0.0175315863387034,0.39651776616976,0.422098334683821,0.237288254375669,0.106523307005352,0.4665163462182,0.228985843251238,0.495287549289566,0.373285776039996,0.0973493129528309,0.373197530585648,0.144594842380576,0.507022619283588,0.341480680352855,0.415856801922276,0.318787603753334,0.21095773318043,0.420152288609377,-0.038596189528118,0.408017956048078,0.467404963495302,0.287476198309476,0.0147066617330283,-0.0713205182494996,-0.040346476311025,0.0401580959139082,0.276384062706127,0.190388659100672,0.352342365734745,0.294535765650329,0.099467733329116,0.250119543111214,0.344093880104629,-0.0284772859759811,0.30547153654396,0.256518860958409,0.17169070068446,0.547996442362021,0.168094494303436,0.000464868681204106,0.13312702935294,0.373335339403873,0.439430639759725,0.191157516271169,0.276784261668249,0.00983710026496376,0.301851447249547,0.00949307867290776,0.242198467973602,0.0799526321226107,0.396089568597237,0.2166926874218,0.332896587986402,0.279040067986194,0.201547935269533,0.165827252244492,0.102970657704576,0.142289876529135,0.0973226293243185,0.425341449638207,0.336179222218324,0.220017995452067,0.501938164572057,0.56802515392812,0.319371855671695,0.456483510735697,0.156830908836346,0.219449109530102,0.128211766252646,0.428242050384701,0.350301206284575,0.0749566642788073,0.430319786229537,0.394153846448191,0.32865569232455,0.292518920242767,0.13758123350734,0.499168144815242,-0.0641946887515853,0.470600279973524,0.17851045105854,0.482781928060566,0.183548431163677,0.158254236052824,0.254671326246085,-0.12120611242188,0.0872853755328512,0.309634841040952,0.185688157691521,0.510080027480889,0.278006914888871,0.0559033190888751,0.126200912625808,0.443786588758548,0.169268057847011,0.284239401561952,0.433777285920681,0.216133551052033,0.0154292659061579,-0.0552835085711276,0.43936939348243,0.193996461342156,0.626786866959305,0.302791612675554,0.487296666136037,0.471453040892742,0.0772449684181774,-0.0247758938111764,0.304993462461328,0.0526058718384214,0.459715102270874,0.482628090926392,0.186793891935188,0.376904036632589,0.535979871292439,0.224377951061783,0.100038673253367,0.549649210059544,0.156493017709691,-0.00540731037301499,0.327218802421535,0.377582108247168,0.275833581323557,0.423438362802872,0.286038008024146,0.209679054356855,0.449167461268183,0.4238530992636,0.388322095663197,0.599117373033143,0.154415201325792,0.0993117358670702,0.0850800764368867,0.00521261329519722,0.630209202880927,0.198669798635338,0.433507746983408,0.393674271290477,0.382164251357607,0.407869412918907,0.48180328185176,0.174799845623989,0.633479641170874,0.372799361824488,0.47179006955174,0.265551190164291,0.499536801821489,0.436285923437356,0.521725996865324,0.497062976236002,0.376373254061113,0.381147173490443,0.208127654550055,-0.217626364370403,1,0.434148316591259,0.43346722553447,0.493890380340114,0.349928837581696,-0.0433662868928026,0.446448202246229,0.206931273807034,0.45327196936738,0.403516484566058,0.191445977967942,0.439410058771032,0.309796859004024,0.552249541547918,0.195428901740414,0.579025818547307,0.496125145907342,0.649744858489073,0.481518548892074,0.271432355444087,0.565828967520546,0.401986187606517,0.0556115565409428,0.170251409652746,0.41405392059321,0.560730392804056,0.450146735126102,0.464800658422695,0.425526126328567,0.523905373247253,0.430297267972145,0.481164627104521,0.667605400536748,0.377991509258839,0.0942409100793589,0.508470170673044,0.406658564761777,0.49331697280203,0.492685441389119,0.228272165355169,0.355208911014945,0.332381140161005,0.279431570500732,0.449391897297292,0.367760097010037,0.396553885660878,0.359869468273761,0.250127695496899,0.310712173044089,0.358633612335132,0.53865348982157,0.480459571631183,0.139498157002057,0.649317377370569,0.392911789107187,0.141059022982946,0.56296467259956,0.391979431351043,0.345466016901152,0.0958388174074726,0.129057434376647,0.161100923289795,0.411028668542559,0.139024874626144,0.289742811624779,0.528657675927799,0.0742090801877325,0.348920473487207,0.177425335557196,0.395315824262161,0.440686134981967,0.365966041786189,0.160437081919852,0.372259580381896,0.266941765986952,NA,0.259171042906802,0.261027854994727,0.573661158962651,0.101065408001091,0.286199320686227,0.571393080677473
"ROI198",-0.0135154689836437,0.147073144059991,0.036043740150308,0.417261700081211,0.155421051513828,0.329698325112371,0.233783377878019,0.303136289118519,0.0595428200945642,0.388684537582758,-0.086553418501633,-0.0494286563251763,-0.159300129973279,-0.189908180545038,0.378631898265445,-0.0790318100031348,0.105438983428078,0.329998696258299,0.0167086927749839,-0.122385302724503,0.119407173553295,0.398319580288357,0.46892433879205,0.280077888883798,0.0695319692470149,0.587522211921913,0.00519858458438187,0.375025956917959,0.269638624227008,0.0485417622350644,-0.0634501604596247,0.198092952611074,0.412485023839357,0.478393501654564,0.365826221593139,0.228459948487691,0.0208636754184901,0.329206068767585,0.107771549661006,0.134047507388863,0.0169236442225171,0.246812810267277,-0.0561697625232775,0.448735766101964,0.284640262251386,0.183166195391964,0.0471322499814244,0.194698674732899,0.0947671187351617,0.349551140742877,0.365668194437857,-0.0594946538191372,0.170114528951681,0.212216508240046,0.144538110344267,0.253632634346568,0.236723419055871,0.0588954657226303,-0.074829859333238,0.127678425409379,-0.0243060383156958,0.643247989040426,-0.0389956070540457,-0.04574764673081,0.369207182848197,0.0414909372217007,-0.188783866582692,0.1179958433812,0.328816503192203,0.30771069830854,0.152755753717567,0.269682304244953,0.0188899862528927,0.284101635027488,0.200256093986249,0.0364092770274741,0.490521964552749,0.367985537455272,0.051671552871272,0.269360490734665,0.203714044687833,-0.151779290898301,0.0773945626735365,0.308094215343294,0.194173368729546,0.325407023038257,0.391073334364441,-0.224562212166289,0.535644514970062,0.050773347398138,0.0533810665933411,-0.0618134069237771,0.212496956848925,0.213931457256255,0.133025361640207,0.358334910540311,0.139164693200723,0.155826823756921,0.166958514124611,-1.19986581380496e-05,-0.242519852665851,0.470243524497001,0.45691094869779,0.161256041431164,0.267526272683861,0.35085854563724,0.198580944833257,0.267540136569833,0.0500398147769643,0.282886447199737,0.0841158239423411,0.343981518109173,0.0224006749428139,0.151284986256873,0.268916526741751,0.0538278860858315,0.233779657728726,0.016074772394895,0.389412033076932,0.286953487465925,0.0499185394169507,0.420912564677357,0.414035903644739,0.0677991679593432,0.112017011841003,0.207512789086418,0.264017374336242,0.0440552278207444,0.15256454636668,0.195278284422882,0.354675187699271,0.212525453119383,0.271601901824215,0.14184477948398,-0.0250460476318218,0.287912739195465,0.089493186884442,-0.0657959439840951,0.104655484560869,0.0126256628644021,-0.0202270282326177,0.0279060218455576,0.0573563001739158,0.0151984010043132,0.562363917961946,0.131658557945732,0.388471195136951,0.274439452070093,0.0554624600758829,0.185027971661412,0.266043010560759,0.213101160998157,0.271017436020868,0.456651464341599,0.06229419694856,0.206591968543473,0.379174666160845,-0.073426055804987,0.109547152836296,0.229934862330869,0.122560555020606,0.0329423393388411,0.374444071742305,0.253697503465653,0.21154419178832,0.200670418629397,0.225981079329517,-0.0315137232655441,0.113005547859202,0.236079249813804,0.245520794444132,0.435708359361014,0.109989770085388,-0.00202785780795412,0.0359103623944249,0.139792181967678,0.15631844596995,0.151855837002925,0.335496029667389,0.217620519742656,0.738388416879996,0.397277136950351,0.32465802425429,-0.0155255070180251,0.393681268212947,0.436908812186184,0.292357381458328,0.53394625381554,0.685257072455754,0.203493412929439,0.287323755386349,0.629860231561806,0.41497804322043,0.414647516191852,0.0466424950016782,-0.205412502072814,0.434148316591259,1,0.397740190539279,0.264028785351902,0.326514767754359,-0.0470568920890438,0.183863713612287,0.200973252511835,0.211469381953054,0.191587908937867,0.176110187410369,0.283898281056231,0.176226443649326,0.725922236152457,0.0589584443486106,0.722522252066056,0.414543751123256,0.269189678579838,0.618174795506654,0.184349476266022,0.353217575110333,0.328499822980222,0.111220076789751,0.17960840075286,0.46418872204689,0.306192562160849,0.19909138768252,0.261030225269246,0.425206779043416,0.419956240568628,0.268344170872645,0.59543895564154,0.643613110664773,0.166982160113893,-0.104029708014128,0.231103687286558,0.39724444968264,0.68504098440882,0.430876964523699,0.173004667045529,0.408927055699667,0.656885379007408,0.106789932294575,0.117931088603118,0.254861835104618,0.210987697411425,0.257810803341833,0.489302306623486,0.192423102980853,0.184744620491626,0.34531165830703,0.578206079036095,0.0367333985527305,0.374475314107251,0.23871776162919,0.235038576080714,0.296302364332064,0.39679372930531,0.174140420474628,-0.152571807270059,0.11029706372598,0.230335137552326,0.503584728301763,-0.0858038593205785,0.128902799265364,0.359868252344759,0.138429595828144,0.375486060763461,0.477092335368659,0.38062959973892,0.41909976846061,0.229224104576357,-0.053885924931704,0.390591151349797,0.551621161675724,NA,0.202042221495231,0.015635964578,0.305830407704002,-0.0284645842153369,0.133265052515327,0.389024001508227
"ROI199",0.146244231172864,0.00116980265714188,0.202723136038989,0.474684779233482,0.369932941199027,0.172314026758875,0.43902710059165,0.500794559994605,0.211902928586966,0.222588883416535,0.153375565415762,0.145102570620331,0.0611538800492516,0.123952221575296,0.487670013518828,-0.0255610849037969,0.425184965827259,0.413214840348352,0.0764205162950676,0.175965739306072,-0.0322246106914013,0.255419482947161,0.473356380974256,0.101657189573282,-0.0143526022999255,0.327640058743969,0.3609443870494,0.488417735233217,0.44076345648557,0.273980161838737,0.0819057877744908,0.37848051085336,0.195183491036203,0.334001771381836,0.339745571069918,0.332017782992045,0.0957874264205216,0.0503375744875264,0.405736420882964,0.281772358646927,0.15199175858923,0.578132616572209,0.202746390397404,0.351080085996229,0.3414679610959,0.121361251787988,0.00770089044867134,0.429460596971589,0.273539835837228,0.447811462956402,0.380170109860976,0.241818289758279,0.386005626884551,0.211490251845212,0.447107549944992,0.334627698570055,0.380203828741934,0.581434104509417,0.240245058855766,0.29130727703109,0.00286272579880155,0.347896991052212,0.312333953700052,0.262854041589468,0.108364961007101,-0.158374400613924,0.0643607403345557,0.171553424862245,0.168113559774951,0.180083791008561,0.436307302576575,0.0100220807186548,-0.087798849560069,0.414204175970461,0.259999185666986,0.0254502141017413,0.443120222271474,0.0327814106195259,0.114355041325637,0.39841669772718,0.220828235222238,0.0745726284119499,0.210588581518189,0.283981524662205,0.409295063521598,-0.0126292506590564,0.294321538786864,-0.00672415223864033,0.394654155924011,0.129844551096493,0.277463210179686,0.126954639949897,0.400192675234174,0.0514789736973661,0.274162708166054,0.143788739172869,0.249455530627741,0.305143649900399,0.312340603676363,0.316058106717462,0.0159918869440639,0.258039027716867,0.0289695502399259,0.156368377783691,0.365924537531571,0.405645614742913,0.12838860869764,0.322541024661775,0.108104991250322,0.0278525995349488,-0.0138991467152691,0.455162019881206,0.226116512015663,0.163969985074382,0.450962780139908,0.332871627894799,0.30457864792305,0.186297636849166,0.171290978772129,0.343964190985298,-0.0573951793798391,0.387684175111602,0.277072776948333,0.264046393912269,0.189310094706166,0.0289899578056002,0.367997750358228,0.0993637124253918,0.0125139096053237,0.109041912067422,-0.0111596991025189,0.416693919557863,0.564786089512634,0.167108115839844,0.0875001482027519,0.509026554335414,0.0602724113352936,0.328627770632636,0.374092523151876,0.126694442063066,0.024717864346661,-0.0713253470041595,0.183923329893764,0.403700108419452,0.236621349421652,0.145152981866556,0.236648246450672,0.379122996222178,0.271816638943067,-0.127757291601107,0.362514946950244,-0.00599405515654461,0.307049152155705,0.360521134224951,0.118073226691446,0.424702568440396,0.422396114971865,0.167566343918013,0.00675907462691684,0.281464223365023,0.250543065826545,0.0126668369053437,0.417705752699633,0.208641793522708,0.237290400873905,0.347246501184919,0.313124215003974,0.20602719788609,0.456587578562564,0.268475691536068,0.22122289618766,0.432823290273037,0.314034133878395,0.0405742831187872,0.151051390885236,-0.107036292894705,0.318313859651864,0.420307899317145,0.185898322365618,0.335831948461621,0.384505050126564,0.291286275021793,0.47551008472071,0.0970673640068499,0.453859972013678,0.104785750170689,0.270907671118374,0.127720612786038,0.332733593497834,0.32063589948801,0.55917671118002,0.163404542259716,0.155061195237838,0.0874768059803264,0.35015544496709,-0.259758839318375,0.43346722553447,0.397740190539279,1,0.229818201537947,0.1220731033996,0.0348490376891644,0.267686554507847,0.0834670758419472,0.340644991088647,0.356323258414961,0.447888236605028,0.442514177169089,0.21049123174323,0.405557115907837,0.177538413353043,0.364778350783474,0.595495489490711,0.374803967533447,0.211446383230518,0.374316474064805,0.491144906717736,0.386884511300984,0.0756918844524787,0.18831704951664,0.18601655678359,0.448291616324713,0.354865598373975,0.394742836790201,0.347433256069726,0.136890946056469,0.442023296409104,0.161702375051977,0.445188987099189,0.432457977324333,0.053667390227096,0.269103148523137,0.315515070567239,0.517885884532509,0.401709472334165,0.0650174593553294,0.260948966530778,0.149555564854479,0.334640241990397,0.294242990886231,0.305257704986016,0.365577377924705,0.366160455634826,0.512139939727851,0.45188617196808,0.425100250863489,0.285706379906317,0.219849593784844,-0.058895815057857,0.315716099190551,0.175410393778459,0.167534569844368,0.343989958322387,0.332393777559468,0.287245522796503,-0.0732995021650915,0.00903431053965881,0.0274819622587032,0.119905098626698,0.0647474481600452,0.352687857573743,0.457794820708205,-0.0529653165402907,0.454562282002653,0.237231722917344,0.531598229504667,0.162956876755191,0.450984969650519,0.254497719766684,0.3612285835239,0.235159772743305,NA,0.300139284391167,0.0812229861696392,0.372844742523583,0.153567935876859,0.33044856713804,0.45625399020574
"ROI200",-0.0106393637195401,0.426065309535138,0.468103933875266,0.292586847456674,0.0935129840020724,0.374324832451879,0.185866246922826,0.112795878062304,0.267328823944373,0.350807125596649,0.1447788962828,0.326812560458913,0.0142052589480788,0.125429751987564,0.307774711460938,0.266519357220597,0.269426572946912,0.340931917495158,0.18928076592024,0.165585505899395,0.431968952728553,0.130831721607194,0.240566277205509,0.581747071246384,-0.0488141831129033,0.190002657469837,0.142173581431023,0.281804386015154,0.301872546390761,0.077402754893289,-0.112619808388026,0.413145578733668,0.333809075712467,0.302305961204341,0.349145044600679,0.372843979559777,0.576978751465276,0.202630167132003,0.308493003349156,0.567821724756925,0.0989363868475799,0.240229072729791,0.0786784448516775,0.347552410989937,0.384948753506997,0.502411795678661,0.383475342436415,0.455055838306263,0.251223044932712,0.331845251730173,0.479369229450833,0.228672746603083,0.223709815962241,0.413131610954678,0.34381899420076,0.299895422249132,0.156698195039731,0.173432736571722,0.070447315022372,0.316110291066732,0.103732566274153,0.377049643120463,0.228829843881342,0.0208228700602169,-0.121202077763318,0.201141813613704,0.119302625829089,0.0668597589598584,0.4487935609823,-0.192056323198885,0.251590541340994,0.43028229262475,0.227494367608555,0.216346862197701,0.396449773605694,-0.0618901205311606,0.159119501696574,0.335051229204601,0.310347664295101,0.157801751299162,0.349922716770486,-0.0208752432611385,0.0845957750843556,0.294724336417831,0.13376737022436,0.34116184490844,0.18908861420808,0.0771122508954612,0.126089244366648,0.0196188369586015,0.316779635261006,0.338683640565616,0.216954048145189,0.411980267906255,0.245905717873623,0.265885215336704,0.140325539642002,0.129096310761378,0.165943399050446,0.156053239602777,0.249121338828404,0.338586487272055,0.281275918881667,0.299783228692946,0.344026209568057,0.289510440945885,0.42562874573399,0.309591864699561,0.159783182298239,0.398364098940625,0.106438350150307,0.151570135845838,0.160241471301611,0.0816999836959706,0.323428232492213,0.113913015760792,0.154273159945937,0.352454739808992,0.0816323703946019,0.309920651514091,0.0512142807797065,0.494310994012109,0.167973182583413,0.475984700612725,0.34936744740004,0.237962068785494,0.134229106161863,-0.0625214254611408,0.096227074662331,0.453942121943603,0.375462916096197,0.313783793700318,0.045578262916626,0.100298463947188,0.426990415345532,0.318037792931697,0.26940449062428,0.293304665872443,0.247369414945035,0.165913636608151,0.106639163494217,-0.122446430735125,0.423569652627837,0.23852532592034,0.48454164157185,0.367093573719542,0.585174008137438,0.261393715666748,0.0474345036823312,0.0966524041529675,0.348100988904544,0.343505369336057,0.284841991278649,0.33553066878827,0.276210639493386,0.166991887932407,0.258934615768843,0.147149860276418,0.0851237478757014,0.482562325251957,0.279796130617888,0.122198158476144,0.35310684299466,0.408936880455395,0.136202779970946,0.252301109174921,0.194944969755769,0.180790007487265,0.312888469703745,0.5801495865126,0.665254613834359,0.294198653072302,0.0775425113914221,-0.022648320052117,0.137797302165515,0.111458465807311,0.556970250594472,0.227557218823178,0.513927346963153,0.42548453876707,0.210531173732625,0.607756640384448,0.317961755709645,0.249313818172289,0.345034247507581,0.616888537122213,0.511079740491142,0.376881628169506,0.525149189554143,0.430546046622357,0.407205218589496,0.569834539744466,0.584558038002199,0.649872109362864,0.129753293887308,-0.024475262170072,0.493890380340114,0.264028785351902,0.229818201537947,1,0.45857715310383,0.0499537679435411,0.134926040314184,0.500148745222508,0.259253514593183,0.138618542675537,0.11452740158163,0.338159821597634,0.250819818022431,0.493976150524271,0.319743200018721,0.543781604059354,0.276304440179746,0.490504513398627,0.39247269401486,0.207581922843277,0.415783316736348,0.286445908530439,-0.0132131246971927,0.182595494178955,0.432764558468388,0.308468859903453,0.318703623200147,0.424509797196636,0.759134350759914,0.696043468936783,0.326193346288515,0.489049834827288,0.437665918562919,0.376421153329948,0.0810982603910257,0.313382904256451,0.37594445278196,0.405389363936363,0.329968663223185,0.328992616046686,0.185638012808187,0.370371853172078,0.366233927310925,0.0511589482374869,0.35943745652902,0.133664803380584,0.299446504339337,0.140933231662474,0.195125163916991,0.171120244000407,0.381956990643623,0.612510987364122,0.458484585341343,0.46981827426551,0.543714677519517,0.152375914828691,0.374117717981296,0.199397928764694,0.3497169646614,0.215596422733196,0.257120619176743,0.582199585360845,0.550825115389054,0.234965583556517,0.247693167201982,0.37098915013642,0.0739374431865478,0.201346667585043,-0.0413414407573078,0.237059624550626,0.740058049919594,0.26758563233943,0.0130008296435357,0.232464413136844,0.351197014458098,NA,0.267738575879641,0.634065706124872,0.594084688117837,0.193762201292379,0.152129334491198,0.320620450833474
"ROI201",0.0323625070222753,0.509432161462844,0.154848119593337,0.245827544202177,0.0922242370677764,0.433174555646117,0.0470623612262798,0.193713223141248,0.333826733060548,0.340448219067529,0.123318133148761,0.289479258823084,-0.0125891973136635,-0.0411983166586924,0.238416622092969,0.355114231206825,0.219483883534045,0.289224816298689,0.11614839443112,0.18027841009473,0.316006739403953,0.458263422339845,0.234097985790442,0.460888005704246,0.0967207216742127,0.253285101829867,0.101397407963058,0.247446293788064,0.144129901299949,-0.0333919231948871,-0.114483049454184,0.264368548659329,0.606070408593675,0.266322904780602,0.609208883518585,0.443900798704709,0.133068738308323,0.275622087125939,0.307231256917152,0.474001752054701,0.229789457990627,0.144451806610674,-0.0874208004182755,0.411314466218579,0.386864670569336,0.505644436961706,0.36849183833047,0.283663946784893,0.265710689317626,0.280192199032846,0.322841338663964,0.169285931037711,0.191879415244004,0.150693321529459,0.192228848864724,0.262183343597767,0.0630487149062466,0.0483470284576348,0.071207893232453,0.363975702593885,0.0197290516885178,0.454008853763813,0.188409089145644,0.0247079255036973,-0.0796903068757503,0.252034566048891,0.114917481868135,-0.0259933384546894,0.208498700835932,-0.00641855036276844,0.186761798571005,0.495580231322039,0.363518199714688,0.301066331095048,0.4065078895962,-0.00566758118484684,0.248460999919326,0.37441675982555,0.152397935814959,0.136550234240811,0.0911350480927918,0.0677225984434265,0.172385588838048,0.363272611064458,0.0549392510391613,0.573618795421707,0.41392479695597,0.176411274397923,0.190879942032483,0.282359665288626,-0.0411468662326343,0.271127882932942,0.246363769475564,0.541740889213577,0.433225255680239,0.410674487817924,0.081544466495434,0.0408782531431823,0.0903308960699465,0.432571609092073,0.148210071350483,0.50187056912278,0.158023599382676,0.229641676298146,0.195668077299392,0.272414357350994,0.500588166679876,0.269751138991031,0.257451336501356,0.491803712736586,0.348176080735188,0.257012982002531,-0.0255653724279674,0.163904145576574,0.283425096265422,0.190295156014616,0.241336032225415,0.212509796710182,0.10431163797044,0.274460047597793,0.123877542230457,0.590834519492978,0.163293457675614,0.283891814935612,0.499526516633501,0.442692667312975,0.143575497945868,0.0596679326038666,0.188274414611049,0.37342722420186,0.362115941633741,0.273032388201743,0.0534569306398566,0.433559345737776,0.367986756906523,0.347348798166712,0.119202451868611,0.139363015525951,0.170233846877684,0.206481901865778,0.0232620154867824,0.019885363702132,0.525252994379211,0.0422675801777126,0.393882703103528,0.384592960924285,0.689552659597728,0.211936930256485,0.103336515749951,0.134738690753484,0.207794861488444,0.451742170456044,0.195379194577704,0.32225669139649,0.229490148633455,0.176846181562567,0.255211572549004,-0.0508972208160062,0.275402475649628,0.585388480753473,-0.0153011721399232,0.348872589503342,0.383993979565684,0.235582552785255,0.164320416515337,0.342762298134408,0.174801099313376,0.0624847707664014,0.136306770325602,0.439150119969412,0.24458987994254,0.30469059942425,0.18410344193622,-0.0279710243657686,0.167959912168382,0.138017837926565,0.448479658327049,0.126873500009671,0.52586533699525,0.212518212879297,0.232234402563549,0.201961479321357,0.248547383863448,0.194967632163525,0.225827040849605,0.367585223842597,0.449736141426665,0.377134188244677,0.425760085256649,0.359875730423183,0.276381886917592,0.456764800860181,0.615931218542216,0.685697821151196,0.11427694321913,-0.101324338236756,0.349928837581696,0.326514767754359,0.1220731033996,0.45857715310383,1,0.148526641744678,0.268030230240851,0.511345205555386,0.234623396289635,0.140864681712047,-0.0148691911711441,0.265315657247615,0.500739743711209,0.452610787583247,0.185474442657808,0.571047058427251,0.13398790291629,0.398450979238159,0.357729629895102,0.142178994320496,0.266228635296096,0.253422749626003,0.195609478212474,0.198350651892091,0.59179291315429,0.346291544091918,0.299838326037956,0.306552694272357,0.29645180064508,0.609832525247359,0.252117718296749,0.325110012997011,0.452299374689269,0.291791912368326,0.100832557559109,0.40492872099404,0.372121295126529,0.190545993156444,0.346719334523998,0.405889012918806,0.196696510027891,0.529119359432368,0.165531763884265,-0.00509911671810768,0.339587224625941,0.0946166622238773,0.344080291529046,0.0977869913975707,0.18777482645869,0.239873706654466,0.375319033833968,0.457967165513942,0.477088080404433,0.457242243610864,0.308311389545817,0.174300853802483,0.237742329048604,0.176901815756424,0.206764154848161,0.243635820686089,0.304193759347873,0.498962249800988,0.391925721528567,0.0469024331869801,0.0383281205119194,0.232353148595011,0.0970460974998196,0.231210436291562,0.206368204647683,0.140022710012026,0.465830190816227,0.214855646888066,0.0580980574393256,0.307422387834251,0.2370194829173,NA,0.132590972677023,0.340953448681796,0.370646467566924,0.259485091326212,0.00983219970935533,0.277742481374863
"ROI202",0.078357609592867,0.0285362208894735,0.0293164052698799,-0.0839209402955502,0.149680819616863,-0.052229289887222,-0.16153960369346,0.177314487458621,0.0467063722646464,0.0646550280132756,0.116557743221881,0.160994068599074,-0.0514414340279978,0.0430166004250826,-0.0978524782592513,0.248441081039029,0.197536965714961,-0.00358862930003631,0.0339100642025293,0.318408625107304,-0.108158742983084,-0.0124510059252476,0.142879980956482,-0.118809666177492,0.1680152844992,0.0516695672521954,0.204418134100101,-0.11792900693192,0.0131392129899167,0.0826804412175727,0.0755075850597734,0.00286823356175311,-0.0394849211278002,-0.196301001313318,0.184032575233233,0.18690744615717,-0.131391031806788,0.114227412173717,0.127858124293123,0.0107750862070799,0.256477507946171,0.00708540092579939,0.0424686542579636,-0.0798372225000801,0.141972955138806,0.0843250992034666,0.0771870497148174,-0.0745589930002441,0.151267649242749,-0.00284037281255469,-0.00791807196076276,0.272259426435045,0.0727136608800809,0.00542495238372522,0.074904191409178,-0.0323349481808386,0.13407118570139,0.15554599390232,0.277039121083544,0.142482667360042,0.372387105342227,-0.00591366714284629,0.104486184852697,0.111275909010306,-0.171530455553043,0.049101819844528,0.29498311408354,0.0750047859734829,-0.12748069976664,0.0433380635519723,0.0118461593030816,-0.0567274466662527,0.462009303038822,0.0910099833477861,0.106612940189699,-0.00557648699390592,-0.0421310754956919,-0.094224053654105,0.176463099242755,0.0594492255255125,-0.105875390234508,0.147705391534437,0.188832180500286,0.0256796952262528,0.0897216683232019,0.192426890786629,0.269633406312659,0.288273032106823,-0.0348401727210731,0.254741274609438,-0.091648604825036,0.132010211377591,-0.0901370246296637,0.093667928583176,0.240618297874745,0.181585644031325,0.106266227361182,0.0884703197501838,0.0697413016200522,0.360824496353378,0.13142536850087,0.195097792155246,-0.0830090330199987,0.433014088316821,-0.104364046751237,0.0375831609761445,0.0513077595544246,0.0610249131343949,0.125171745433744,0.179959615669958,0.0571226195975308,0.167656397659666,0.0472612406195961,0.0924123493338095,0.081563063701762,0.0646841029228882,0.10221855904657,0.207068105652885,-0.129475751009557,0.133346977262446,0.143245932545439,0.0927036855290193,-0.0836203131443244,-0.0954462594192807,0.102692846353377,0.15153410248099,0.0597814713566853,0.164404116040292,0.0553402133898627,0.169344940121641,-0.105204028982859,0.00780626497467602,0.0506899017721381,0.182873791313299,0.023070419012135,0.0791095943261181,0.160189754624186,0.12617331460465,-0.00293151207689071,0.314674687654309,0.0987990737805872,0.217806751964997,0.280284744559633,0.0418978751772306,-0.0615701250434746,0.180661890306898,0.139162084595224,-0.0135670258281932,0.25339235968386,0.223583994632736,-0.0233327413872319,0.143878631566987,-0.030142648667709,-0.107346665285653,0.0873698014661671,0.0364892283567426,0.119086147251842,0.0204981012640721,0.185323826017512,0.217970413635717,0.0479653186441214,0.514264132283467,0.16059275106711,0.127217318317043,0.0244667434364077,0.21690319086427,0.0624838194347144,0.0387265602907204,0.0775270122603727,-0.0353801136657203,-0.113583133495261,0.16310939060302,0.295821642865904,-0.0103384875797062,0.132605404288421,0.0156970992380955,0.118084838589727,0.26164244043711,0.18420066734921,0.153685112232871,-0.0680207909564851,0.0285289323408102,-0.0534838488164507,0.165298745454462,0.00297681449545438,-0.15016785732947,0.1229525665457,-0.00279696066091689,-0.015290780108318,0.032909027284288,0.0127912868469831,-0.17338439009447,0.165705094708821,-0.017153899281555,0.242214107455392,0.0612032034622406,-0.0433662868928026,-0.0470568920890438,0.0348490376891644,0.0499537679435411,0.148526641744678,1,0.0874095424287693,0.088669693583417,0.253791253963754,0.12415451303575,0.114108388998382,0.0387574292044609,0.285699659485452,-0.085669276172228,0.134797523924723,-0.102436214887117,0.080751269824337,0.115060758479201,0.0541623280158952,0.130025283515213,-0.0103255493848258,0.0295411166568273,0.162254958590742,0.196783810363609,0.137200145279562,0.234810460712698,0.061127962286395,0.0247264448865823,-0.00915158384627344,-0.0248802117001583,0.0664040013329857,-0.125042690280245,0.0240458135502396,0.115852049554927,0.455716483559094,0.224680429624994,0.0864745729617612,-0.16631645785791,0.279996550051234,0.355821218828625,0.0776423047703004,-0.0620981327132716,0.103373303667267,0.038051936925804,0.167484905458854,0.102411869861307,0.0999581188217384,0.048407746219312,0.112873683471997,0.0342391311616259,0.170016280113398,-0.040126322360817,0.112720092726381,-0.00475040082557833,0.0196821337941988,0.418866549054163,-0.138919186720329,0.0309172295506924,0.102500560868692,0.340730286607724,0.0591268948518079,0.0116306975250055,0.0370390110374861,0.249834362206954,-0.0321529668553598,-0.0213652374370026,-0.0250541163683684,0.094965297864257,0.0507228095195697,-0.0703902205684468,-0.0302919038588022,0.0562463018447481,0.131565386606092,-0.00117813070105197,-0.0350066806813966,NA,0.095294477935459,0.156521185704478,0.11184483519258,0.360391244339119,0.0439545891527486,-0.0537146269676543
"ROI203",0.40475493215658,0.0670693387620175,0.0261202108092689,0.321499518836774,0.42635963162257,0.174760795926506,0.26207966460417,0.63927145655969,0.694774659897159,0.239886857052454,0.111647826915229,0.245556949447871,0.10739457377732,0.205379940519451,0.439104403379596,0.21208038893983,0.387749751296928,0.340250633178675,0.13783100346748,0.240993346396837,-0.0410789020741634,0.0972273792357047,0.322085027811466,-0.020277574868941,0.299218634303508,0.300150356671191,0.486186682958233,0.378316644775791,0.45427720305773,0.065614587868474,0.236819947723666,0.196451422326395,0.0624368264513218,0.381010138067891,0.212383887332282,0.486652875208542,0.0188298080195527,-0.0493359357794967,0.536794526742829,0.26988964086816,0.660554565140441,0.431785602286942,-0.0769618084346885,0.248520973803172,0.453239156332005,-0.00703065429591794,0.0187137938206735,0.326995824499657,0.268000540770825,0.321382461265711,0.179369211771835,0.133518041274829,0.48136091474068,0.0889402788002495,0.445465607689343,0.355017422314239,0.499581203594324,0.248159144698061,0.40438765409378,0.46479182903952,0.167691282497551,0.144761544988832,0.277382697889866,0.651307706373464,-0.145608922829576,-0.0936839698401008,0.308159665758573,0.108878727864957,-0.0098689706739067,0.275632534623287,0.420453396897077,0.087325696365937,0.0417526986570261,0.0458489558226895,0.151274828022376,0.027299573332959,0.208980377044386,-0.135262342687562,0.0181805601795848,0.545156506610671,-0.048183229636675,0.367721169263027,0.361268664163334,0.408395151605796,0.590580225793737,0.0108265460735684,0.317105961913952,0.517279851698171,0.214616789273717,0.205359435245647,0.0885081969515886,0.108176154165372,0.484301680676001,0.128767944917193,0.422696708292952,0.119149398231864,0.307413375826943,0.262557085460892,0.0876401294791112,0.377765995224352,0.478755435941412,0.260415364818334,0.0298260498157762,0.14115648513827,0.359816174928552,0.433827431104091,0.125167148325102,0.394243052382697,0.216082482736495,-0.0494844814141147,0.157908387130426,0.27111340253562,0.327124979396414,0.0123239598473384,0.475373288136283,0.409583144067716,0.533346306385528,0.315142439048236,-0.045630364634911,0.23184268256519,-0.219171960343508,0.021063242175523,0.038442231918764,0.192015517454748,0.15251091984622,0.0333917819899528,0.281918848205512,0.169719597563193,-0.0394040501311837,0.0589814351618376,-0.0283388144162617,0.495643498678953,0.279556032523647,0.148106688166883,0.106224491116505,0.419638413918105,0.156521949431077,0.250940017453399,0.311430985933799,0.575102414200963,-0.0259141558962407,0.0143850332806866,0.523134694023189,0.141633835744676,0.107682480371929,0.614767808259423,0.155151140655348,0.438987184884297,0.38983931619058,-0.125868968157945,0.174821677027823,-0.066667300733735,0.171712474188452,0.373206979797505,0.0284885605387591,0.349590388437463,0.665626997260944,0.285400368337099,0.184752591376123,0.497853985244589,0.197287106908982,0.0837842530495595,0.102271351454262,0.539472836604702,0.286122319866536,0.686686819333914,0.375007420173454,0.168483833147014,0.344526996491655,0.125960914289686,-0.00165633625148323,0.631504736345694,0.536952913244849,0.0746350945903287,0.0531661495779695,-0.251839959632752,0.375720178195425,0.0639228854924577,0.303798137710848,0.359832879304614,0.177025571600174,0.0876800221704096,0.404098568788504,0.150199243079424,0.330188190820786,-0.0730424326972111,0.187753735353296,-0.0897047343031184,-0.0229826991764261,0.397531854111424,0.451787936954266,-0.00291974862411234,0.332441987244372,0.0670606256332453,0.570773408485159,-0.323786815911098,0.446448202246229,0.183863713612287,0.267686554507847,0.134926040314184,0.268030230240851,0.0874095424287693,1,0.105817620778023,0.424420727402682,0.608746735337835,0.2099931233104,0.335167763506861,0.331945537202774,0.292226201451003,0.166650658583951,0.148799784389976,0.32280455077815,0.525888895786565,0.00916943903168217,0.255010548076088,0.380736581331649,0.397278848193025,0.0348109058908093,0.0494600844650029,0.297802683341663,0.49403500786054,0.470876201813401,0.446645865105605,0.0711312335573759,0.193499969335571,0.413274185280662,0.129098613078983,0.253787086930715,0.399057206663997,0.0764844364985682,0.678266882579836,0.305072578661586,0.186556223962773,0.280825122541928,0.0397426140925163,0.358769413789239,0.0876381075251745,0.319531683097122,0.680662735136071,0.239057310884543,0.673116978794564,0.33856925315805,-0.0983328565468064,0.406125618188694,0.444594170972925,0.288465045186085,-0.0145739217097651,0.0956523179509711,0.337440036144677,0.250858711029361,0.246742375295924,0.281704318463261,0.450383032953374,0.487779216769437,0.023926628395025,-0.117411937556197,-0.105980964101903,0.241815715735711,0.110796887379021,0.207563681920187,0.404726239059122,0.146014145937335,0.453373517465851,0.185113594990364,0.238136600346119,0.0928686489816642,0.405580765014627,0.519459402475262,0.338380428428554,-0.0164783323051114,NA,0.278781890691331,0.120106523886947,0.446506505906738,0.440559722707629,0.538885950264092,0.463306100642987
"ROI204",-0.135117639090756,0.508776698542339,0.184884750602656,0.0139025006926638,0.0354136694848945,0.441087706845074,-0.0612731463914516,0.0229081020043963,0.248146387752694,0.204915476173664,0.307419740736597,0.299764820995855,0.0181188394307055,0.167401992352671,0.275979691004338,0.629417808784218,0.150491641453114,0.278768591372476,0.197783501255112,0.0251289156907371,0.661630295198212,0.347855252177776,0.124696743827827,0.652868981549379,0.0846464907400511,0.115968108067088,0.186549365105272,0.0813727967622639,-0.043165888312034,0.0508807457970758,0.0116094409273481,0.213414763413847,0.551976721336999,0.126359123772967,0.416327666498234,0.320845087331166,0.389109311792021,0.119453870017725,0.12270740345461,0.537365436819644,0.201390031716904,0.125638402035516,0.00637384935591666,0.412801023854934,0.327038396311048,0.485816213097695,0.715685117211778,0.329104619216466,0.277392934426426,0.138283558551478,0.395250211487753,0.201049834784624,0.207007747937748,0.476510870210816,0.23221264648446,0.361616688724447,-0.0170278470616427,0.115758886856902,0.0565574729392103,0.270799461805469,0.185420585357998,0.434885114623972,0.142908919344798,-0.0131331658541161,0.132710358928936,0.33361380373092,0.268081208668884,0.0815756570163816,0.433159022030222,-0.0720355858651924,0.235772641470288,0.529583955855008,0.237072150938876,0.33881056928192,0.429592176150276,-0.05828379520981,0.132205692246071,0.274572955707701,0.261902117033569,-0.11384035689216,0.433351132865248,0.0887324008241925,0.146027393563722,0.394208919577934,-0.0759791575633582,0.333471148970605,0.287868625108264,0.192767250006965,0.0693866647137241,0.187627410052169,0.247426317993036,0.57790920420621,0.144341319944337,0.595289703412436,0.243119454324897,0.208393540526245,0.108952173691635,0.042133008026419,0.183608045124873,0.332386031621279,0.354978985864367,0.26999843288275,0.142878055883066,0.251336653244011,0.187719642140241,0.120602560980187,0.54818470304352,0.171655432720717,0.217539698256773,0.275890351464948,0.18463379527475,0.155759173942296,0.0648806638383248,0.237468362951244,0.330699493031916,-0.0630905836142609,0.182428577190678,0.445046741917268,0.27073143845451,0.202429781376187,0.196630387467986,0.483463200462564,0.192105409851761,0.316985690420056,0.54985557571662,0.264349019562021,0.137341034818948,-0.00906855667559999,0.133474429614999,0.303811214602293,0.368009241418595,0.303342237228823,0.0604317868858655,0.0890471228494785,0.609613101947313,0.285690108054652,0.289043020770826,0.336833582876149,0.0888017364459341,0.180475185445297,0.231439395344508,0.0403545352654361,0.244767865418107,0.18513100095828,0.320842760467895,0.451368969447645,0.425117781578895,0.0881954457348014,0.0679183711620919,0.159824421529944,0.265440049610531,0.616824816451174,0.116652157755304,0.222087703212936,0.336325638810605,0.185634728564536,0.0803629369646143,0.130945729517903,0.150180542480491,0.518409873691753,0.276537495180347,0.342444942621619,0.416405961387755,0.372463480407624,0.184591489024827,0.173387741202413,0.29930633632361,0.252313193597187,0.151789083976705,0.403123940160516,0.591090476288867,0.172841327949463,0.235057654740384,-0.0137039181094106,0.172009329742604,0.0551100006341606,0.358416477086713,0.143700384925753,0.413798091541396,0.420765854031679,0.177312409827322,0.402890833158669,0.25698167429254,0.233740013693271,0.0775562362106844,0.567900532935669,0.418939453405087,0.302392511127883,0.233553912831412,0.520678699604892,0.334919512170169,0.47403494002486,0.427034554415608,0.643338872332584,0.105535880027699,0.0327108899609168,0.206931273807034,0.200973252511835,0.0834670758419472,0.500148745222508,0.511345205555386,0.088669693583417,0.105817620778023,1,0.104214266925135,0.0126409153179567,0.0813176051970296,0.261266503327311,0.194999186800568,0.360773118515315,0.255914335173211,0.436735673175321,0.159078542360031,0.281484071841252,0.188099417307494,0.213462022388043,0.21300346125196,0.3136184642392,0.106792063151073,0.221576825212279,0.47976305749685,0.153849827644638,0.326113690618276,0.347079048225476,0.520058838287236,0.525557581938742,0.247110191287485,0.273091739176234,0.280442236868354,0.447281155962029,0.144272889604311,0.243135348154054,0.360785735249034,0.255341419571946,0.187960455312906,0.217807233695952,0.119009288394899,0.383596212522063,0.241645121106177,-0.119333961443847,0.382370354320529,0.0223411962735585,0.194437302898743,0.0999857895936287,0.115986898025556,0.207322866452686,0.184954787176723,0.330004671883606,0.786388076313624,0.307637310512746,0.444753098225879,0.224197784132093,0.129429757177525,0.0312686269350259,0.271180818912616,0.238976841004435,0.260239912708009,0.75692819581646,0.325736563401173,0.270914754840897,0.110787768428068,0.198446996862191,0.0842303052100259,0.217913580516695,0.031013427961615,0.0986656114687997,0.405068522204819,0.241138779321952,0.124642396417871,0.254532077226985,0.375336088614662,NA,0.164052105768332,0.32317508614849,0.445503539772326,0.290282186963594,0.0423371988682087,0.16986576743348
"ROI205",0.211483209783752,0.013570603828735,0.0196734090696454,0.427483978528802,0.347888980902951,0.0265475814931553,0.298896368747188,0.466745924485601,0.323332449205042,0.129067617808277,0.140743167342492,0.434844529732098,0.0221125769649737,0.22299833433623,0.387792498895919,0.139793411288325,0.516385597199349,0.391748872347594,0.0159816487945617,0.229742331775282,-0.0972790403337747,0.111771451001097,0.549831791178461,0.00929901086055401,0.108780315502274,0.247216884001615,0.44388049044538,0.325471994594534,0.584221791570231,0.114824869690861,0.128879612260465,0.425095014884168,0.0896251194866222,0.271821233924034,0.372599772070836,0.699075338081412,-0.0446417049538749,0.14522907551738,0.632081799542081,0.369692330674646,0.44853576076927,0.392798118469246,-0.00199517706791215,0.297066050395473,0.555177810464878,-0.0490781989524952,0.0329948621639398,0.499606370455917,0.295478456790364,0.449105277735235,0.187728357619442,0.159872974857121,0.536402120307212,0.107555661847921,0.574622619719763,0.355118929593033,0.367776949961474,0.343829748403898,0.378776981221114,0.4243795778796,0.0336932453196636,0.258619626757904,0.361518591563409,0.46110347377089,-0.12475782042714,-0.101648706096309,0.128529543853583,0.174037831778728,0.0747911894680789,0.173764927875862,0.445682952337328,0.023510264300862,0.215595582667146,0.127655108089866,0.290690803552525,0.0830002383103418,0.196563329213748,-0.0537992946465592,0.238925554951536,0.526540500615925,-0.0297114876666671,0.252845107142745,0.336260040628936,0.529601244403519,0.384975353230581,0.077923398937816,0.410693157530684,0.224342471159723,0.150118288401837,0.18315845053989,0.0634422645343185,0.0916456626801873,0.367898615335005,0.15587536612096,0.412706446890978,0.333579492737052,0.532017582866485,0.33436753048153,0.220656435622938,0.382960825064902,0.175929233295442,0.453810168465276,0.0186353676873766,0.196310710588044,0.373690989686075,0.696347799721792,0.199268655881679,0.611038297898788,0.0795489367438543,0.0128756679784753,0.124502585288298,0.391801328053084,0.2953124422505,0.0242676068403173,0.445790905985702,0.372222845576763,0.633979182216322,0.351996977688153,-0.0581527724919656,0.529653333405782,-0.0335120521968068,0.286156060917006,0.0777378609274252,0.300845264871662,0.157756455186662,0.130122523112697,0.34350607384701,0.0533369999400875,0.0327482985599062,0.181310886679003,-0.0286199373935642,0.578425128561529,0.374582163521021,0.0273670608273297,0.118863671134563,0.567645774071925,0.165958444139415,0.265123656467756,0.372940805580871,0.36228068991495,0.0889822360334527,0.120095993321004,0.430722795997507,0.159964748771412,0.234523665480512,0.38847100492886,0.374360202057757,0.341518318640661,0.242875561866129,-0.0453631293918062,0.144295032988563,0.0263537535328031,0.531003091333777,0.305429337649156,0.118728155834771,0.549755905346646,0.543949840225332,0.31821030955927,0.143994888114995,0.30842592982518,0.248337321081324,0.154429824148822,0.21244429834389,0.3891358917221,0.531599839161474,0.401852257002033,0.34057623701164,0.352138279273524,0.274935423219881,0.142379873468443,0.158377693013432,0.500795747424723,0.444908321293101,0.138134599521296,0.177909713196006,-0.030427306219331,0.391555737825886,0.373839848139321,0.247503557450113,0.397859112476196,0.272739605063933,0.288420588121991,0.428085041139272,0.398033508896285,0.647087227439259,0.00238649259959009,0.275947617863891,-0.0260751813383746,0.134918485113771,0.488772600979479,0.571700599207223,0.0892601622901397,0.352082496780826,0.0716512560064762,0.317369033698083,-0.115231387023084,0.45327196936738,0.211469381953054,0.340644991088647,0.259253514593183,0.234623396289635,0.253791253963754,0.424420727402682,0.104214266925135,1,0.373140181830001,0.323607964581819,0.660017332031783,0.399805757139253,0.297651230204113,0.19102258869817,0.256829418533542,0.453199605398241,0.607619935744119,0.164169015936982,0.310009091474505,0.438287678359295,0.421846335397445,0.0290751702504616,0.310624526530253,0.252914863304394,0.646928465030159,0.635678325522666,0.554725159167696,0.170548868777533,0.151370321447576,0.667323584142639,0.115227105697736,0.369904937999377,0.460121849906233,0.300224444693053,0.566991221769912,0.266097760805634,0.18726254312894,0.641453762550313,0.417645220095516,0.394471386631342,0.110558985610548,0.318600559508533,0.446969294822782,0.413611380622567,0.376093266212769,0.390825750402946,0.104445692886175,0.374608626613711,0.427899743673523,0.724375281370611,0.10780719802854,0.0887864710107031,0.433057902605473,0.173716615868639,0.32155383488149,0.32187158268446,0.295081422918754,0.400255585086787,0.102654036569008,0.089457596915295,-0.04342525907831,0.326816140668913,0.16357580819853,0.22631945236184,0.477577642966131,0.0761598738830013,0.413288880527649,0.18336728641898,0.202866712446071,0.145992198436314,0.413494876864942,0.297355999160592,0.494450788791286,0.0364016033464969,NA,0.177604325720171,0.151145244610374,0.453018421064383,0.26714075966812,0.375250934143122,0.393461370672042
"ROI206",0.611233354025396,-0.0638925542805826,0.133545347546227,0.416182403403792,0.668602040233647,0.0508733610464571,0.331533335556052,0.58232214225051,0.422178119200209,0.197188539439712,0.204020972577127,0.171209773292302,0.0618806911470522,0.156340741333991,0.50872930145176,0.0644830404422803,0.564412078035757,0.487429524323664,0.0860695388351456,0.330701646629818,-0.0804844341970311,0.0168040892813707,0.385976785765941,-0.0264796924476951,0.0898369902482103,0.260954598128234,0.538694095787796,0.522565225031961,0.411359781700898,-0.0422636338316341,0.0746430398719393,0.332987859842679,0.02413852373038,0.412296887027851,0.195413244797916,0.368730137493632,-0.0472493978482856,-0.0479978478539691,0.371249535011377,0.1453104311715,0.417353305218743,0.299771276434224,0.0693801584504549,0.269199284615447,0.490501537910469,-0.0835594673464962,-0.114526321135423,0.193378122797548,0.307572870106295,0.524467602277258,0.225808667790609,0.243414708212839,0.383764223553177,0.055113184978373,0.402708680740382,0.422539095288951,0.579943297435666,0.25080624326575,0.499838867938666,0.333886473362665,0.0516456190017857,0.155098383026035,0.316796176961055,0.570676558473279,-0.115133914119858,-0.178201734149692,0.200790887392934,0.0672757896875626,0.0372683509339448,0.208545500003506,0.541239148747376,-0.078973480177622,0.0110054237544213,0.000280405908957582,0.263505115502898,0.00963911689666721,0.1030585079917,-0.161252660210687,0.0883298044093134,0.452867661003101,-0.0918030452864567,0.385642734116096,0.483674380956655,0.229249943287819,0.692756286743769,0.0250134844083804,0.349711228565715,0.360846910043094,0.210021636713347,0.218356326490901,0.102108151052959,0.130998738077743,0.577476624152225,-0.0279552917548952,0.297239927753021,0.21481225465332,0.146158580756131,0.36712033332782,0.29462681791829,0.323438428236668,0.209381403629566,0.299543981645564,-0.00417967762394752,0.103887312166732,0.418503700550976,0.338467829700146,0.112681607639537,0.277657351570878,0.120309651836297,-0.038985473605448,0.0876236754765994,0.347482145194537,0.213180089584251,-0.0106485641744976,0.367927605729849,0.502777193626904,0.334470262860596,0.308777878112035,-0.115054087242175,0.285456646725213,-0.0144738964739445,0.120499560681985,0.0494916746418419,0.205343748258057,0.0243714248067142,0.0510978675873345,0.183278104907513,0.201384857326237,0.0230882732548933,0.0273464524605029,-0.133869000696064,0.284341682009715,0.320023364886454,0.143670798779766,-0.0347841106084969,0.290368321000371,0.0979495024916322,0.245519341856941,0.5251855073116,0.520377112698938,0.0652482466440781,-0.000902257756543186,0.458940345936208,0.127079971580761,0.109822670802414,0.415075833550557,0.143393126430689,0.527121844378306,0.432592729781753,-0.105327372275154,0.0935414023128398,-0.0890018219263046,0.225513986411245,0.513988010111654,0.122457204745452,0.309672557819268,0.545399004979459,0.293062173461557,0.0860951258525089,0.248531641013591,0.24282816004735,0.0582439070426952,0.0979573852481719,0.320820420407034,0.228533755015008,0.576238917673872,0.298515529446749,0.173920963225654,0.436351491404027,0.0917375791162036,-0.0255418065382902,0.686378473849493,0.568016971968166,0.0475625168398435,0.00550639596312519,-0.101889081941565,0.38473556847881,0.0257545043261454,0.181388149415963,0.298060244070866,0.161250631902346,0.195701240919878,0.476420875390263,0.182780083382048,0.293357374983916,-0.0758579681628577,0.18402149981692,-0.0570410180485417,-0.0283048299752025,0.20051669083587,0.336915214816014,-0.00842774990830785,0.173043363871642,-0.0928203208903823,0.691460210161518,-0.314735189136035,0.403516484566058,0.191587908937867,0.356323258414961,0.138618542675537,0.140864681712047,0.12415451303575,0.608746735337835,0.0126409153179567,0.373140181830001,1,0.411224777977063,0.202648589337071,0.264768145066281,0.272484142040221,0.0932010296526955,0.143633267235065,0.332127772468708,0.309667777882058,0.0318488168403761,0.323354758278022,0.277685706915858,0.566879972269208,0.0344539445399277,0.127028320112919,0.205788506970366,0.493943302472931,0.283575587463727,0.376238789175271,0.0683431379627198,0.0457963323680543,0.327295334740533,0.081358570175959,0.336479125033409,0.370468859625124,0.0396586212774279,0.409085103448778,0.246909871798305,0.204971143366113,0.379380133476787,0.134134896555697,0.548948800141092,0.0498721075710923,0.422900031580959,0.470315335483913,0.309930414167772,0.666500637344251,0.327141059053852,0.00622359227136436,0.614361451630052,0.602388448611276,0.328034524204605,-0.0453220845292387,-0.0582555904441912,0.134364359889524,0.121722556774554,0.215395187758887,0.337955308584746,0.58860740674362,0.513970963534011,0.0492040866484842,0.0467868576360262,-0.211511851269103,0.191119871609,0.240077067728938,0.148342386460728,0.518514801261564,0.0241231207962634,0.572498736668994,0.023835160742264,0.173021499557142,-0.00390529213609206,0.630845229416228,0.597217699390526,0.257398017928077,-0.0364854010185407,NA,0.248634373218818,0.146388995912372,0.299957528698076,0.367770819891685,0.697983604105119,0.551245177289973
"ROI207",0.387737285250697,-0.129421790324659,0.0776346945375998,0.239781712297692,0.431931033378705,0.0149699603031418,0.152159992851024,0.429106821959497,0.156820351790898,0.0723205415014195,0.308055182917513,0.211496886352869,0.0018590038618606,0.25501862974911,0.380051143001614,0.129105828531827,0.506574516402749,0.216039880951071,0.0363235483592402,0.401623272356428,-0.0602093408909318,0.0814360324779625,0.359763974849824,-0.0622334630131987,-0.00507358866479526,0.0482490527877683,0.507904644730961,0.304326879761839,0.3280012748293,0.128858500371904,0.0276038368680549,0.264289381480856,0.0406094334164148,0.162374350095486,0.196711634478037,0.316210148899949,0.0889840484755587,-0.0573695461994418,0.358245145064466,0.144369778941774,0.261076101930259,0.259493517468183,0.436304313349974,0.167054805706347,0.376689073133085,-0.0829522053422474,0.060666249614747,0.333178265685013,0.279273265466276,0.328077592096546,0.21424453842498,0.347275779056649,0.342114513878942,0.302434206844737,0.425853944541623,0.235612512836373,0.356911545100617,0.456535997007216,0.417791790805651,0.161746063329415,0.0436793003014514,0.118294459322883,0.271270279888546,0.340863615392865,0.0251994633677648,-0.193697418990669,0.295038890708797,0.174388707288534,0.0178700001429236,0.241405202109122,0.449440479655869,-0.149667074817676,0.0335663472096864,0.228930430673256,0.208465682577686,0.0557426437394073,0.0531289715321404,-0.113013347904334,0.0724298225902951,0.220551982628344,0.0953628301908655,0.38639877381176,0.378543372414003,0.149204553438216,0.418444883505191,-0.0200091766006745,0.262761836753902,0.159972110438367,0.148252047981167,0.145826479093632,0.246143871930256,0.242282231697451,0.367343247248796,0.0164522242053256,0.294590637821486,0.192197548898065,0.18475081260018,0.544621393805389,0.602075914506764,0.335130975130262,0.130259398909324,0.239059218220138,-0.048625762129371,0.161740206970554,0.228271444839301,0.26199923322924,0.0162433543964961,0.276225737039672,0.0472480714761089,-0.0252866118054164,0.0406925262252388,0.347303129489546,0.0984123578126748,0.189006430696466,0.280349508960753,0.278104456575232,0.268065521162476,0.327216226524974,0.0881246530508287,0.311140938604058,0.134980698447476,0.189833685639171,-0.0165799100447978,0.203120727587371,0.0784667190923339,0.00491272322287694,0.307027472204406,0.267854819822647,0.0158475799900218,0.0442129111098766,-0.147455861489107,0.334163960274965,0.386455473574198,0.190114186802163,0.087940208505443,0.321694355794675,0.101929907718484,0.31051930733558,0.292992651111794,0.287453611961978,0.0977493452865943,-0.081004861000221,0.175419294576282,0.374501538084178,-0.0203677637113401,0.249262122733476,0.0764753819602186,0.2853909763036,0.449642277924639,-0.0771414388898088,0.304441973946301,0.0801417087160165,0.303665902687931,0.211169280600199,0.182012096478973,0.408023045726896,0.362305101457595,0.298999368762909,0.0177481244377109,0.158266254805687,0.489546386325142,0.0600137883712799,0.282962034124153,0.237824339884464,0.248051481108137,0.368344775269739,0.401950574054053,0.320243402629564,0.361361144492153,0.0960594263803738,0.0650663884216189,0.384314433123471,0.45254278419184,-0.0461969872848758,0.195477812728894,-0.0211918045801605,0.201448354500514,0.252824830134601,0.0418867878438235,0.334030236324671,0.144913695676851,0.259700655412456,0.431144060106919,0.249444793452139,0.330894324776664,-0.0752372415144856,0.162098329084125,0.0170558854663935,0.0387483440806992,0.269479228412367,0.338687472671669,-0.0920709447181761,0.0447688353755751,-0.102019698703802,0.484345200643572,-0.230036651386866,0.191445977967942,0.176110187410369,0.447888236605028,0.11452740158163,-0.0148691911711441,0.114108388998382,0.2099931233104,0.0813176051970296,0.323607964581819,0.411224777977063,1,0.318679931866711,0.233063858797962,0.146905566698622,0.142817538084547,0.0539701202930214,0.423432442182008,0.229027098414523,-0.0157167397401617,0.51972921126999,0.135655259871974,0.428724995188024,-0.118630238592008,0.173480077264191,0.14642957658426,0.329865077714935,0.266906115625419,0.412683841443614,0.212483303468731,-0.0419501646285244,0.292925513483068,-0.0252073301517246,0.26823930305688,0.476679991491265,0.130987016879347,0.234367775778226,0.188578699349996,0.156302111143388,0.363034501873031,0.15521751624802,0.421263573081185,-0.0560170434268064,0.414157878503001,0.196754426136001,0.305940360726614,0.378551276105881,0.28662554546225,0.23122872040127,0.427112970579057,0.459628302018967,0.289804558244666,-0.0456526947188461,0.0199567302452513,0.160048495213414,0.016591025556353,0.11867775581807,0.165885770414338,0.349282717843598,0.35122215702384,0.0340295268676677,0.147360438152618,-0.0751145111317331,0.0889382277792061,0.250658195736616,0.254128875498159,0.310628099632513,0.0112945561843526,0.449554413980757,0.121335347264769,0.0709070036651195,-0.0589393082162757,0.446901387674018,0.447799397183439,0.128177391619754,0.132178890863713,NA,0.249614507109143,0.060296872886737,0.301748327793112,0.362567168575672,0.437156590601582,0.292721130111457
"ROI208",0.00643415152469825,0.137464736788715,0.0744980208808906,0.394081992203926,0.122873681951844,0.146824419378438,0.297368787554546,0.301843841972048,0.22702039372337,0.1949549423675,0.028406097785009,0.377300694444816,0.0213752786919774,0.217025399370299,0.401163724683069,0.119845116556627,0.382525240509995,0.380628643786364,-0.0529443709956791,0.0172440557845684,0.0372169948745893,0.276106408447016,0.356782426069501,0.155852238592018,0.0324723056986275,0.195835210904076,0.348165885424912,0.348218025333769,0.496171258218094,0.0631270861819006,0.125290457861538,0.382627432007592,0.295097066181703,0.337914678905838,0.388350239595839,0.613882593910481,0.0913852850631455,0.141035706871611,0.516606239223321,0.386466799796421,0.277577794158937,0.518386023305256,0.0662522268395238,0.368502472558448,0.480564635156029,0.0917260642335541,0.112079833884364,0.704853045142524,0.183480744111585,0.422621209642865,0.317189394187255,0.104214397577979,0.619824417350353,0.247776688339387,0.58055101590582,0.3781406105638,0.15312431631105,0.320575665032291,0.259061610366639,0.291262893843363,0.0463487432371363,0.372313835010724,0.278352747217981,0.289611957924093,-0.0222315859889937,-0.0619397891127754,0.028585336959722,0.0396745126045089,0.159722822846033,0.129372694141511,0.40231045034106,0.123491357226016,0.124958331185978,0.276828048509865,0.354322586026704,0.0168397719480748,0.33495248068644,0.0736007528058175,0.15735261184069,0.383148937111509,0.102143678684771,0.139230857047387,0.199071700882137,0.602888717852197,0.265325672725937,0.096533244893926,0.326587785463295,0.0801447979955009,0.268061849107795,0.0883854550324691,0.10259827491222,0.147049231205486,0.315125608308538,0.240580381332291,0.330732282751664,0.16416777082052,0.443510372855929,0.254174529015091,0.235688225877813,0.309765706293103,0.138077534919794,0.329698669745808,0.0649336126086663,0.0872301955721063,0.370411033239278,0.582340373086534,0.261434890667261,0.505680134764286,0.0231683958480133,0.011304877596266,0.13448014325683,0.324226844122746,0.184390805375589,0.0478697282418639,0.370666215899694,0.166014923033524,0.680066518536327,0.256527529211395,0.0815213620167143,0.323189222321121,-0.195717338830307,0.380293765240717,0.182393865818317,0.334679194155265,0.251138054501517,0.124721397298509,0.567219658836474,-0.0550589884044422,0.0791491420181868,0.204836794687788,0.103824883194422,0.734440867852972,0.360907282588559,0.0209016295442821,0.259362864867157,0.818926595347324,0.170594871014724,0.275937170716804,0.375851890136126,0.172290341245905,0.0278831556143728,0.0703613553116728,0.329152573836465,0.133936062182107,0.346513553481813,0.32268101948609,0.396538022570609,0.239657209207962,0.173732863497405,-0.0881381128173985,0.213987558792635,0.13002482509759,0.305021452647894,0.329909211666899,0.0262586323728278,0.728428911252129,0.418527092569236,0.163751337350834,0.223143596850068,0.327098370347994,0.280005603494552,0.150552543869973,0.311742233360988,0.294243716385515,0.444546456716552,0.289362548743338,0.256661765295243,0.395181943244765,0.269895410489019,0.196886041317899,0.309670507238193,0.400689811541966,0.320629169493079,0.0791294974137123,0.0966730005735478,0.0247756324476679,0.39780593359009,0.274411157012808,0.307539787037729,0.357786604262872,0.324350294816361,0.328417689046056,0.447616198941042,0.24671939923746,0.525793962874482,0.129386618898693,0.368550797937159,0.138045909532858,0.269308614063613,0.723142738611092,0.642949424255622,0.232149166167959,0.415952666448882,0.222189418508872,0.170021608313442,-0.0912538027689736,0.439410058771032,0.283898281056231,0.442514177169089,0.338159821597634,0.265315657247615,0.0387574292044609,0.335167763506861,0.261266503327311,0.660017332031783,0.202648589337071,0.318679931866711,1,0.331432454116576,0.386747426981071,0.175833571083968,0.390279871306899,0.408757935365008,0.605768618808532,0.239141775645958,0.336127021187029,0.400994260254663,0.352644248686764,0.12720947920423,0.341607819736706,0.337321440182335,0.425765013908575,0.669438068153717,0.604226039922388,0.282130557295268,0.218891087053082,0.751947997058743,0.174486764036701,0.45704328690521,0.481311625756036,0.12438077219606,0.48200773947301,0.338089321814336,0.348806323074499,0.529234062779667,0.20714004343533,0.305279893232801,0.164345263642964,0.199985537018972,0.27618383707603,0.480274350978551,0.205371701900724,0.254631542364445,0.324280059749141,0.308277275029154,0.365470788552286,0.513629019677332,0.236682360797173,0.178454371198182,0.461012752899605,0.171107389406165,0.178609703826515,0.310032607557513,0.196835203706343,0.247281041838956,-0.054214243484032,-0.0718044497379738,0.113693550139899,0.257361329764791,0.0383203459704526,0.211076747987287,0.465146563386607,0.0102401307997888,0.387790037548881,0.174797835818597,0.308608827284643,0.246728981622158,0.381699447725283,0.260750957995213,0.507696350694062,0.201911989949985,NA,0.137553378715418,0.147587204188507,0.524541693511412,0.17046599038351,0.280561146324147,0.412647448430352
"ROI209",0.286660186269039,0.18973085465025,0.0558123259133004,0.230268963946512,0.196103083741329,0.155672748279518,0.107398540201351,0.249353920153918,0.258088209620118,0.226421269525546,0.12665435892107,0.180260355219426,-0.0700762797676105,0.0392263690331368,0.131982634396716,0.262588366039437,0.35660310852554,0.184912617162639,-0.000136952310214398,0.400600111494375,-0.085505620404947,0.343719692804671,0.251509349798557,0.0169119925794151,0.0712967324603922,0.223736115779854,0.228580812497727,0.169714381244961,0.253824692703572,0.0255774414322403,-0.0665484215830574,0.194406408339742,0.234880371448154,0.0434585650195646,0.492636615125378,0.520207040292762,-0.112957310540732,0.131103150931069,0.434067405956768,0.325148045052957,0.292574784924969,0.22903034305804,0.116628356746834,0.207672787976702,0.340979353009233,0.229541087682065,0.204217172917074,0.197656529160264,0.240004732393058,0.21009965533648,0.226598161762354,0.274687672821454,0.188633618081693,0.0281687507131467,0.299431416113766,0.0774728884229447,0.231305961767062,0.188845643604105,0.274929629861352,0.382893860156216,0.0811432306028255,0.213122328922142,0.365175022906372,0.243944764121102,-0.246578844766588,-0.10776355227498,0.218557581613576,0.0540878718553955,-0.0500839302353749,0.0897355580811666,0.214524965936041,0.119858576553541,0.349511707496113,0.294053327024385,0.330358609186526,0.0386640258541128,0.135265907699096,0.0980189732642368,0.058150158238335,0.360661141033397,-0.205886556500628,0.252566194745467,0.317122444807681,0.160929949375997,0.216048310407795,0.338794292023677,0.365837500203169,0.289632357297233,0.220353716604192,0.372272039269354,-0.0184269423802349,0.146091936514677,0.102270942501234,0.225474236967066,0.468712720030939,0.381071885677291,0.162737824627065,0.242912234636397,0.274984837901464,0.430178648258058,0.144140120106659,0.428071662119293,-0.000264787121450175,0.198909651375049,0.137352700860353,0.350731716302928,0.312227622393503,0.273436102561693,0.286682347725148,0.254708671970248,0.355146323887957,0.348911350351352,0.0469922800891202,0.198615491971302,0.130476650440552,0.466956312870365,0.253909847900784,0.190347695529102,-0.0817696072880173,0.383800971937828,0.124380937512141,0.365541671187402,-0.069344166779916,0.299106636422794,0.240922039489834,0.310181727119262,0.279847315279451,0.0487186469741457,0.196225617571393,0.20539184655326,0.0272866132015956,0.271523735770004,0.164882077970375,0.466219455147701,0.103646507668051,0.398968394283899,0.198679404796242,0.185982544971763,0.195364987907228,0.33915149506578,-0.00267888658671867,0.02520906896636,0.614585956386539,0.160780768692744,0.188904071955509,0.326011356647047,0.521727800593983,0.119403980720858,0.269976200853114,0.106449189752777,0.175122348146154,0.219740252010198,0.313429073696509,0.0826672854794428,0.166172288551993,0.338044846801628,0.25068066072139,-0.023351699657963,0.184629429539387,0.46350008152922,0.197324269874361,0.32929736056584,0.407546778731591,0.237026755699284,0.138538949401744,0.333645446180088,0.119020016411893,0.0807393405398148,0.22584494242245,0.242117509922944,-0.0836826143440176,0.419232972073936,0.311789813910583,-0.0032733519169181,0.142920696873679,0.306723725716132,0.402030527900707,0.115481480289048,0.477249035907469,0.256605998476123,0.0249215144730853,0.101302289333343,0.112952968184161,0.282236303237208,0.414016587170582,-0.0588557966542507,0.367941723820401,0.28083630048936,0.21699793296665,0.206394288248174,0.322650421534302,0.0401087661956129,0.497804853207213,0.240809811907849,0.172450737653809,-0.131210126198539,0.309796859004024,0.176226443649326,0.21049123174323,0.250819818022431,0.500739743711209,0.285699659485452,0.331945537202774,0.194999186800568,0.399805757139253,0.264768145066281,0.233063858797962,0.331432454116576,1,0.189636703580667,0.128025825559902,0.209455678419043,0.229439975837742,0.465912539465046,0.218283874119357,0.311322930253033,0.172713174261929,0.175393053533207,0.197893953942885,0.0721269039286389,0.407112998337991,0.452524055454592,0.258315058246142,0.292565640364896,0.0656124920288968,0.282191374764196,0.292349745449822,0.105642498910212,0.35183025665418,0.264974051621451,0.198983647257906,0.520600375436393,0.257338851984303,-0.00595090886203542,0.475521628656044,0.444037768876645,0.329852615041001,0.266274784083937,0.127189985935335,0.215037498031941,0.288738144935058,0.0905030903293006,0.214468701929156,0.176908596264144,0.141050200254965,0.157302292220726,0.58588290945293,0.165777748569688,0.152800622296262,0.451401392475636,0.0756500936397837,0.200468520898145,0.188237253883372,0.0883255625428774,0.1114516701051,0.239211398007895,0.334046531368858,0.0653024760745832,0.248290752729211,0.130797480852059,0.0962919079105905,0.118508983974085,0.0821896812826203,0.15645788035021,0.17266428175493,0.0837457722291357,0.167775968169729,0.12960401156566,0.226299215480224,0.158071350926687,0.0110136482154808,NA,0.236276889294044,0.203488622605571,0.292559582777071,0.44443375051086,0.0934092800204281,0.171684099034642
"ROI210",-0.0115938733063733,0.330983920525728,0.0511093950665486,0.555684104480409,0.206184120999447,0.377894804522693,0.433002002802453,0.376868624668852,0.260395229743135,0.437222946253606,-0.109884065058466,0.117506733980463,-0.0304722973310992,-0.117560593300634,0.530745304166646,0.0857803994239744,0.208883588663002,0.554190165283489,0.0608539246334504,-0.154324886195293,0.354420362463271,0.413949947353473,0.491916566119449,0.506737780139516,0.044614113070368,0.501066654426372,0.0785230994968944,0.553183643286839,0.353326516414321,0.107137814745775,-0.0129268728284194,0.416739344851062,0.508131875686953,0.645728384094724,0.424254648170418,0.376435397058641,0.167661255477724,0.285961277366435,0.219192762002858,0.342560613584667,0.114362882928219,0.351564109443356,-0.13956227891955,0.701916624272797,0.519031350978174,0.33079660866546,0.180793918094812,0.403757455480847,0.114476412057035,0.495265069916265,0.50317409034305,-0.148435767415804,0.350802440002795,0.210991153639009,0.264035491059537,0.470323639809154,0.289896330698061,0.151242143536968,-0.0772541687170859,0.257614285164319,-0.0505691252645195,0.736503105632928,0.032008581599542,0.100341452295758,0.275665663401544,0.109812995844688,-0.145607926780418,0.159406545457895,0.383758881664046,0.109718981381353,0.277214645910966,0.440235750734641,-0.011751732555923,0.280960396012858,0.390993239813438,0.0466521657184166,0.528399781099001,0.391150058354343,0.158635747481748,0.261739780934429,0.243132872047201,-0.0551160772293311,0.206814207713508,0.564567557411016,0.28170952606794,0.315539111291622,0.483791276227052,-0.0731041198707508,0.539174306761336,0.113419120342615,0.0937302671653111,0.0910085104181784,0.402985272035118,0.343817296183134,0.160827439051205,0.279693666792758,0.221553031405144,0.0853563945475108,0.216696456308458,0.0823107117005481,0.0201438171868215,0.486737470910132,0.359532856171113,0.214428417308231,0.529717206769027,0.444056513267189,0.389421244351363,0.37586861918974,0.083196828250128,0.225618650980746,0.0240930162867701,0.269516478195286,0.243496920423943,0.148364020574577,0.358436451536098,0.0750663528353156,0.338417137797554,0.162872614498983,0.322776364501795,0.323501650903681,-6.38388271903444e-05,0.512911787306806,0.434584069845661,0.238186786877493,0.230093641702563,0.196761097954227,0.290478963431062,-0.0849600544936532,0.143573990199381,0.207547968101325,0.433125498739326,0.379489267158043,0.293544604958226,0.0201391848956301,0.214754795789339,0.384630515827193,0.0851608328578456,0.0252458674835289,0.295806353680333,0.0909722191298267,-0.0461853424401955,-0.0271402588483555,0.18460789397035,0.113917040640223,0.588537770100586,0.31775319169059,0.496297568895464,0.448927568182708,-0.0372438603591097,0.0711141853236718,0.3825625133552,0.249803750724386,0.381070980376211,0.671221852350543,0.0631475195724157,0.323682053468491,0.465319058361675,0.057163698187306,0.0601533529959241,0.318455237538472,0.0384135466690841,0.0332907425818809,0.27915273217867,0.362747542047209,0.39383079601285,0.30233623511742,0.254741252444748,0.0600301046227301,0.133665881437,0.348365409627502,0.472108276643477,0.437792629587129,0.0997068962471112,-0.0425458036631648,0.22485109983032,0.0753402533624718,0.317010498229093,0.22245145235164,0.345522036363935,0.233381721077985,0.590490929824209,0.47288253359117,0.55912515330442,-0.0184709678252522,0.468661597161512,0.62638903676064,0.299404193469726,0.465871161193963,0.553454193149125,0.456561746511502,0.46170242007666,0.77563391507605,0.50147357519441,0.570522926649911,0.14815197334519,-0.216506691041189,0.552249541547918,0.725922236152457,0.405557115907837,0.493976150524271,0.452610787583247,-0.085669276172228,0.292226201451003,0.360773118515315,0.297651230204113,0.272484142040221,0.146905566698622,0.386747426981071,0.189636703580667,1,0.115437729304675,0.853566652396799,0.400784119819832,0.412653892979844,0.497082236023247,0.0902555502689234,0.456033553958443,0.57423985359487,0.0545172924216973,0.191779192403389,0.495956136205777,0.425902803444563,0.454279885909613,0.421757720656931,0.519442271695549,0.613977923616787,0.452765490184739,0.62104538803273,0.735674997353465,0.28974310700576,-0.124450416763713,0.292074086649606,0.476538971502397,0.782952279273592,0.507430299166729,0.194373264926738,0.446004794947888,0.636015532991591,0.190937836978031,0.181232340270075,0.499022601462037,0.335077551065804,0.334765259966719,0.345345173056231,0.422740155711101,0.326955151724852,0.426481427703248,0.596277814736758,0.238419007027692,0.422578123968315,0.38359613262672,0.194567117167989,0.526394629605515,0.478052223823511,0.37010526340534,-0.127829626516288,0.129330649506281,0.3768178266733,0.559478419064714,-0.133119003543071,0.241863952185982,0.538217802973168,0.21609315865983,0.502246404996451,0.301182139284129,0.577517709503142,0.513005940221818,0.461935164253906,0.0423723807583482,0.613760905188915,0.514939679274246,NA,0.226303813643633,0.177468297392809,0.544859702217449,-0.0642792298601964,0.259013819140788,0.580713010385491
"ROI211",0.0783109824905713,0.144530569986074,0.305330401315813,0.0517365048135668,0.10773286078542,0.216381204142469,0.0238115419807618,0.237063039304633,0.258962018176325,0.148838888791557,0.293970637213732,0.398303662782085,0.261396561325721,0.332260260121605,0.162673535315661,0.268516365847039,0.222786602696626,0.0612243156594549,0.158499183929176,0.222295407287316,0.115573670642667,-0.0395710606984873,0.10671965403853,0.223713173815661,0.121716079604809,-0.0940143282093832,0.243796818318344,0.121546779438638,0.167711886815163,0.210775621169007,0.120832478148463,0.161831332994142,0.139898793072746,0.0407362498850821,0.228194258536542,0.35140364362044,0.181963098654558,0.198554861152551,0.345765655610191,0.346934262590713,0.198441908549058,0.164139930980687,0.0891987779567693,0.0483814893260669,0.191652281038614,0.144306986834957,0.158398134654644,0.22199053842155,0.280349453427956,0.0989098845733746,0.18382075972439,0.277700320838837,0.253445836319824,0.201121740100458,0.295481753323729,0.0878714880415275,0.181582694882072,0.355949729581978,0.170623701209182,0.284934265144241,0.231825413219197,0.181916783409827,0.232086711119696,0.139116557019554,-0.173468899121689,0.134483588811724,0.215583404251371,0.207244148517833,0.129194198026581,-0.0603786913944711,0.186115891040892,0.124717333821292,0.304903448105363,0.16394065024126,0.240920011763374,0.177677991835855,-0.0419148440689885,0.0402918115867894,0.42013511403233,0.159765293071466,0.0758872400618767,0.094655097113205,0.0227248883397978,0.139189058649661,0.100993713516812,0.163493345375383,0.140243749022201,0.112628036247352,-0.0492504343016895,0.111069889040296,0.176008708675098,0.215843275935709,0.130504602123524,0.256977108892665,0.365550220855166,0.141572346527618,0.0921493323909349,0.205430147031226,0.04360184028716,0.296891492985763,0.227790731944852,0.151117361561255,-0.00431958223816723,0.306382152029269,0.107668239179741,0.176719353158121,0.229451613336583,0.252312147896725,0.23711873459084,0.239882617038109,0.116416300025869,0.118353929826852,0.150268354882888,0.126284318487349,0.242526274275978,0.163155664519183,0.215182071829631,0.307951286914492,-0.0906932818494929,0.215167586160247,0.128414302257223,0.298832958091697,-0.0982782777033784,0.267451527048451,0.331816848117061,0.254895771446603,0.0712234157358107,0.175895618155709,0.0456858065287731,0.356732539891507,-0.0231713234344315,0.190210410437498,0.117947353447547,-0.0510892137549879,0.316495832357079,0.23348378091836,0.0983792264140377,0.328624069497206,0.0947617129148972,0.134914707381711,0.338411652473579,0.00588479206325763,0.191504923960233,0.308975490267482,0.110426398115359,0.290991941917029,0.241677100739001,0.140153992767057,0.319932810632602,0.103504175109236,0.181797786572965,0.128461282297873,0.0134812758094746,0.0680747789558912,0.124024876753184,0.12555272247818,0.177675704027801,0.13582429763152,0.0261428394583032,0.321144839762631,0.254685566486143,0.150438611733539,0.181589764577852,0.217723201998987,0.108020156825563,0.217423480716124,0.28169561938934,0.310125207291459,0.302979474089491,0.287537838524763,0.180200111817194,0.139727317045896,0.178941131580172,0.142071331822203,0.192406645362911,-0.136526713156074,0.245727879614813,0.276790235516038,0.253087661515925,0.314734994835565,0.000610266494677963,0.272158460959799,0.131863330386154,0.335256964565588,0.077726600566499,0.148897602968502,0.27418870887712,0.0285006082552169,0.105560266280441,0.203282707999789,0.236547524308802,0.11371903871774,0.210633502425238,0.226224669455021,0.188124687086743,0.0641401064534066,0.195428901740414,0.0589584443486106,0.177538413353043,0.319743200018721,0.185474442657808,0.134797523924723,0.166650658583951,0.255914335173211,0.19102258869817,0.0932010296526955,0.142817538084547,0.175833571083968,0.128025825559902,0.115437729304675,1,0.117732663852633,0.19187030496034,0.260972958124952,0.0165683151889907,0.270814136675598,0.207128905104022,0.0731671392452316,0.101090126852047,0.263078531837449,0.24602060142557,0.148973489879168,0.232636045222787,0.227110315465708,0.257547212379159,0.190499880677985,0.198012724563209,0.0922709485723956,0.137709085905075,0.305406972866668,0.229522167667233,0.238426493898763,0.182771930004023,0.0202001609046419,0.143120177562307,0.281109577995964,-0.0389274949365481,0.00202337359470484,0.270800237541475,0.138220797318896,0.172027445445273,0.109420631080693,0.185782329211222,-0.0835416238064142,0.0943727002092558,0.114741866928914,0.124155845294872,0.11394308442127,0.200472348822455,0.158821480027586,0.170192030257833,0.129881303993211,0.10830705027655,0.111474205930084,0.170851100671643,0.37262591832465,0.105574077640455,0.213421469686226,0.206188077923102,0.185954846422771,0.294850571359082,0.166524484836184,0.0158776543545044,0.114300750443705,-0.00593825586638447,0.0595956207047791,0.130640569900569,0.112090717287273,0.108553365915781,0.136277011859839,0.0150418117118893,NA,0.192502316001802,0.36635562916194,0.310212899189797,0.225752126956075,0.0829879910262431,0.138235565029672
"ROI212",-0.0954257340480116,0.420857706512399,0.0669539233120039,0.502941970984126,0.104852634251391,0.406932703747833,0.338712085449969,0.210129382452393,0.133661203820351,0.408367365413094,-0.0367789512849645,0.178656806529835,-0.0528640739518232,-0.138478424509583,0.436074008883219,0.0934543338010818,0.123902915276677,0.460394241672374,0.0338023786925964,-0.171990162197148,0.371170115934339,0.468999673190647,0.444625969054415,0.562595925974497,-0.0409286660435137,0.463819715014818,0.00548541092128098,0.466315761443902,0.287093581818632,0.0365273788904453,-0.127776873960582,0.391410218249289,0.604348993715562,0.547460093220872,0.522025815562963,0.35922213971675,0.184760979456467,0.412600701523002,0.146188093456292,0.409702691790107,-0.0285545602968479,0.28271982771472,-0.166947414147097,0.635261128187889,0.428213256685609,0.41176770997244,0.260066123676397,0.358930385254257,0.127203690381983,0.456091489925773,0.476050354087528,-0.0910498766660226,0.241846359413313,0.217996509086082,0.179417783195569,0.420937385746279,0.152353054985189,0.083729421487632,-0.115174362057906,0.252822373522526,-0.0579240350601019,0.713615739630594,0.0723964497616337,-0.0375482172840752,0.303950762119906,0.180822689241142,-0.210174394965407,0.0964409056258779,0.403648413536604,0.110510446031798,0.215762829595084,0.49006818904139,0.12572695563199,0.358502975685125,0.369592041027,0.00887611093350227,0.476383483818634,0.49293460280929,0.180014139528668,0.180214253276179,0.250798702502687,-0.155431429742492,0.131072383518309,0.473987840885654,0.0991645341632283,0.474213450407138,0.418843995199273,-0.172328736993952,0.525179969127594,0.0754337997553953,0.0587915074698377,0.0832536004659475,0.327169396417822,0.371205977361571,0.147072304605637,0.401246246183603,0.139339913367535,0.0380680551964552,0.160043117737081,0.0631236649414422,-0.11357318411416,0.526743442226558,0.393065134088752,0.23043960037797,0.436643562254539,0.400628266763356,0.486636848035379,0.355415729421418,0.0311530130812152,0.407423970707966,0.0887070435987362,0.29755730612226,0.103818975319424,0.12370829893992,0.329386631572852,0.0431063770577088,0.249584093479831,0.111827036929814,0.367975503231753,0.340875333535992,0.101019863643545,0.625227073889631,0.447125192781051,0.296512800016863,0.302799874047772,0.373427303492178,0.224872452579324,-0.0921767905575927,0.166664914230296,0.33077668658769,0.480781970377577,0.303719208816592,0.235869794203104,0.0958235427422608,0.199879526881587,0.372262319738374,0.0438343028796631,0.01800053979715,0.262247634474362,-0.0441708208739571,-0.042347367149518,-0.0124138428931077,0.236294647943259,0.0735957086615848,0.725608463041421,0.185910613865772,0.660049064087744,0.289323554581826,-0.0857533096071433,0.175347607461251,0.312322566361514,0.361126821387861,0.389075474686484,0.539211387421971,0.14157441066779,0.236300390055097,0.31877434509937,0.0136716837274147,0.08119838964992,0.38314474434661,0.011327059671074,0.0902358480825404,0.34696175405227,0.237795771852341,0.353241285688242,0.165714920324724,0.220139524447492,0.0781813428178152,0.163243283854568,0.393584679785473,0.489094360180945,0.385647360088278,0.0536206774446743,-0.00226294320565693,0.146019712659599,0.164379383948119,0.388340575547028,0.180677138628185,0.443811978651715,0.231806538515195,0.591370276199458,0.423579418727008,0.413803390030029,0.0553452000760982,0.417597585117868,0.659334390657158,0.453299518861281,0.525664377044246,0.689405234138589,0.388005535554217,0.414023469968913,0.856118766147634,0.556599048209909,0.718136420485366,-0.0263765949678712,-0.127534866177856,0.579025818547307,0.722522252066056,0.364778350783474,0.543781604059354,0.571047058427251,-0.102436214887117,0.148799784389976,0.436735673175321,0.256829418533542,0.143633267235065,0.0539701202930214,0.390279871306899,0.209455678419043,0.853566652396799,0.117732663852633,1,0.358362788069368,0.387053344698201,0.640152268674489,0.0776598083984606,0.440621898444543,0.434256499702649,0.126097888320882,0.209138159125178,0.563775175766772,0.33622033152683,0.346002057620872,0.332649568427269,0.536624823808029,0.704362404243046,0.38031963530664,0.631099060953913,0.777397494038131,0.213675263014702,-0.105984142275222,0.249509024107034,0.498703258514731,0.705362097750981,0.450409178333798,0.328890172597103,0.346686304860098,0.685907873314787,0.158748215774767,0.000599823198399513,0.365749558556299,0.127506811297572,0.304177958609246,0.388242454531405,0.211762898494875,0.254606440907383,0.443188522220889,0.715248729415339,0.31726398501115,0.504620285339287,0.402808373116347,0.163019475147198,0.457292717065097,0.315714751106359,0.228356654071988,-0.0309350949641835,0.220006406985789,0.505880555252637,0.525704001615516,-0.0551468131429009,0.160364963678157,0.43833965817051,0.187159217835685,0.392458807255463,0.330171426610921,0.461863852432897,0.623027235737227,0.305382901037932,-0.0616131388104718,0.494156517732407,0.553474782456255,NA,0.172137387858508,0.154253155178452,0.427662044183022,-0.0955039644304383,0.0900747606201562,0.437857041497726
"ROI213",0.144931607403152,0.0740019149140151,0.119089113194283,0.477599116205151,0.341531333210744,0.113588863718304,0.375960221824482,0.461943228082146,0.279540549195119,0.263247471299044,0.188962526310313,0.168123993503941,0.0459115955212632,0.125935697793776,0.484991158977933,0.0976626511123254,0.470893194991537,0.406704312524104,0.0567633453854808,0.219014573871809,-0.0105478331022511,0.190534114252613,0.533750106177615,0.135319128445524,-0.0142543254506582,0.29416079338627,0.420311863170335,0.482481472613237,0.502125214246765,0.166466183570639,0.0431880845809522,0.43020142197185,0.156954203808432,0.306726019366393,0.366669025717007,0.431191576554723,0.158258287326207,0.00179401759039079,0.467233124166577,0.349770845429093,0.262347549113132,0.535430293060108,0.0842277867612962,0.312280865089337,0.390956391371695,0.116123103962626,0.103448123316239,0.411300084171936,0.341591049111068,0.444808373931282,0.405173694198725,0.200027333359948,0.306841465561061,0.236345777614586,0.493149330549126,0.314238399173822,0.358295273367965,0.434904359844848,0.279359490841797,0.349014643439391,0.0286290622619827,0.331021300462344,0.379740264356745,0.312600655666227,0.09088072137727,-0.146509171617202,0.116637769899901,0.0907865900918632,0.112265800637945,0.308234139596134,0.446591991955585,0.0602437550470869,0.0253903739813594,0.307746893114682,0.307206209716013,0.0584756060723557,0.258377758226787,0.0236443164001161,0.12228864014329,0.419859213851453,0.235963029862463,0.105850341310251,0.249539680754695,0.249585204810385,0.366004022470899,0.0436075968028334,0.359898695993295,0.0481868394324705,0.227922160939703,0.149392202504352,0.241237351623332,0.114552340094724,0.38627486662348,0.130758787681058,0.318878136515734,0.249736768504988,0.294783537219129,0.281030680138258,0.342493794316667,0.328696687868589,0.150641603522259,0.358172206634973,0.0644851519201506,0.203850230424383,0.424458115429649,0.437721625502672,0.201905898616684,0.394826011141294,0.199144934459085,0.0439243993706761,0.0760915089763096,0.598539120758166,0.360700574363695,0.0989094979432887,0.478885333009151,0.313219615273917,0.301615609767483,0.293290370841918,0.1812696468229,0.414640975309888,0.0433606539204132,0.345566273777314,0.129189047639011,0.288993944189347,0.194793902202522,0.0411509858206643,0.419228556566982,0.0244639457882554,-0.0186148318456343,0.133138659522804,-0.0152913385922045,0.412730584575214,0.462296234249133,0.0997801900855737,0.120503243898379,0.445534517769089,0.0782554093725588,0.334406106150539,0.399534910202389,0.203090492453182,0.125982500057323,-0.107358532714098,0.263583383050438,0.262560180837294,0.311972001698586,0.291213129251623,0.298129613002017,0.366262013365191,0.202898591150891,-0.0745219991263479,0.236045121664705,0.0453598880517286,0.349054906430828,0.344992903668693,0.13651174818565,0.36828382532228,0.465665798343059,0.318045152107967,0.100387535551125,0.347937820082141,0.335263589440169,0.0688527065486739,0.367539802684568,0.32455815118642,0.221162416340137,0.391414529680363,0.324308802687384,0.153371297027739,0.408638581534316,0.26497368538573,0.273327047843939,0.488044022965916,0.335747522541731,0.1009246263158,0.0859712262936674,-0.0797309143214655,0.369548625848691,0.338767722932195,0.193072180113341,0.411772126269,0.404218037546244,0.312292346347992,0.500487852029105,0.113177613050051,0.50435061524742,0.134178014066064,0.308528695459705,0.110537829551063,0.329662567752505,0.323091124273847,0.589406915004043,0.213480078770988,0.17387768833648,0.144783193326217,0.341849954876402,-0.249502407468803,0.496125145907342,0.414543751123256,0.595495489490711,0.276304440179746,0.13398790291629,0.080751269824337,0.32280455077815,0.159078542360031,0.453199605398241,0.332127772468708,0.423432442182008,0.408757935365008,0.229439975837742,0.400784119819832,0.19187030496034,0.358362788069368,1,0.450306890208894,0.228105892868411,0.349666894736103,0.523478947993032,0.430624250159438,-0.0478259438067058,0.131349535726082,0.249270486243174,0.508229873571201,0.371690802989947,0.428270638568,0.341382854882272,0.207859746112565,0.348647680364028,0.211837552051964,0.453618558038717,0.45162424142734,0.226197473061384,0.406929671001464,0.38017042580322,0.454161110597724,0.483195848083368,0.10623466099512,0.359227795641528,0.165749405208767,0.377870173871995,0.355204268859401,0.406704610426359,0.379143770997663,0.48091048824532,0.388575837851121,0.428859882508968,0.389114227409281,0.384135823780391,0.203623086759454,0.0203455598991649,0.394841480360453,0.299583332702237,0.210360985758872,0.41029217142524,0.32414723685465,0.351474645905294,0.0284779125574773,0.0918158839793603,0.0207070693127484,0.216207246815529,0.152678442284711,0.241165495192359,0.461605704711442,-0.0408020071165716,0.398106805455737,0.24279468004143,0.434268835736342,0.179841422509556,0.446373855943078,0.268231868306002,0.289041832089379,0.255312728920819,NA,0.255255902448525,0.116886204305451,0.4592313944772,0.18930392092466,0.363077214356098,0.436051702955941
"ROI214",0.153536658829551,0.208645323103609,0.30793311628723,0.506048951065464,0.224779241943972,0.263299904707534,0.34728656597634,0.511136181127532,0.474161791491144,0.319717716094745,0.109296406154068,0.341666061586832,0.0521566794182245,0.0454901237313265,0.507678815408773,0.196918210144096,0.487303750458719,0.411998341301606,-0.00238824100955651,0.344303290460147,0.0424128718250437,0.159731645265644,0.530872864432337,0.173317615990434,0.164325092025324,0.293680916120765,0.374387189500174,0.399173820600723,0.730492329402181,0.0550116267474873,0.116757477875219,0.463572009271879,0.179783376135581,0.359556749488521,0.460589991592829,0.791712090086604,0.211487791228441,0.200622493764955,0.794709884696366,0.648056683735462,0.524807976004773,0.56910332340979,0.0206365261353817,0.329899332169841,0.542047039876879,0.178418657157748,0.154853549405115,0.65184725539883,0.349558447767318,0.407236000756685,0.321724379778383,0.130207460130684,0.389590472416867,0.13766967451581,0.669333548611311,0.36453188660431,0.390663078830279,0.326427171995823,0.283814166320439,0.653016626261547,0.00969770057855357,0.231304420125681,0.432461728075997,0.311388642891314,-0.220895639660867,-0.0587190890525521,0.144876496582764,-0.0215547697582697,0.137681290927241,0.0980717424784954,0.378074296923021,0.174155978934853,0.236763043039894,0.204442478515981,0.337921709785586,-0.0812282411422327,0.321103358323841,0.125195550633622,0.273830958952626,0.700521536078914,0.0458033190582115,0.181810161637304,0.250270551419862,0.499457388007293,0.309030774406451,0.215547588116077,0.362508053697939,0.263166933183906,0.185528138194577,0.141381786057934,0.216351362313218,0.127769724825257,0.453320447612651,0.254195550288222,0.555198584126879,0.197519151132664,0.266293065155242,0.272237743426025,0.106408104592779,0.429199220228665,0.313231356124906,0.4104293351878,0.0894659692195452,0.246192604190255,0.398056205125116,0.749820653037637,0.290055489949051,0.564392634795408,0.215710562331368,0.192018976505742,0.216190108894462,0.390300401633965,0.282278046338806,0.0543056419045307,0.457277785345619,0.502709600258173,0.490999205548097,0.409187611397489,-0.0531532216056707,0.45469000026584,-0.230797434408661,0.405471751951085,0.0684045305623517,0.531901654729003,0.329715141014738,0.220228502092564,0.334431954388026,-0.0731238552119831,0.14515569295055,0.403455559646238,0.129520564698768,0.773186815771125,0.234266717478198,0.221657016408656,0.269260197010344,0.649201787387159,0.240667626041811,0.301270855350114,0.338997302931899,0.372499399308168,0.0395913421266036,0.0334121316923334,0.619724906021446,0.177841767453723,0.365300050351653,0.604804113894229,0.558630795764009,0.346038555268277,0.163893679832107,-0.072836737911299,0.319290449332157,0.0366621682568265,0.478354590141312,0.388185422889239,0.0802557146562967,0.447660689593416,0.642202342094202,0.236112018422228,0.275116113582968,0.637600840643121,0.24675737077913,0.14495523119752,0.329410121093009,0.437815618726611,0.307617752676428,0.50126106499775,0.31406914261207,0.0899562506628669,0.439599667865665,0.355968349489525,0.350603518100265,0.461534034049861,0.281018841911518,0.118922009719769,0.129745697902986,-0.0647939194949622,0.566656804148839,0.269394488924699,0.485017147458177,0.380015608990406,0.323791564506157,0.301677382989579,0.490852288107452,0.0877995869775114,0.757341497385605,0.196491914450084,0.357143712849031,0.161317259396354,0.345489910895407,0.664044811712993,0.699157766536798,0.259680621631824,0.442741606712058,0.277494197942565,0.307973649652246,-0.225544473723046,0.649744858489073,0.269189678579838,0.374803967533447,0.490504513398627,0.398450979238159,0.115060758479201,0.525888895786565,0.281484071841252,0.607619935744119,0.309667777882058,0.229027098414523,0.605768618808532,0.465912539465046,0.412653892979844,0.260972958124952,0.387053344698201,0.450306890208894,1,0.333856091368184,0.357160206255111,0.470386792571976,0.424627100078199,0.0557840060363537,0.223592045037492,0.391892949228726,0.770671231184481,0.626605359382679,0.694848268995971,0.35446243872596,0.389061370536942,0.510641321445906,0.273719780940543,0.559194491167397,0.547241161196446,0.220225115191192,0.843088383041475,0.395714298259889,0.336430717286807,0.557546771951127,0.282803849687782,0.339173497623562,0.182424142984818,0.335362586515254,0.60857845486121,0.479278474179897,0.311308864830962,0.39608815216007,0.145571059797485,0.407133490520853,0.448375169498317,0.649482882265766,0.270683491864905,0.229465994417757,0.798832750795271,0.34520788426856,0.28479105308609,0.413971681487291,0.239006595089061,0.452116870496673,0.10181973608935,0.0478296249468959,0.122118796717876,0.342188449992914,0.096569018557529,0.259917247083805,0.483232689743022,0.206718246038946,0.279209361009571,0.144628329701472,0.352311436230806,0.410376262530251,0.367298700670412,0.291075221764331,0.372009707574529,0.14950643275467,NA,0.237754490820209,0.392106520036644,0.8182588612539,0.246293806028747,0.233393025663197,0.501180631381943
"ROI215",-0.139936335898858,0.261520504700024,0.150960862053666,0.368642668710621,-0.13241787690432,0.24005704610473,0.247639720289129,0.0298030274695475,-0.0892578102932727,0.299372498841816,-0.121124339385297,-0.0811206854438451,-0.212349514647734,-0.329325953447692,0.237618965202152,-0.0654133071942415,0.0436158444072825,0.264088624312379,-0.0381490457807969,-0.027898533156425,0.0563926933751026,0.249401880829457,0.244097969607803,0.198842995161302,0.0859638879778373,0.398057150172875,-0.135033253719405,0.25181279728989,0.219596451286956,-0.00798799342573521,-0.141100443593953,0.183693306210832,0.264181582397931,0.31697077000443,0.309823215734128,0.219833025916275,0.0934678650142364,0.411861486829268,0.0933593436406687,0.126383329064836,-0.120126962952471,0.139260275284246,-0.0147609618998136,0.223967071576145,0.182397492211243,0.328745463586123,0.125315684114003,0.181406465687063,-0.0768040988153461,0.248509835717535,0.24915130490395,-0.0293786842977919,-0.0497434158910698,0.0952144031042261,0.15029260874203,0.141481120461886,0.0465239019194064,-0.0800889357515027,-0.105744003414328,0.0932305230070452,-0.00145343339255021,0.393662026399089,-0.00917489034702779,-0.157932674339321,0.161444609674979,0.0964233515597947,-0.136430523103156,0.0259288750971239,0.332428220938996,0.067696813881526,0.0174326347640895,0.267496490239779,0.1962399565679,0.203926657090547,0.241462138770136,-0.0658082745466453,0.369271346615099,0.38404961210784,0.0585563443760024,0.17840695651062,0.109248659252593,-0.125462334059487,0.0300580675430663,0.207786571837072,0.0106756164514845,0.437359420585455,0.251428441008631,-0.163629188173746,0.409559628696024,-0.0248891243097862,0.144345175889617,-0.0892891855333235,0.0712651984210852,0.208795710447341,0.170313496495291,0.239254934437486,0.0883175483259362,0.0154336650583734,0.0586552066644868,-0.0386492307075463,-0.245200719702371,0.364767703194653,0.583862127726803,0.0819670396857843,0.152386709804721,0.277883378042981,0.204862063787826,0.1308942574109,0.0377381960090577,0.39217388976254,0.281812247595713,0.227914850353826,-0.0506855048850297,0.115269920009208,0.0940603453828869,0.0868618792108969,0.100513253040626,-0.0851380409283533,0.286410780624851,0.195953781191254,0.00935616539966438,0.420740869750397,0.26513128770853,0.168510837617732,0.0408885553372277,0.362720096696193,0.129055356522403,-0.0282215838477879,0.15693494353478,0.29913487681809,0.406377880810911,0.195233080746556,0.102777579432315,0.240790606650793,-0.0498281768937648,0.206304351417634,0.249030938178147,-0.143036660106942,0.072418176104242,0.0439263626782707,-0.0196457781053838,0.143071626955211,0.28056205136962,-0.0682627256232492,0.747289497990293,0.0408824424798843,0.511654117399483,0.104813708332373,-0.0279016809059507,0.255368623419631,0.239145463062953,0.262217000745696,0.23449805600593,0.291246808713061,0.111707547999752,0.0536946272932105,0.229386934717432,-0.158762699402311,0.180549109622267,0.263422041645715,0.0106610682490824,0.0814924117392997,0.337973291082984,0.158212663145078,0.0648255501903069,0.086634866933366,0.0633084257954308,-0.15455691261383,0.14487876644633,0.324683654091382,0.241761985874149,0.305932516209711,-0.11512878414384,0.0533161827854404,0.0398758180951911,0.256220586663818,0.234300218588131,0.082382556714507,0.51342531260856,0.181796185736953,0.435409060940589,0.352536013086297,0.1770113714207,-0.130675539254985,0.348050165881349,0.391843722971283,0.373081855539824,0.536289878864717,0.81689422786696,0.169774237628903,0.167125345665526,0.62604115083064,0.454640286058131,0.472747306821672,-0.212350042650584,-0.0698413635371744,0.481518548892074,0.618174795506654,0.211446383230518,0.39247269401486,0.357729629895102,0.0541623280158952,0.00916943903168217,0.188099417307494,0.164169015936982,0.0318488168403761,-0.0157167397401617,0.239141775645958,0.218283874119357,0.497082236023247,0.0165683151889907,0.640152268674489,0.228105892868411,0.333856091368184,1,0.196595380757395,0.257299130819931,0.15633080925876,0.228834452847188,0.192303211980309,0.50200300017915,0.217840272491664,0.160305897614013,0.205204483473049,0.428747361356805,0.471133631778317,0.104324513199558,0.575192678038886,0.660728443894281,0.0583830785906956,-0.0696974438919653,0.213689452033053,0.260595167773845,0.413193722615054,0.312074484066048,0.205531122196558,0.325489688459196,0.521431543492484,0.00165310381460029,0.0283136630385654,0.260405312992872,-0.00550985226934994,0.0794412791928574,0.398626342174065,-0.0271001269344625,0.088398279222266,0.369129656877295,0.676250872924273,0.0856172953313157,0.473388689288425,0.205447796748583,0.165416231079957,0.304105752552075,0.168267692734424,0.0234698748927445,0.0169143212506526,0.161530406115518,0.288315655733143,0.500679841645475,-0.0377865468733,-0.0236649464955857,0.192546871184643,0.21210618632906,0.105924495699372,0.278009557053901,0.203040042383581,0.551380719860509,0.0138609045341876,-0.101817937548015,0.197180045912125,0.512790584329469,NA,0.0805173054404648,0.207586625378168,0.287144138751075,-0.0031869510351855,-0.138668066338878,0.236585851761036
"ROI216",0.172325917510496,0.104260476967877,0.389963623277391,0.183906342187668,0.169153359506504,0.0391354904749689,0.0959948993545187,0.29171873710878,0.183572348313074,0.263270068210441,0.336657661052626,0.199342684098014,-0.00299734821352585,0.171919057220309,0.387423951330544,0.226510364544125,0.432162618096542,0.185757429843167,0.113613308275699,0.306056228688888,-0.00537967045764519,0.0650823978847496,0.187282517874369,0.030830872073717,0.0735100773606791,0.106440219668558,0.516031395945948,0.190138648558656,0.253156928678298,0.0298221164703553,0.0662157854131024,0.239888931893385,0.124829839004347,0.0881179658507865,0.27567598720486,0.380377401213561,0.0612732492427295,-0.0350385903670461,0.405266650959415,0.25760307938835,0.301745604042267,0.349515260043912,0.5088583204124,0.103818756387332,0.293057388591424,0.134589139137843,0.174012549961867,0.341248382673676,0.321670121094717,0.192914133045601,0.22869685658614,0.367180785275594,0.305957978229475,0.450923674617044,0.50524878451696,0.149116268516901,0.19519583857323,0.42379154435425,0.460658384942727,0.252671513259407,0.103522083509754,0.244802011906175,0.326350052637311,0.352298237659105,-0.172423603573851,-0.0438333164769921,0.331112882950728,0.030002801598361,0.257672918562671,0.0691758494928674,0.463389300164684,0.00859166718845567,0.134246819862991,0.261614271796992,0.343332080909097,-0.133127956467392,0.0939155344301308,-0.0858248782380021,0.204625063694968,0.26776377964722,0.114944776183384,0.417564524109672,0.204448789529127,0.217023512889339,0.249173252148003,0.0296944012972144,0.248465413643567,0.148427501590314,0.0802533761763962,0.181131600479478,0.370823646011474,0.353022167417694,0.256155712247298,0.297245208292208,0.467353563794034,0.159355202926117,0.206943429836675,0.343638189824012,0.358333911243546,0.442772857253634,0.194045210787698,0.249548051057203,0.200308234122482,0.094454303967133,0.137241128435278,0.291408344430171,0.173357371612418,0.302546060576086,0.226690381916302,0.0301722114877542,0.366624133551453,0.393628145197308,0.0637544468407996,0.227683649295249,0.317197623243946,0.290780633473186,0.266655818100338,0.378873840248612,3.15633763809532e-05,0.275055310022456,-0.0115095013433961,0.376676650004377,-0.0352925003972056,0.336013236409874,0.264241650072326,0.0578102699122575,0.317798385867801,0.203524246918833,0.0951455957666659,0.0866675430378858,-0.0448436506172385,0.362149039803704,0.241913769017458,0.166877840830789,0.222531212341859,0.37231091721439,0.382067867466618,0.561207568222258,0.2343963866687,0.375753852372493,0.092080052688237,-0.0264243230514835,0.313983088584232,0.411498329430857,0.231061328473217,0.310059663288316,0.176120569700713,0.185101841208802,0.481011243289163,-0.0950309629687375,0.350354555807985,0.211527300389204,0.140089935011216,0.0977313777536992,0.220694060688278,0.390929827391637,0.273303542960253,0.224356213402602,0.153574592007864,0.347002983340553,0.539813825691595,0.162976383173961,0.37791408486285,0.335997375083768,0.0731732613094701,0.345365132074863,0.337294869904844,0.156673254731957,0.584036362451105,0.233840179850539,0.10872757238438,0.449835354003473,0.434951462015544,0.0132333846137859,0.0730678447281164,-0.0109132060767913,0.320626949322292,0.181851849513835,0.232527890040026,0.625413643118194,0.0800940063417791,0.480205303533894,0.321798919151476,0.234269869901379,0.299411724269792,0.0215542668002976,0.482609902224488,0.136101253556489,0.253159568664579,0.308347934902052,0.326784270147222,0.00257476784847867,0.220993679231832,0.0622721685771954,0.306494334071105,-0.0896704526607844,0.271432355444087,0.184349476266022,0.374316474064805,0.207581922843277,0.142178994320496,0.130025283515213,0.255010548076088,0.213462022388043,0.310009091474505,0.323354758278022,0.51972921126999,0.336127021187029,0.311322930253033,0.0902555502689234,0.270814136675598,0.0776598083984606,0.349666894736103,0.357160206255111,0.196595380757395,1,0.209382233789658,0.238346839763506,0.0261875935950953,0.184791656644942,0.38175689931172,0.274614118372223,0.355620221659438,0.42697556506377,0.309096339783916,0.0523110111124263,0.27969567357849,0.0774211907574813,0.319559865390224,0.488252487641554,0.0662601981947147,0.340566434457621,0.278727946418905,0.0974875642341298,0.278851650428481,0.119969679342877,0.462622894743474,-0.0549950416296168,0.428408911359659,0.20860901278481,0.32594942536009,0.228471015850656,0.272896863156847,0.166927147371081,0.221227424445318,0.438445535541441,0.303013046089842,0.10502309860135,0.166990442353014,0.29587068208245,0.125647711999494,0.159968893355115,0.0794841112973556,0.180985002032586,0.205950904592365,0.0966937721378201,0.0755950404798818,0.0572482273509431,0.271229300924561,0.236819070971474,0.158639150044248,0.226535271873527,0.035506907893144,0.290555498723792,0.0245293176736267,0.00452920067740626,0.09910076082821,0.23596233239892,0.480124406705597,0.120629572317935,0.088037692125836,NA,0.241657705327732,0.364500745248028,0.373528816393308,0.443059139942558,0.25726605935782,0.237253278297011
"ROI217",0.0243498881910348,0.193251911079221,0.276168586809597,0.436431310659346,0.255039582876915,0.236453924643118,0.428114651557759,0.422922788010715,0.373651801508866,0.282656556223725,0.153614516206975,0.174686690843858,0.219592707437464,0.100909371196048,0.451499260704428,0.0642304101528435,0.275305893960731,0.403828162651389,0.182123905426767,0.00974224901369756,0.143414270432371,0.243639151507702,0.426550861308243,0.299962670088313,0.0182628323901463,0.297839168642485,0.220404553681911,0.422747706257242,0.407401499768239,0.308306641815226,0.157486753581233,0.439741553065026,0.215395602721504,0.382607571512363,0.247416399435101,0.348723392501235,0.204227478141242,0.118453196703272,0.378257185347186,0.418152900552761,0.192150973488053,0.512599730632508,-0.0312288567563268,0.370410223404796,0.349657096987689,0.189131504281842,0.111170599909751,0.429658802227522,0.288287159778651,0.329389838163409,0.33107622428876,0.0577539406895817,0.325403035008713,0.167034301158593,0.457325774586968,0.329127521603368,0.388850907844787,0.379454588954398,0.11077077894598,0.421000063699225,0.0776391057461917,0.413967788723222,0.266862536311166,0.280709542032401,0.00477050148460724,0.0328050366968416,-0.0160540951672745,0.219613500832912,0.249089365751784,0.0934668845702862,0.368361982101118,0.270822189117374,0.0294291867073894,0.200963492762258,0.240625027192429,0.0740747089233951,0.418781818809713,0.213035820084146,0.27273429575829,0.442495951247664,0.270535832890746,-0.0421471029255897,0.122936393528171,0.364104349588446,0.29118381552473,-0.0354741476394676,0.258900614882377,-0.00524810089713183,0.301621981143753,0.0575157512962651,0.190659153626718,0.125995476085381,0.382151209270617,0.216913061556699,0.233667894440272,0.113421013325337,0.446094158746701,0.246674239872946,0.15693067325371,0.22886440133674,0.152910527660653,0.194423866682777,0.0918353352120475,0.203679019315407,0.486086876714051,0.481079243888571,0.290181019462188,0.344036336280745,0.157718428809849,0.00629909294482308,-0.0254952230876188,0.320043781643603,0.480116609591755,0.0241026981051765,0.512811184354685,0.294025903624502,0.324054030678008,0.307953470477597,0.101551041353714,0.339074997464988,-0.109126478310322,0.361829528028567,0.223612819242098,0.307520653677209,0.277959174773808,0.0570923854944987,0.246092895626842,-0.0439140283243289,0.00813722489322688,0.157894004308342,0.120721701762243,0.394407603503667,0.407524891227282,-0.00428365925589086,0.192831229354239,0.455703184621104,0.0585624284015596,0.296675396700891,0.312828470970147,0.132587539360467,0.122896963862019,0.0214671252765604,0.311090951702712,0.258450864718316,0.376090353310071,0.269189082547776,0.273087550320398,0.400115071069879,0.130059854610211,-0.124518840033481,0.248744359004838,0.0135750715499021,0.304352067094232,0.368980406110921,0.133788621535528,0.301326711617112,0.438648394440623,0.332900630923763,0.103078769448358,0.438134213624085,0.133148306877606,-0.0480975160444412,0.252234633391148,0.356399806747435,0.251585511975211,0.43119814726689,0.39775712681053,0.139529673243255,0.336122926007005,0.389909401535434,0.399467962771532,0.424323341253015,0.208915836647492,0.0845229219090957,0.157026473786272,-0.155177099914795,0.435638492887639,0.373807543038178,0.311719596239494,0.378328396467711,0.352567554101141,0.327563129617826,0.438216201261458,0.108475888794598,0.464560726958374,0.322796580627634,0.307330582561813,0.153778314364571,0.349275133479161,0.404244804151961,0.581533579195304,0.385944331026112,0.280875716158864,0.323647055013115,0.245661902401748,-0.191016102141013,0.565828967520546,0.353217575110333,0.491144906717736,0.415783316736348,0.266228635296096,-0.0103255493848258,0.380736581331649,0.21300346125196,0.438287678359295,0.277685706915858,0.135655259871974,0.400994260254663,0.172713174261929,0.456033553958443,0.207128905104022,0.440621898444543,0.523478947993032,0.470386792571976,0.257299130819931,0.209382233789658,1,0.292535826182193,-0.0444814634304406,0.218296621543837,0.287563367659194,0.485592067234697,0.436168297766955,0.443343816472468,0.435795845298112,0.357585057182982,0.394886719901013,0.324003963122426,0.428298969483139,0.428957321624029,0.0614531628934498,0.364806878496542,0.375779066432234,0.471666506877606,0.438466851550989,0.103168101688834,0.192747431276239,0.172851175131854,0.377527209981066,0.37447087395998,0.316715411886759,0.336303758029147,0.375444044799676,0.197621281705141,0.307907034790381,0.343279648369973,0.335246621672775,0.330945048905764,0.136271536219612,0.48897573474025,0.308405145318974,0.207894515104743,0.452997160831872,0.285573434013384,0.331293849929317,-0.0618194726387514,-0.0112154462667908,0.170273692039094,0.27692140167869,0.0764543692676644,0.449789247727078,0.466043183787482,-0.0333987591383783,0.338655951989906,0.23696744727828,0.547660382632768,0.374635391154406,0.331419090825646,0.106539125219861,0.416901479905253,0.189719520547294,NA,0.17917655664518,0.195402253302366,0.459377367135925,0.0752196834054688,0.312682639733229,0.461685194242273
"ROI218",0.366597957842992,0.0616320945231677,0.10773424210254,0.5573776560739,0.516859319736557,0.13331066360658,0.407987909574806,0.529854704546829,0.363040200661562,0.272888404801538,0.112728874993625,0.241088224509591,0.0377050080164768,0.0724735540106236,0.714688309550489,0.181994432824928,0.620521170220199,0.716523980201846,0.0399630588331089,0.240472014141715,0.179796721145914,0.151653287257556,0.499456176773394,0.212294094934986,0.0843523190694607,0.327718672477494,0.514935439229185,0.591809331558016,0.476536090285513,-0.0748426947992402,0.0589571314876727,0.538584824656528,0.211700167336091,0.527958330059903,0.351386815137775,0.453849284722781,0.0650009841690682,0.102495046785379,0.380214240276515,0.26755330885338,0.384290294935142,0.345304020905162,0.0343504051785319,0.579757552789717,0.673188560061535,0.0234407007664711,0.136430844257578,0.39847717167164,0.267711865202337,0.628942372327574,0.376729067133434,0.0704945415958956,0.3930052718359,0.164107290513904,0.534649700915616,0.700539883521288,0.434287125865623,0.280655416211266,0.413758072734472,0.335513190656548,-0.0984977298272944,0.348042190393772,0.251891033201739,0.475703607681276,0.0694823859338649,-0.0571914683410352,0.175982833019407,0.0620499015280973,0.178619494603207,0.171663657366834,0.612444143794604,0.0364821469016276,-0.0267433836329526,0.119810787976902,0.423563340235328,0.00138366470692635,0.33697066079441,-0.0101945312832037,0.178109244504637,0.356716680163707,0.0823926017020705,0.406924489016384,0.623187992366883,0.484320051462625,0.507655004552114,0.133521471085031,0.466431709837934,0.227197409005802,0.31532257344503,0.304587154205368,0.220152229429895,0.25571241151727,0.687732385993171,0.188003236817486,0.305170350779712,0.247418096069742,0.258969420372396,0.286607249951903,0.424940775386536,0.35679756283676,0.268372412802979,0.422279170697369,0.103465172220046,0.166570467951807,0.575661898342337,0.413879929384846,0.2252260810784,0.385021166580491,0.0820646546143626,0.0467841898778009,0.0524394651132174,0.399878242889177,0.239623758179669,0.0391312326704515,0.472199475530022,0.293454614818472,0.399426386867024,0.343402950152519,0.08673138011851,0.368208908321577,-0.0100844879865246,0.316423282586462,0.222162322349303,0.324084404203272,0.143840822648532,0.120037161596542,0.2128220879743,0.0496026050633,0.0820435814057283,0.15467430466047,0.07895134355369,0.460342384169848,0.391807438605067,0.0660871283538859,0.157435533069323,0.384724207847495,0.139998151252029,0.194524748629077,0.588991651250818,0.373016640340387,0.0521765925358661,0.0450341513009765,0.332207923881667,0.142708514883659,0.203347656983122,0.450719646255294,0.348193492802321,0.58480989066216,0.238997960708688,-0.0567197094567245,0.230927593028907,0.152910723442872,0.391383810914186,0.703728867925754,0.0920463242634972,0.331092252336259,0.564461702553859,0.305549430884382,0.076444202093388,0.273979024706441,0.207255035271353,0.100231679759891,0.180688737945336,0.37430030737493,0.405416086348376,0.459687000882851,0.335444083082602,0.21046144968138,0.274620208395024,0.19070211438255,0.333998352825024,0.516195157518712,0.455073794424152,-0.0432892612265717,0.167122522357372,-0.170330029925685,0.334502707828014,0.182278212996212,0.18004784781263,0.306156650380832,0.390381197501157,0.313853781094688,0.782883480795328,0.0991587420204671,0.464586340913711,0.224436280208584,0.186899233037189,0.1065245380848,0.1246074384298,0.480522487800085,0.521606092639428,0.295907146148312,0.21617143810719,0.166866245499848,0.521583301520424,-0.305920610371445,0.401986187606517,0.328499822980222,0.386884511300984,0.286445908530439,0.253422749626003,0.0295411166568273,0.397278848193025,0.3136184642392,0.421846335397445,0.566879972269208,0.428724995188024,0.352644248686764,0.175393053533207,0.57423985359487,0.0731671392452316,0.434256499702649,0.430624250159438,0.424627100078199,0.15633080925876,0.238346839763506,0.292535826182193,1,-0.0741686034018829,0.192751686157415,0.319691896425662,0.528255554130165,0.494400771973667,0.598630820576522,0.314582758368601,0.246535163029544,0.412500498964776,0.211694277187464,0.53652301827392,0.5381702907002,0.0783292474594843,0.346996824911926,0.356023916023746,0.506087635365818,0.479476264979879,0.118878218157436,0.636484620543563,0.293524403307627,0.414798434574263,0.331665819737549,0.61652743011357,0.522620384451876,0.382762874298188,0.184399133062833,0.751025168252229,0.724396951785296,0.41865597554194,0.131553684254083,0.207256625145153,0.308558522246737,0.315605759406876,0.194045466126651,0.537893301195535,0.540891557026649,0.618330016662485,-0.0270724536944477,0.128531840156574,0.112838226625404,0.33114988877307,0.0697135570687173,0.171119015890153,0.698569968961713,0.116130689617328,0.665389059001811,0.123479760283044,0.418162995103136,0.240907249061669,0.839666219806995,0.493218568219821,0.440226859336885,0.238525982490735,NA,0.183898369850394,0.205176376624742,0.529809967141708,0.22931578512828,0.60726163151709,0.675806934147671
"ROI219",-0.0719448615513432,0.2092077701927,-0.0289564730280963,-0.0460736278713006,-0.125742930900957,0.225776628880218,-0.062794319513241,-0.064204138002821,0.0231037291494484,0.120744514220695,-0.0663635555392834,0.0920263379059292,-0.111328301855871,-0.0588166429120757,-0.0875819826562172,0.144221365116561,-0.0597969886785453,-0.0300152604253793,0.027598515147766,0.00177541443654479,0.032368201695235,0.153998590530959,-0.0534160260489321,0.0894190091444391,0.0664585517157,0.0406913226640558,-0.0811048655107865,-0.0604249929098858,-0.176858910446905,-0.0623818538747217,-0.0843328302770764,-0.128372889561786,0.308074889843101,-0.0578251995832049,0.28391592105789,0.120339714664713,-0.0956219959072953,0.332960099631785,0.0406081932892383,0.0730277673013123,-0.0325579695049683,-0.013148075768861,-0.0916807781501114,0.149888619985101,-0.0135872310329775,0.211848573782834,0.12822644977456,-0.0203700762738965,-0.0961307305858402,0.0188721633656168,0.175869667527409,0.0897936631236784,0.0606301366484377,0.00766026892047957,-0.0180884967203876,0.0321062359300693,-0.158949296607746,-0.0760871929457212,-0.0345238876341883,-0.0566657613510562,0.167380212604575,0.182155838110879,0.045083672038079,-0.102416953894114,0.0367227156484419,0.128830866688273,0.0541658950523411,-0.124662785290451,0.0197304241466433,0.0310193856168673,-0.0652055881704739,0.213892754486808,0.362675581742428,0.208020363048086,0.117854432077756,0.12433621406128,0.101105225767617,0.0971947127636552,0.119322510077549,-0.134786107863015,0.0360180898090392,-0.0377979962546927,0.0165106536025051,0.0767405910851509,-0.114029397462219,0.429410751428609,0.167448088777714,0.0660891681410124,0.137892754840663,-0.0238912064432003,-0.0939310223578052,-0.0101158920359642,-0.115465832597068,0.188551882303524,0.121674815049913,0.158385890551103,-0.0320749892976265,-0.136157399307331,-0.0985928782259449,0.119696032547093,0.0203221716564684,0.193692916767092,0.0203539262255955,-0.00460994110124417,-0.173505105957218,0.0285073890225718,0.191115698756731,0.0109921486669932,0.111110774617506,0.373174966688581,0.177975553634459,0.0660010160151647,-0.125733446003569,0.0751445863193653,-0.0327251974405102,-0.0291202062491479,0.102478469020196,-0.140419541354033,0.100263658652328,0.0408826642875078,0.0134047166622196,0.175284864742726,0.150344360360439,-0.016286646178514,0.102182925054222,0.502263298527769,0.0739055884316302,0.0963021329794457,0.137813510639558,0.346355338682259,0.138678722087763,0.0446083028120692,0.0022605074103044,0.197559228929594,0.0275930350966347,0.104999122375135,0.0165832201361115,-0.0560532600218724,-0.0494648639287166,0.0352788873693856,0.109549832045489,0.3839152452905,0.137819259094774,-0.158168062396902,0.121628499679015,0.0213719198472642,0.220532590172206,-0.142513204477936,0.143052450592098,0.373742317627453,-0.0473439482509279,0.144663867051909,-0.0974915101327875,-0.00810979627757905,-0.0844649077333399,0.030272352759225,-0.0752649476556225,-0.163526858717295,0.261460315744835,0.0617839686908125,-0.0584655597950502,0.401674349936134,0.186191373515391,0.0277518655647085,-0.0715671800014001,-0.0718944613977615,-0.16597481531216,-0.060494088180866,-0.00180302739497153,0.0827411171985061,-0.098635162712423,0.041912568150425,0.0453861848123274,0.259233494565675,-0.033608406099902,0.0287910696589894,0.0619205345404918,-0.0928374096940177,0.282074275976327,0.0508579529504094,0.0998748042867713,-0.0233799090971514,-0.130615985192526,0.0374968240973554,-0.0393561145823873,-0.0236921733675673,0.0255213475876332,0.117298595157431,0.112405350427053,0.026136440591258,-0.0324314323162948,0.083586282226585,0.287145283577117,0.1140034247257,-0.162524370048956,0.0997945426102335,0.0556115565409428,0.111220076789751,0.0756918844524787,-0.0132131246971927,0.195609478212474,0.162254958590742,0.0348109058908093,0.106792063151073,0.0290751702504616,0.0344539445399277,-0.118630238592008,0.12720947920423,0.197893953942885,0.0545172924216973,0.101090126852047,0.126097888320882,-0.0478259438067058,0.0557840060363537,0.228834452847188,0.0261875935950953,-0.0444814634304406,-0.0741686034018829,1,0.211479723723336,0.194813629093163,-0.0221799209541559,0.0596365160913739,-0.0482480880352766,-0.0234339063649205,0.164520969931254,0.0669940698393771,-0.0116161027164971,0.0884572665824144,-0.0375429737023385,0.0424390036062302,0.0799312104407945,-0.0044751824463363,-0.0513652036189102,-0.00160689617160882,0.299709964314851,0.0110219988888597,0.201110852991831,-0.17473197275851,-0.136778259210819,-0.00954430294926761,-0.109015870294917,-0.116522424692689,0.0825120809076598,-0.134329409865425,-0.0862280213796525,0.0966901817993805,0.0797812974080994,0.0713942472188815,0.0349127501865938,-0.0162074502597869,0.0214822638599511,-0.0729174987025921,-0.12083359565836,-0.17417573809314,0.343673746361771,0.0120515039146295,0.136751985856076,0.0482520050932928,-0.0463711281532029,-0.126100750645876,-0.124199780092071,0.0350790825587456,-0.0292268932092282,0.0693248982607299,-0.0886473467026994,0.0601497725853364,-0.0853867079756059,0.0238593668488005,0.0316403454951179,0.0977318308869257,NA,0.0586952244822452,-0.029417792404832,-0.0189666934264375,0.167313743634348,-0.161105581027509,-0.0717981610405824
"ROI220",0.0144182957017767,0.20140442794316,0.163657216824413,0.226449012714292,0.0275057760889064,0.142351454791899,0.180322317945306,0.170369633938094,0.101157698654884,0.089018774347315,0.0233980105663883,0.28240301382063,0.182116176317803,0.157145714247638,0.193922432207061,0.132993175888935,0.0659119517443873,0.168317431392197,0.0148025044699592,0.0543928667540577,0.19296930980163,-0.0033781562061259,0.158716793118076,0.16887408475643,-0.0618245004488096,0.0923916126106796,0.0830465565093054,0.169903432496202,0.159252310929679,0.171427115005966,0.117100796100087,0.278037591062543,0.168735413481302,0.220593261301021,0.227004457776376,0.248841527886376,0.11180485089787,0.321710038906857,0.202131113410565,0.224914642718649,0.0347057671837303,0.132657188137628,0.0647809545597738,0.223118041428808,0.268067417019558,0.171096806141833,0.13289559626715,0.388335366867601,0.17238496171032,0.202161246127132,0.166151141642963,0.0700074461495305,0.311507311313296,0.201386609491264,0.235068738016919,0.217713669099605,0.0617587204937024,0.210787993020512,0.0334709156424546,0.169545953830877,0.112085561300392,0.203296092387581,0.0983120755771267,0.0682200054516894,0.0315330630710213,0.0779184908021712,0.0426404116698832,0.210873616035655,0.268177964872703,0.0288593792897633,0.190940464534613,0.164941984621407,0.192383678271872,0.138468368861074,0.147553681249017,0.0349981395608256,0.170877222180569,0.173726254058523,0.483433721463156,0.0838070039662389,0.137242335367919,0.030058860473764,0.0981244851611266,0.320522729492381,0.0374745537337055,0.176195538437131,0.106332714251932,0.0138939381369525,0.108042759145061,-0.0820053552664457,0.0401351789028771,0.0651614194307813,0.136323250563996,0.0958006353742772,0.149092735331046,0.106144516635632,0.184290302482719,0.149922987715251,0.0795608148591429,0.13292107929229,0.0701743066611739,0.117821428297467,0.140425770107821,0.268273099280177,0.194814786431874,0.19153090145194,0.22848485774001,0.218675397615123,0.0352334230681418,0.157892359508344,0.0220728810230477,0.207084950467643,0.193956277595572,0.0888483038817093,0.117521584541826,0.0491676145600478,0.248867556341295,0.176281915345511,0.0701082886506329,0.150084267631288,0.0308409606907089,0.283540880901172,0.129822850091559,0.150937187414203,0.226080653781381,0.251877691622637,0.115612285103337,0.145301268921669,0.0749940477418107,0.378099963031891,0.112956676225585,0.317602566483991,0.163674349289772,0.0966119875799831,0.223140773388318,0.252333942683066,0.107094783253635,0.13390022358912,0.146697620096604,0.0123916151046906,0.371556448493801,0.166136250451406,0.143750253130129,0.11350104369633,0.180044252073623,0.078383699607461,0.230112797936462,0.145388207534326,0.107045675392924,0.139914604861377,0.114055105144104,0.125197681137202,0.155219764461597,0.259154339080617,-0.0349101749826626,0.216138072096895,0.181105440127698,0.0346347514756628,0.0311121194050986,0.157342368474578,0.0284081905270069,0.143988364181017,0.162103050255867,0.107098896033799,0.243556168990838,0.136562086337883,0.162383409138241,0.292788611009361,0.0197880038254673,0.111101923086009,0.219718412035118,0.0899671117353747,0.0607912366389766,0.17534966033505,0.277478161619023,-0.0169305940431864,0.110186005477847,0.262788093854464,0.0853287387090209,0.0943274699054586,0.180935841576248,0.253620991924499,0.236910361134331,0.144941453014322,0.179781033413,0.165948691791864,0.104548673762287,0.0764683504461323,0.192836243437537,0.301821528747715,0.184849733755886,0.179462431625608,0.153871912374908,0.143925725139549,0.0170030673738847,0.26523481107154,0.170251409652746,0.17960840075286,0.18831704951664,0.182595494178955,0.198350651892091,0.196783810363609,0.0494600844650029,0.221576825212279,0.310624526530253,0.127028320112919,0.173480077264191,0.341607819736706,0.0721269039286389,0.191779192403389,0.263078531837449,0.209138159125178,0.131349535726082,0.223592045037492,0.192303211980309,0.184791656644942,0.218296621543837,0.192751686157415,0.211479723723336,1,0.126544370855192,0.193748782741773,0.314254033116395,0.27499751950579,0.224463241039689,0.137313741697358,0.345287786226551,0.147299777825409,0.181693026511892,0.270017422507814,0.253179815176596,0.114346500159178,0.12483135584909,0.136067232116731,0.270920684552756,0.206750518793193,0.146053882957055,0.0971524749646197,0.0799748276243991,0.00934225113597164,0.160178650116181,0.0915327601196901,0.143743889622129,0.0946014257345745,0.170907870078107,0.140431518386398,0.153749118177055,0.243778948694037,0.149482160994517,0.187725124589831,-0.0117553637028297,0.263273801714707,0.159166007057813,0.136877634484027,0.131157102752713,0.158937517941508,0.124205663466789,0.226980134832375,0.119744585213149,0.0203885824721982,0.203588256634708,0.31325836524815,-0.0216281065286142,0.25072630339395,0.0889515386569045,0.0955896969013525,0.186947617471217,0.23005104693858,-0.0178402930151901,0.284223784308252,0.132705203040983,NA,0.0153045432373595,0.159825363261928,0.230998199398138,0.0295624758098184,0.117678183889646,0.255600966588401
"ROI221",0.0323716499294929,0.429968256744911,0.187661734425014,0.235464389871462,0.0929847621778757,0.277989208275413,0.0508246523952602,0.197004998966175,0.232334636779979,0.521344768430195,0.285397254229685,0.250996693973809,-0.0986907426607883,0.0283930767010117,0.318851397900728,0.357144104119525,0.376570055107363,0.300419311009915,0.224933050660066,0.184739701651649,0.239210822624731,0.363509791705867,0.20075031038237,0.390498651325988,0.073367473784661,0.273980785398364,0.324687674540753,0.249036861689372,0.124475691072431,0.028224063153421,-0.06961976912943,0.238778047638524,0.478202777234255,0.236851449026118,0.507424592961734,0.44568602751194,0.008536129757503,0.2301146387765,0.204893776493106,0.338839675157615,0.200336027001888,0.151610775076231,0.035933696580768,0.33542667338733,0.364074968161923,0.441683314349524,0.366940441314866,0.216310420717415,0.231037368948496,0.311071835710702,0.359338146835293,0.172070710874643,0.224685134116776,0.277586229982597,0.341744218084336,0.241435977526686,0.110505280691955,0.153312591466945,0.301861411958103,0.25870804097044,0.215329787087756,0.569741642686434,0.205394818702231,0.151410390263808,-0.0414830487966634,0.279921793061967,0.226588391860717,0.0712521590037995,0.29424104227367,0.061525781193541,0.343642353306182,0.435609309102826,0.294843332835109,0.253682240963191,0.571490772054723,-0.07566853562482,0.22645704439804,0.159506668438343,0.156045268039356,0.095320150762509,0.123454410876822,0.242613984651024,0.195801211175943,0.336603380015792,0.135867378293794,0.416025345159366,0.380386012051775,0.136354815010221,0.184478863720765,0.213282372664561,0.137866826160725,0.332547197318273,0.25743110096377,0.695444153575309,0.528448290387043,0.325614774547596,0.164696232548683,0.0350224995759718,0.178510366742135,0.486325607119685,0.206438752559673,0.454018853335489,0.397345084156928,0.290242130425508,0.247833130772364,0.300357122729377,0.397642675361984,0.259669311570396,0.243567493342214,0.359840157903178,0.514045940078038,0.312978077335671,0.00455060013473415,0.0569588935156099,0.38367590192912,0.181938206061682,0.276273961296395,0.295789407369304,0.117962498912657,0.330737692537221,0.149939151779075,0.578095646831599,0.182230637115517,0.252448989051759,0.409324457479896,0.340013868223641,0.207320370832077,0.047058156815321,0.184548929432678,0.278795604015425,0.290443027970453,0.266963742422691,0.147736196606677,0.249888321837092,0.32661119865174,0.386195350842895,0.488125468292912,0.320769025795164,0.202453067816493,0.405791977557718,0.067175420557322,0.00424304629387643,0.3631944517213,0.185240712309289,0.587574587945939,0.418785375816399,0.585380894511608,0.211736067455247,0.257962638309455,0.127882103363785,0.220061971248444,0.518559234883283,0.286057598139547,0.300898231944063,0.364589100517331,0.240448838124397,0.263969728239948,0.103504087837781,0.252391906292697,0.581216220207692,0.302642302685536,0.32735703752985,0.367351402637745,0.531837148900851,0.244195488892644,0.332962597939603,0.371099847931032,0.153302357032135,0.347488871941615,0.486111554113176,0.23673715390119,0.512133720578239,0.338581276978298,-0.0443381468384664,0.0864339619699739,0.0761755944785092,0.419592159778744,0.156302840349208,0.567791464521875,0.563449652466326,0.357755409709638,0.530109941329338,0.280205072318111,0.2273008894223,0.272436127155161,0.386766043069572,0.67594461735285,0.31047536578619,0.518482408557973,0.359634883617211,0.352785339922801,0.527210294911957,0.621224223641622,0.654520648516933,0.139834453572451,-0.13636664696017,0.41405392059321,0.46418872204689,0.18601655678359,0.432764558468388,0.59179291315429,0.137200145279562,0.297802683341663,0.47976305749685,0.252914863304394,0.205788506970366,0.14642957658426,0.337321440182335,0.407112998337991,0.495956136205777,0.24602060142557,0.563775175766772,0.249270486243174,0.391892949228726,0.50200300017915,0.38175689931172,0.287563367659194,0.319691896425662,0.194813629093163,0.126544370855192,1,0.277386020115864,0.408027238378551,0.355229798442586,0.451732957126422,0.632467011730939,0.288212906850695,0.453053507413695,0.634501918074696,0.424563556060826,0.0295013236232573,0.34201720597489,0.446852756113975,0.317110293962208,0.301712054653629,0.286943567769501,0.426345921365756,0.478114577016058,0.300909920683426,-0.00367889735768338,0.518970998364473,0.105999099175467,0.243970728630843,0.206509856055182,0.182439037393346,0.323374775534123,0.379557583537198,0.557701606960214,0.446100076462494,0.461671431138856,0.520334706339582,0.143775423988463,0.230787388743319,0.215632123619429,0.201412230058853,0.144527466764646,0.258103424952022,0.451927340965472,0.680040403484703,0.181613312035307,0.0905652967791315,0.275668515883428,0.122243225052528,0.362800680800676,0.192970911178836,0.113110531876776,0.486507785310407,0.213697411151289,0.292342134404147,0.262566764890238,0.304936862707,NA,0.216563152556184,0.435643286213693,0.454666490316177,0.427445578028135,0.0893220895942192,0.27987973877185
"ROI222",0.318124416782796,0.029820746022034,0.270213192943905,0.548830743650497,0.553595255178834,0.192129140913378,0.343199977903944,0.718736596128557,0.48397254447789,0.205515535593428,0.133575068292019,0.249743526696731,0.05151186987738,-0.0285483511703955,0.488757643277172,0.0942722148408633,0.601467896520359,0.470071141092254,-0.00328650861437457,0.469685384998651,-0.0822389892992303,0.155556692748486,0.77550266465186,0.051487973222529,0.130321700382069,0.313953563730177,0.405481503761928,0.462840674336594,0.729887286830994,0.108242686658344,0.114001148651122,0.519023528431993,0.108415578222995,0.3312345066759,0.459510538787858,0.716441201681596,0.0620107886876047,0.146545184787608,0.736697507883759,0.455755842028145,0.579938017008787,0.521068370132961,0.0608188781611515,0.350692077999912,0.649841355088481,0.0442784221527269,-0.0172103286056033,0.463939357698946,0.326159891503698,0.451478732070881,0.277004477538313,0.173915520274619,0.353868551711945,0.0294012829714023,0.56678042381427,0.349172324310593,0.652860443125727,0.356340374895715,0.334203655325057,0.641173964710388,-0.0377546561907224,0.234740633455031,0.425396737373756,0.393826293726318,-0.155187094260942,-0.171405568318983,0.17169652268989,0.0768079055914831,0.0573446441806524,0.0654810889285287,0.401750247033156,0.0498632488300595,0.207822783610785,0.156159557350706,0.2584758908642,-0.0445772213037101,0.358337929652698,0.0882462696999361,0.172512417720229,0.788862531255082,-0.0251754274642981,0.180006687565058,0.372717811281336,0.413407884566423,0.471350378861046,0.171991297800731,0.513835264485243,0.278697171686674,0.168021631913855,0.324492083181929,0.197102400217941,0.0926897960842555,0.509755683093252,0.103756305227458,0.504763378944026,0.33651623115009,0.292278679586601,0.290716047044465,0.207969077126245,0.502570370945227,0.196728660264599,0.53665747760584,-0.00170990894894092,0.287889566715342,0.43545368480938,0.745488764509755,0.188782090279256,0.527737647701098,0.190309755646053,0.107256128491881,0.0738577172606505,0.413095971377996,0.309764489713516,0.0123699939416207,0.509739165706935,0.583633383662015,0.421924959316804,0.412107506527749,-0.0750484014237423,0.577388709446786,-0.0658826698040804,0.328625713788435,0.0542345430883003,0.370766031448055,0.197299980687551,0.135566497364671,0.31059264645708,-0.0658604328297917,0.215008410267858,0.273174413864299,0.00879618633659493,0.56178966335436,0.330636657398233,0.258312116910563,0.0419798811131008,0.508754668892723,0.120656356820902,0.247840028189474,0.335689296767189,0.423945260463098,0.0733789043840618,0.0656460423251386,0.526860894290141,0.143215702821856,0.185721361512932,0.544631692466655,0.441075677205556,0.493134845255258,0.175279179436436,-0.0477742756623363,0.22013407632737,-0.0827970473032693,0.544349663909448,0.438476630209057,0.113671324862806,0.409055371935203,0.76299800890381,0.267384390549106,0.135204507489742,0.488873606333387,0.172542437757941,0.152704004118141,0.267312815093203,0.360083416575508,0.318164598309815,0.625176104888491,0.357849539311821,0.024693023037743,0.401640142973077,0.263003398119912,0.161783382287575,0.537638170445281,0.401372521613345,0.0681388578929105,0.166491230492539,-0.0352931378099272,0.474864357637889,0.256028182392487,0.365654096085627,0.268379092360203,0.285678737762261,0.216744312839733,0.52223609721839,0.0942673054913849,0.789282696884652,0.0728648213486849,0.236218691634408,0.10294233620585,0.224649589139152,0.430193959681145,0.611067092554967,0.140064188480439,0.297994093150148,0.0771588258683523,0.570239162439243,-0.400425612292274,0.560730392804056,0.306192562160849,0.448291616324713,0.308468859903453,0.346291544091918,0.234810460712698,0.49403500786054,0.153849827644638,0.646928465030159,0.493943302472931,0.329865077714935,0.425765013908575,0.452524055454592,0.425902803444563,0.148973489879168,0.33622033152683,0.508229873571201,0.770671231184481,0.217840272491664,0.274614118372223,0.485592067234697,0.528255554130165,-0.0221799209541559,0.193748782741773,0.277386020115864,1,0.506175814223822,0.56938821950446,0.258382388204846,0.228409181297006,0.457781045607304,0.192857835103369,0.511462982460284,0.478528830200395,0.238524646829193,0.736863696772489,0.381449457442908,0.304706162861596,0.708873588232929,0.345058782382668,0.373467903046268,0.184855355773947,0.400393853157525,0.677230703417985,0.455436457460435,0.528151884416738,0.423168314235068,0.121109127208163,0.571515054699478,0.525934960518972,0.719646621711171,0.142079619637771,0.0187667157842271,0.564448975280666,0.233088918510325,0.362134168106186,0.431941375310954,0.430150587876973,0.615267353969451,0.0835084909858785,0.145163803484605,-0.0927028101227964,0.258166145954735,0.168310460078658,0.246423022056731,0.552954165128748,0.166638880264772,0.407438859001266,0.114282820066213,0.404456544482531,0.212488626968526,0.511844728273226,0.320251764632715,0.452524184436114,0.0848490375437063,NA,0.323266655843179,0.298975845599721,0.650379448015944,0.277893992616968,0.397360020256932,0.509409720659846
"ROI223",0.061976639320919,0.144444534004977,0.120956176583843,0.457801542595868,0.185203795123018,0.138553287252407,0.362193475274815,0.424765513660217,0.392941832582631,0.338424905161242,0.0889297499621146,0.390433506497643,0.0842428293855338,0.241986101203995,0.510469411439189,0.260276996674365,0.423390566418098,0.410650368468577,0.110069550654753,0.0557998111526874,0.11774731952425,0.144215898194045,0.391357759577161,0.214701339278279,0.174804111329889,0.241087174903449,0.436460040881553,0.430017653675218,0.5222817187627,0.109035301462813,0.172295979573141,0.420341162809446,0.227617189559665,0.419704737127627,0.283950119804312,0.736177447056115,0.0764732923906809,0.11212918888906,0.553655298550984,0.387095842463384,0.443336622039252,0.473772766843156,0.0267293874508838,0.42538918515036,0.592322077371697,0.155141913369669,0.239639551820704,0.613980807972071,0.260576669046514,0.413386360116996,0.247677512471978,0.0605824733237849,0.694362787786825,0.22991774612418,0.642848765091759,0.440576831814766,0.257823147588024,0.313741503923779,0.302317918458556,0.357189716942688,0.039058110379509,0.366480289223097,0.266278101296159,0.401568627557386,-0.11345002411368,0.0359523512614304,0.186250716138267,0.120532747187683,0.195284984122486,0.0366948315823584,0.453935477871143,0.213098446962286,0.0491722449613053,0.193389844134908,0.329090571333563,0.00177148596081165,0.319542199180607,-0.00443739121997837,0.254064679249311,0.411877820622495,0.113692752963536,0.330403511240146,0.294625713411982,0.831800085798964,0.317050789757081,-0.00215153363971352,0.353820267582406,0.259377938766109,0.186927752601207,0.152695434340817,0.17553608228281,0.307289518261124,0.42199839492942,0.36108501552386,0.388855707136453,0.0778174855417056,0.36521933905477,0.263726878047542,0.184068911023207,0.392544483738434,0.391565126894343,0.304437891800498,0.106909441390042,0.138329449024099,0.465527186237691,0.696320179631265,0.266111870725562,0.565008107797693,0.118806329644628,-0.0650669315434063,0.181134461874754,0.320833759792176,0.291531301854168,0.0372537104242022,0.514258265725139,0.185226893277677,0.720422820354097,0.392509585472511,-0.0227284348240675,0.333963970745739,-0.250183130299988,0.327085719941824,0.161031017332298,0.296456459557648,0.29149293245284,0.123523213075519,0.459817483473094,0.0290150392669508,0.0473393077004988,0.174724157651277,0.0959683791864069,0.711378478411645,0.317200370657437,-0.0969966195328513,0.316101503554489,0.628507837039778,0.277295076385386,0.329445773138326,0.447877646420952,0.371378815164699,0.0983798945786214,0.0824165882954316,0.355783846551909,0.256174447025698,0.309501690160212,0.484081967769705,0.315296180242821,0.389102522774146,0.229299758538331,-0.16765675416452,0.295367112729717,0.204706463018905,0.354094972472253,0.432187928060413,0.0375721517199771,0.673639480643125,0.546399596400067,0.282705374596672,0.141679804791717,0.390846740224349,0.253162984629983,0.136924001404723,0.171891947999842,0.484432526255543,0.596049026299081,0.417587535945896,0.321750767360535,0.324441789209571,0.285261948419292,0.260005380944059,0.318846954153209,0.393407418428841,0.370138781195358,0.00894806157758515,0.22300032743173,-0.143094785732123,0.319986456594299,0.31464051163474,0.274008830217078,0.43795767751023,0.258983203653899,0.381054193904871,0.514743730229064,0.195404408200669,0.560830416503524,0.171728968272401,0.324162272824986,0.0475160274098734,0.137267237863097,0.748823831833316,0.568996220315182,0.253171395503877,0.369041067972412,0.255692834688447,0.283771488500799,-0.17157324550817,0.450146735126102,0.19909138768252,0.354865598373975,0.318703623200147,0.299838326037956,0.061127962286395,0.470876201813401,0.326113690618276,0.635678325522666,0.283575587463727,0.266906115625419,0.669438068153717,0.258315058246142,0.454279885909613,0.232636045222787,0.346002057620872,0.371690802989947,0.626605359382679,0.160305897614013,0.355620221659438,0.436168297766955,0.494400771973667,0.0596365160913739,0.314254033116395,0.408027238378551,0.506175814223822,1,0.587951424951594,0.31846321669345,0.299896373702854,0.74015141719251,0.195091779321431,0.418115126107033,0.570594186438208,0.124895478685031,0.517048221040788,0.308588458368423,0.29598436120139,0.442340877272197,0.130168462669183,0.389430239869385,0.12612293460241,0.364896779263123,0.427348146228835,0.531698219633582,0.343002410326037,0.2999181955872,0.0909881576712784,0.393189705580618,0.478008884520926,0.466817019351902,0.226271032812725,0.315372200954729,0.409794574880803,0.287398550497969,0.162542311531396,0.379809520469268,0.302292509740142,0.446620315164743,-0.0182631344383858,-0.106919910013914,0.180204166248094,0.367129613136041,0.0143401526630112,0.339182837729197,0.514825206600373,0.0960447109497068,0.400080846347703,0.124049424166787,0.333457773302336,0.254615254580317,0.418737086112648,0.401377560152492,0.739106499270024,0.107979607179892,NA,0.18773078313384,0.286684299441897,0.578387503585385,0.293766083084629,0.333838180583568,0.520907308834101
"ROI224",0.191838553015045,0.0459992695875814,0.251529858957476,0.449023718675908,0.299367918993692,0.213358691623525,0.36377978307138,0.520294840630015,0.37391784587386,0.210304433908777,0.162388543431136,0.372472392022302,0.0828291705273177,0.147336191267021,0.641891864025287,0.212780016140637,0.570506891718513,0.591064944237908,0.0647507415497297,0.257864742536773,0.208071459458573,0.175061663049002,0.422632229582211,0.18760290333727,0.178385007302126,0.287612176594621,0.529270586924518,0.46084174543248,0.58892468671086,0.0571164464058298,0.231517173565539,0.557153322375346,0.212500737562041,0.443062228889376,0.349330457546816,0.605452067256764,0.213720248402039,0.146052079486903,0.618701596673965,0.42788580006708,0.546102461777498,0.491941644254699,0.159137313449322,0.414689299277315,0.63535086528588,0.025120748438412,0.20365331363893,0.670076051725416,0.318865908917016,0.447158002709919,0.355660043149494,0.137186665732517,0.503714721377425,0.237414562721398,0.775381851384734,0.528402494959865,0.386231482345902,0.348584151185635,0.398834139649605,0.391858427536427,0.0657061601188131,0.312326605896104,0.223807800281665,0.412772345133408,-0.0579316984685328,0.0373867802443506,0.226104152334294,0.0822290108342865,0.195095832662714,0.133884031927333,0.566391319479311,0.0368882450151589,0.109327743784503,0.180132922929706,0.455930026181578,0.00491480063692478,0.302370927074791,0.0479217876120862,0.247643516374845,0.463343914814597,0.0918166305543622,0.369523634897259,0.420113312248819,0.562443928818055,0.403442189218269,0.105412704969658,0.400967054826467,0.228967093443205,0.259011041196799,0.242569918375694,0.249820797853437,0.231229882805662,0.518001897364205,0.205960898541426,0.400831004186006,0.115492127406452,0.418266338950091,0.392142925754486,0.325168387096441,0.375051923490418,0.332194180426441,0.324262631666213,0.0899618446658688,0.182579227668414,0.48263506314745,0.556206945292024,0.26066799994836,0.442419115953686,0.228708782935882,0.0125374814148492,0.0747299294768445,0.321499361600984,0.262451036991766,0.0831103387642909,0.473383003721512,0.282163994854263,0.568987158897427,0.425482117317946,0.0267873562862948,0.313397569108429,-0.145760548201598,0.354908174054496,0.146336328825211,0.441696998863466,0.239494564913615,0.0723502951951657,0.31343134175891,0.0280131783939922,0.113702209237778,0.207951083489701,0.0688197773178269,0.73302709853492,0.383624711761963,0.109474503174838,0.413298802621327,0.556833123226875,0.235558625957633,0.323989836005975,0.422966315435678,0.458935903392414,0.0713013194578831,0.0504018850466809,0.439253522044153,0.248002221376596,0.233432062618858,0.658274054040692,0.378735204224519,0.506654301431272,0.257886490700867,-0.0730141096886416,0.311805843857082,0.0688411958278097,0.35946916397189,0.484516795065333,0.111359216376333,0.472538663446098,0.622062648914053,0.25017942709938,0.255272231860928,0.437119916621778,0.302081879710774,0.112562399405571,0.314262794211663,0.45578669275653,0.404912535385085,0.527407059171664,0.39191457796064,0.286163025492609,0.371954451923429,0.316052889541888,0.437648503361035,0.510609855001012,0.454441990170295,0.0497369043682633,0.156766485655294,-0.149044524124989,0.477743467001687,0.310582310926434,0.292946928011075,0.427489396793307,0.313054067372104,0.371947543404138,0.670603951143117,0.136435338138864,0.529497728554931,0.259297486033425,0.286872123513292,0.177555052298453,0.203312090306326,0.714287538234973,0.61797687161212,0.236103270501911,0.373211574397106,0.179372693619962,0.433022888621323,-0.207595070960643,0.464800658422695,0.261030225269246,0.394742836790201,0.424509797196636,0.306552694272357,0.0247264448865823,0.446645865105605,0.347079048225476,0.554725159167696,0.376238789175271,0.412683841443614,0.604226039922388,0.292565640364896,0.421757720656931,0.227110315465708,0.332649568427269,0.428270638568,0.694848268995971,0.205204483473049,0.42697556506377,0.443343816472468,0.598630820576522,-0.0482480880352766,0.27499751950579,0.355229798442586,0.56938821950446,0.587951424951594,1,0.394785147530104,0.260121616326291,0.518853487700759,0.205523934188587,0.508728645662321,0.770483073561694,0.141567228170626,0.569582295119887,0.337545321759658,0.39960123085049,0.540515517939231,0.0974375337015166,0.444096435145945,0.144472942491223,0.370056333689142,0.439644397814969,0.701976742044008,0.476509110330578,0.461377321218198,0.106240965241195,0.602165377773622,0.583922551693009,0.473900253402582,0.155088363436281,0.266474886809593,0.532181825076225,0.316381449590119,0.333750659270709,0.450027787488007,0.427778380494755,0.581636036318599,-0.0469110471094182,0.0794078493340468,0.180782382110404,0.401270758254725,0.154730163741107,0.269721767748135,0.641309151339705,0.140290445165497,0.553071746123119,0.167499572225469,0.329551841849135,0.30921302033537,0.59816367980598,0.41218044435262,0.431719026303692,0.194818632357227,NA,0.21959271930919,0.324017493382201,0.768993639975501,0.292137339949022,0.475580328971699,0.594148554194249
"ROI225",-0.0872144263915668,0.354037450841354,0.433540829155017,0.2739910900266,0.0811801860167405,0.385784546478346,0.189776878336308,0.139471580228898,0.153581669090919,0.335387070862673,0.158012276839923,0.231100548870853,-0.0528338902164146,0.172508841215613,0.362946447004315,0.204913047903989,0.220144010939,0.315419539404286,0.236421863809572,0.0691084700095594,0.488737350166722,0.258753748538525,0.271060250054673,0.590711227121755,-0.0347716229659735,0.2699831266617,0.193365989799583,0.288288751387609,0.227654365155613,0.13464218354527,-0.0217003079298144,0.319027081994098,0.341475567756313,0.289957228210575,0.315625505776742,0.273791346812665,0.548618858185999,0.25340829174011,0.199327679565819,0.449045180934828,0.00823552741385753,0.271471448790466,0.161952310698645,0.391321044280592,0.262357957567759,0.485547870808819,0.384822806645216,0.413356038179763,0.229883546621201,0.308613176203668,0.514634508547009,0.177633360235682,0.246533955994884,0.601294806721158,0.357050070290658,0.309053855375069,0.142006037700788,0.211779192381505,0.0324571699475395,0.187998176263934,0.125873036267518,0.499519389983131,0.150112335127883,-0.0321242098775749,0.185467297771535,0.313725237108276,0.130047391088487,0.0943138055301906,0.642311114734311,-0.0821150473117108,0.29673778829267,0.421262985604459,0.155985009363953,0.316679786711221,0.375940733292586,-0.0881530922206991,0.296583809753445,0.343097912286653,0.284326481094973,0.0848246458045697,0.68659250971698,-0.0525238394217317,0.0130407706092318,0.297475719301832,0.067044093621049,0.260281398256764,0.185688668358538,-0.0931435434446086,0.193135467249365,0.002189647654181,0.457041434135887,0.346539642230982,0.236279712970305,0.442545912703763,0.200818900385622,0.217662827179507,0.158050566111033,0.133128715978319,0.21516208596957,0.13485436888031,0.249127500430787,0.273442049124579,0.400044323291587,0.320683418670442,0.299197107401188,0.251808610770266,0.298862193208342,0.276290833577141,0.180286941284763,0.332459636511311,0.0407368725427939,0.178662184662656,0.0930032257375399,0.192548818761804,0.398128024387698,0.0347844807641478,0.105196405048465,0.34567475116164,0.401864171175061,0.316330472024179,0.0726339741485781,0.477047044769698,0.35789301387318,0.336606593311143,0.311818936655555,0.191665564599559,0.130222203300168,0.00279208588803503,0.106444290820477,0.397856137228829,0.404628329089979,0.287468917991288,0.174932222978596,0.0865623094749526,0.448933793695185,0.281983544723056,0.392470056568971,0.324843046136294,0.184343037365149,0.10824521160202,0.127663272614155,-0.105801309884008,0.147080167523321,0.349598936854206,0.417717824545893,0.263376775785476,0.431431541946638,0.235028003093085,0.0964097933083504,0.219443863517299,0.497256623028057,0.363826453207793,0.262669008763146,0.323892984654396,0.270592702962486,0.175673621763562,0.229638862770538,0.171628079998071,0.0134362790764867,0.362227855580581,0.415926596632785,0.107454314508493,0.455007498267542,0.503680472504429,0.1248484638487,0.196877912732744,0.292544542428054,0.24442159311616,0.263034373739675,0.575451468843451,0.727887964304732,0.243316476672749,0.093170620582475,-0.0864769318825696,0.121924334697201,0.0187914051278869,0.351126359250781,0.272633795767651,0.349294566192721,0.544835345802427,0.410374878033934,0.747695920371722,0.372612832806568,0.212209749934651,0.314373417644137,0.688235569765026,0.413441633734357,0.426424409984419,0.595296240386864,0.400775749554982,0.401179753141135,0.6021405192541,0.396422378224942,0.599588836523891,0.099572106117686,-0.0674828859860238,0.425526126328567,0.425206779043416,0.347433256069726,0.759134350759914,0.29645180064508,-0.00915158384627344,0.0711312335573759,0.520058838287236,0.170548868777533,0.0683431379627198,0.212483303468731,0.282130557295268,0.0656124920288968,0.519442271695549,0.257547212379159,0.536624823808029,0.341382854882272,0.35446243872596,0.428747361356805,0.309096339783916,0.435795845298112,0.314582758368601,-0.0234339063649205,0.224463241039689,0.451732957126422,0.258382388204846,0.31846321669345,0.394785147530104,1,0.622220539787617,0.300094050524514,0.57571532901685,0.442559858077824,0.450967443488534,0.0759364272001111,0.139037000708613,0.375589262445022,0.541330872526008,0.271873358538519,0.16336565026153,0.185986699978153,0.41473721428872,0.361996429317363,0.00283191888421179,0.34792840245874,0.119600310533611,0.232752329833317,0.315171775068894,0.196479256177448,0.199254405650239,0.278326953816813,0.621454552554142,0.371622868408942,0.390619154924866,0.600571037733949,0.145499316879132,0.325484215591162,0.218361449893474,0.297554083693836,0.130334845352274,0.182924001861421,0.618963812764312,0.496348069254465,0.201598380392019,0.342014712381568,0.338779809349116,0.0928791583512649,0.251230667560882,0.0786067112111619,0.30396908437433,0.724398595039324,0.261323315611877,0.0511486391304578,0.257581749174496,0.627206249409595,NA,0.335865159395762,0.476391209196775,0.566690893848568,0.109696525288852,0.108389544063948,0.319141585255731
"ROI226",-0.0493251183207022,0.592730285305597,0.102477856249393,0.306292553335223,0.0490811223280693,0.432937903891524,0.193464633741842,0.0703633045775196,0.267782777246748,0.451810576747666,0.111826411653144,0.275542252277532,-0.0373984917683214,-0.00487600762957215,0.247929721284768,0.285728069790445,0.0514184493129545,0.25487613994356,0.241783665909306,-0.0380226073509848,0.499206292539863,0.368876660930986,0.187414214195219,0.662016570901746,-0.0580747267241611,0.278629210113142,-0.0379940219406214,0.286862345271353,0.115896619842367,0.0547717724279814,-0.165778683407299,0.245213602700561,0.568160347334768,0.355278610973678,0.425940291564014,0.303474936491803,0.362062143320714,0.334376570699945,0.110881794210569,0.470389382778922,0.042516737263697,0.128393051073296,-0.147849611975295,0.504643135058289,0.293179487453003,0.619393135176227,0.406585527947279,0.278278608826908,0.120411773275035,0.334810854034105,0.443196738938057,0.0405412452029855,0.165023174463117,0.315536535514889,0.117408974707244,0.300465362181751,0.031949138666376,-0.00283094983785122,-0.11935305261059,0.185698843757427,0.155086911986009,0.54507463739916,0.106163501713837,-0.067590281958067,0.200611054038191,0.409061571777297,-0.0214233178557558,0.101273209845396,0.461286135554453,0.0504021551330538,0.154693107534439,0.69370999261462,0.279947940636495,0.321023826198193,0.351297299495882,-0.0339258157275079,0.201350831041191,0.493453739205302,0.253831275855582,0.00973727713266608,0.380591033725434,-0.104454393583567,0.0305354685147217,0.34384299401912,0.0282519713291968,0.545104386645699,0.255004566614512,0.0114899409350677,0.198505145154243,0.0201844593156193,0.114972557240444,0.223005125883923,0.159951311708388,0.533898802244827,0.17555028829802,0.391295050965732,0.116051231737933,-0.0718980384338802,0.00946473727650462,0.125681775921844,0.191491587780056,0.456171925607688,0.394590313258499,0.328090204400243,0.295352405973994,0.211473149988752,0.515804788727256,0.267725041141624,0.195333960882295,0.549101340582924,0.176212268743307,0.118767650027961,0.105463467609943,0.144094620344242,0.258531378982744,0.0277289599208184,0.121177934315304,0.179503942076038,0.33559961440518,0.274165983898469,0.147055481331435,0.498324867019214,0.283617273756948,0.299518391095284,0.363455631960946,0.425012516420982,0.0678026453180003,-0.050094892316958,0.155477636924766,0.468147449835898,0.594948343255747,0.191659010181894,0.0379870756701831,0.158986345169396,0.376915211378477,0.199252260902942,0.240043726497647,0.133870493145231,0.151926033130085,0.122296998799614,0.0430454238001279,-0.0815217078937248,0.390114363722182,0.163620785318894,0.610811776335247,0.329850863556367,0.669553588365889,0.184780335484433,-0.0480823491984345,0.250739008485205,0.315730355922708,0.44772698454932,0.252465744450264,0.365536322802447,0.312066568191813,0.102778690504988,0.193767704131005,0.0863682454812048,0.0424882360996301,0.514356211368715,0.0871869305131224,0.215919801204525,0.377569486339247,0.495378094499752,0.161583436419981,0.197286945981436,0.209055574018147,0.119523585076829,0.0830029089342336,0.526095334679923,0.580453575403336,0.263497158249001,-0.000625188045190484,-0.0106777352056658,0.165568249997527,0.155004164775167,0.485207474922229,0.15852836748431,0.58503550274617,0.372725194482564,0.367981049437181,0.489119896366177,0.204148647278169,0.193797164680518,0.24543260273618,0.706786978297474,0.539369772017238,0.361467081483215,0.603768947757332,0.374684562743095,0.303292351579976,0.741663138960339,0.675164809594889,0.860937259566118,-0.0588164513568529,-0.0165101056123911,0.523905373247253,0.419956240568628,0.136890946056469,0.696043468936783,0.609832525247359,-0.0248802117001583,0.193499969335571,0.525557581938742,0.151370321447576,0.0457963323680543,-0.0419501646285244,0.218891087053082,0.282191374764196,0.613977923616787,0.190499880677985,0.704362404243046,0.207859746112565,0.389061370536942,0.471133631778317,0.0523110111124263,0.357585057182982,0.246535163029544,0.164520969931254,0.137313741697358,0.632467011730939,0.228409181297006,0.299896373702854,0.260121616326291,0.622220539787617,1,0.291950029880777,0.670073032205803,0.477491423015528,0.230181604757438,-0.0144258640567942,0.284523404963177,0.406995894916787,0.435234176651078,0.202695836588363,0.352190357426549,0.172176858631572,0.65379381929096,0.17200708876186,-0.0891194970689309,0.280733518681575,0.0632700954965651,0.266477416895164,0.131077105859397,0.0492222105142878,0.0601910037825937,0.338923297656104,0.766954294905796,0.526166157891658,0.489364560370434,0.691930884112654,0.150061921753667,0.363649315173175,0.201571000840921,0.212883018189954,0.243509966227093,0.297901556000099,0.688738998438622,0.659729019574818,0.115524495487348,0.18941821032927,0.253304402969468,0.131541903919405,0.220694027175876,0.231547520396767,0.186661757280387,0.793232373794642,0.132385406888468,-0.083275592193565,0.307009008105948,0.491410681708361,NA,0.246682743096941,0.322565628941477,0.485250046877669,0.100495164133662,-0.0406115444481914,0.250416363193665
"ROI227",0.106995883234034,0.128659641224235,0.0456843280369084,0.450035770721094,0.293190987720938,0.0937563081979277,0.368123040905493,0.432735669399579,0.335190241390673,0.228093120707013,0.0247002258136666,0.512447725732055,0.0144614116274296,0.353387432224562,0.472356930211096,0.0623847902625911,0.338562263307376,0.432042385801826,0.0421264215036447,0.00516703448435785,0.161346007362599,0.191357623524607,0.42722958745801,0.255227124418059,0.0303366413157526,0.273076808833354,0.333510193193797,0.433165596333479,0.444541899558864,0.12115919321446,0.111449087513937,0.420973846034196,0.260773770014734,0.46064861394842,0.364590041579452,0.562210409429066,0.0915370737494448,0.1411173494431,0.495238467485999,0.366113604221597,0.324121202716908,0.416985354682383,0.0379883085578819,0.506885386692109,0.528193173541104,0.100996964562423,0.0423985519097182,0.703477616884712,0.241581488246838,0.46199317968842,0.312291016819868,0.0644777600732181,0.835224622705513,0.246635216189018,0.475435023165677,0.421854941111887,0.286271785403604,0.262523929290703,0.208721708307337,0.278197496883714,0.096507439210392,0.427701015759308,0.197921345890531,0.347825450947455,0.0723274279224963,0.0184342844234484,-0.0118364713457774,0.16698815215074,0.205256135125518,0.129416222296429,0.358302859455751,0.185519498230883,0.113397354895953,0.212533455735754,0.321621504718342,0.0456336655003388,0.307893234948459,0.0678338650987058,0.237264365015358,0.351619225395265,0.125945747785622,0.131532352925787,0.193679300774179,0.727126431408672,0.342266815253605,0.0584281451050981,0.366539837164472,0.102197064001315,0.296779860087223,0.133040939770026,0.0751240280163483,0.120820593142628,0.359327385159313,0.217898789941521,0.30160200429387,0.229098177793428,0.356794400291034,0.23276738012479,0.177501663508735,0.24207597741758,0.187787550788836,0.361777119390709,0.0961620797468835,0.189477203039305,0.467165207031676,0.611239732320893,0.282236907893377,0.612993714907562,0.0495092056068275,0.0292864124584561,0.0173178356786146,0.31049679636381,0.279713598545639,0.0338440356914407,0.390046597628322,0.212447732245609,0.73780901238957,0.332132215833209,0.10010579113007,0.366688732163405,-0.156316992602153,0.361473101500082,0.231649514687204,0.357747762810317,0.206483754927862,0.0753001280063447,0.5422637512585,-0.00192958332778819,0.00606731690441406,0.170550205673729,0.0875373134405402,0.62343650981391,0.34638043592495,-0.0770711623087585,0.28902744764748,0.625121071446531,0.109263774408958,0.239288172806931,0.418322370074267,0.184306588381986,0.0311865391094469,0.0468479379870281,0.3284821469478,0.221539008650287,0.31763925741599,0.347876046488418,0.360214683069652,0.434976253949334,0.147646224876841,-0.0359376588356036,0.239440964768936,0.0714155619352887,0.371113588263514,0.418579767067854,0.0297118737556764,0.789580652299533,0.47283999739849,0.212366487305642,-0.0238010223539847,0.284492119649523,0.202915319381391,0.0618449453627777,0.184794454228101,0.352411731210213,0.559982299879798,0.400134664619962,0.29448281168371,0.511621574099351,0.231693411719192,0.220068453870592,0.364139959581266,0.411330460891096,0.351996058941269,-0.00656705632381309,0.188656605205912,0.0300098135634168,0.445026774382741,0.290261218332131,0.242865804877198,0.330379824863029,0.262217217442549,0.375769518744839,0.489773825317181,0.35412905469718,0.48016144042287,0.229425103309794,0.36219207280038,0.120249024062115,0.172330057786249,0.64597342030985,0.533836765646549,0.271500279970994,0.352317335347199,0.249743024539428,0.274031858625375,-0.115897294854011,0.430297267972145,0.268344170872645,0.442023296409104,0.326193346288515,0.252117718296749,0.0664040013329857,0.413274185280662,0.247110191287485,0.667323584142639,0.327295334740533,0.292925513483068,0.751947997058743,0.292349745449822,0.452765490184739,0.198012724563209,0.38031963530664,0.348647680364028,0.510641321445906,0.104324513199558,0.27969567357849,0.394886719901013,0.412500498964776,0.0669940698393771,0.345287786226551,0.288212906850695,0.457781045607304,0.74015141719251,0.518853487700759,0.300094050524514,0.291950029880777,1,0.24735393941722,0.418336178929633,0.435080504541999,0.0863213118745239,0.384011904853263,0.297761163393981,0.359098381531426,0.524529905343188,0.277649139164546,0.323928147646704,0.239537991833599,0.273333582350314,0.286165798465623,0.411136149068451,0.377757914108945,0.301762882936427,0.147617996858777,0.366850548692935,0.383119833020663,0.482877679389562,0.252731108361148,0.166902928105101,0.314661005017976,0.265453146267113,0.196650718002429,0.39404424565576,0.394361601410591,0.374367725703371,-0.00124256633489843,-0.0448782978657027,0.139075162672731,0.303973444566241,0.0509162635282336,0.323096474854429,0.524252709084312,0.0332502410859576,0.485748166403,0.161390611937317,0.305528086315893,0.260036919804605,0.458190790445781,0.223972017253019,0.755837964562801,0.204014403261881,NA,0.194441301033713,0.103493713703815,0.500011668500076,0.144882865256485,0.389476836182868,0.477974462874822
"ROI228",-0.031562231240084,0.456643104017144,0.106617488356499,0.336951677356864,0.0853939626451756,0.242585022990687,0.265894618786686,0.0479923386879307,0.10748682596289,0.384839541373189,-0.0795977614959733,0.0567731233829879,-0.128450795070681,-0.133627504782037,0.259213336192978,-0.0495100172395153,0.0211211259001962,0.262693224205182,0.0528570720057503,-0.147576923433961,0.339265511477513,0.253227395910853,0.243406369262863,0.444753871625634,-0.102317566381932,0.407733956941979,-0.13280028154111,0.30262490313268,0.147918654151965,0.10937419296908,-0.162811841111871,0.244664744942448,0.311585433559913,0.432835212491055,0.262675661735019,0.167733612502221,0.209886792271883,0.327158692411547,0.0500177098748716,0.206217903099364,-0.0485427108286631,0.0978672296380637,-0.0182120805175758,0.381243479544792,0.254091429805068,0.378429443812941,0.116828097139636,0.21797768838077,0.0397394230778148,0.326661635417588,0.36736567893378,-0.177696649722245,0.0978304126705449,0.223518665595282,0.0614213478992775,0.215536333017889,0.125583044316467,-0.0595797679575706,-0.1467793990946,0.082807600515445,0.0200198479987092,0.515329550826263,0.00890201403055541,-0.0734610489990828,0.313399075469826,0.204965936123657,-0.325054834328709,0.128753250944109,0.584684075824839,0.0894520547800085,0.0492966252363469,0.449831827569293,0.0680387086855912,0.17403505149055,0.221312246123757,-0.0454902512719907,0.341627570049742,0.494317840420532,0.165820360317573,0.140673197451823,0.320909194541101,-0.227468800674757,-0.0599933345081038,0.284240518416425,0.112326742900716,0.382005395366144,0.24401845778692,-0.251058410912859,0.347312353441091,-0.00780735086443861,0.23948167141061,-0.0490743002667963,0.171383823196881,0.240459152755819,0.0366951782306792,0.343615847306026,0.119700913344402,0.016973051925406,0.0176322163875847,-0.169621278061916,-0.100707899155935,0.402073910603094,0.650207093648926,0.197006415830106,0.331392977806104,0.236772083575128,0.236000619731332,0.251988541991894,0.0391821726805829,0.355896185452124,0.0513825325667938,0.139762798705677,0.0644476114187378,0.0751551830215026,0.13443897181668,0.0928972361622648,0.0939488154931234,0.0480778531118831,0.358440405297547,0.276421359971996,0.112827099045302,0.347467913687872,0.276901198632703,0.236431629079443,0.0308908086285086,0.265011731900611,0.0990333836398005,-0.113000257819718,0.0745602508632481,0.31765652036597,0.542836977585171,0.151098411966274,0.0884272121752979,0.0516764383143802,0.158626206880002,0.11911194965867,0.307049567421078,-0.0568546217617925,0.131427044779786,0.018832863485439,-0.046594827909535,-0.0668082346100097,0.0980914157838145,0.0719360589191686,0.623025284735771,0.165523506481729,0.450479434735497,0.227588791166611,-0.158116627190076,0.256741578542865,0.32676155181832,0.289091283940512,0.267292615925882,0.402939772397982,0.16437129356965,0.0901558576359952,0.239913812619945,0.0386634487716857,-0.170555985549376,0.202799925232005,0.0477552867431308,-0.0802533296957652,0.280138738418531,0.384126338531327,0.178428096080351,0.102747621655683,0.169855738451588,0.0557867649771231,0.019473617744054,0.341511913413871,0.481320385932766,0.332107244540711,-0.131824415779896,-0.0374891312190095,0.110284157677086,0.284005417341604,0.203355284391537,0.143325879770673,0.307190579135086,0.269401919185804,0.466921132176644,0.573749025526893,0.231719673497151,0.0609949233149054,0.293202522079833,0.675092790883525,0.434033187470949,0.425701958170766,0.691908483774932,0.250595505855261,0.20629964949575,0.72861219358467,0.392510452721992,0.551507648585806,-0.103515644111627,-0.0562382769749813,0.481164627104521,0.59543895564154,0.161702375051977,0.489049834827288,0.325110012997011,-0.125042690280245,0.129098613078983,0.273091739176234,0.115227105697736,0.081358570175959,-0.0252073301517246,0.174486764036701,0.105642498910212,0.62104538803273,0.0922709485723956,0.631099060953913,0.211837552051964,0.273719780940543,0.575192678038886,0.0774211907574813,0.324003963122426,0.211694277187464,-0.0116161027164971,0.147299777825409,0.453053507413695,0.192857835103369,0.195091779321431,0.205523934188587,0.57571532901685,0.670073032205803,0.24735393941722,1,0.48210128438751,0.0632111873355227,-0.109946893002382,0.150366954705774,0.329325985621701,0.53465415840764,0.299835435445849,0.18216292221742,0.238213771059019,0.597993810070967,0.115011390349103,0.00691133194002492,0.209721635369678,0.113907426793833,0.133874651981032,0.262991142586238,0.0300312046508647,0.0508908124853671,0.35194959403407,0.824627478578402,0.194392775815537,0.401315395420347,0.441367869530338,0.13962962502575,0.36275448697155,0.31319328876198,0.193751422880859,0.014892379596526,0.243184011898808,0.424559394453414,0.622007713472785,-0.0213286416778877,0.161022280791963,0.327937785435434,0.115622296961581,0.243486119299009,0.212400655569593,0.253418921419922,0.702001278172088,0.10872234769904,-0.208098367317148,0.32088306538305,0.518999366038368,NA,0.128900100854415,0.214806055692986,0.357515022880844,-0.199407909904374,0.00892451861607198,0.288676561363824
"ROI229",0.072942889038714,0.202718942253494,0.214879816080567,0.62094986530791,0.196539222022335,0.221858104080346,0.408970465700789,0.361524623015888,0.164103088543085,0.403899040076125,-0.00981538312081554,0.144240028634974,-0.104571195332679,-0.111191315060768,0.559692264420805,-0.00321514990405773,0.455299936671643,0.570634008986132,-0.0267006471350082,0.142002558982249,0.0968557344715039,0.311647965119663,0.509338813470677,0.279817312342866,-0.00144566823212054,0.435213452656551,0.244163105557533,0.559468605490368,0.475724062250259,0.0612725194380539,-0.0720276004332795,0.494407493420306,0.362363997997979,0.549463678985585,0.517294789778543,0.477517845666883,0.0702477026724168,0.356642371302858,0.360883073737115,0.345076065974004,0.123253157600535,0.359500761536645,0.0344325593969213,0.513292121062651,0.530570231777841,0.268460554729602,0.0965847653921571,0.432528045800654,0.172948145983128,0.529761516909864,0.414633662155301,-0.0128593141350032,0.305029688036234,0.123780854179521,0.454761585254804,0.379064285670989,0.302652147178686,0.228729292866277,0.202441682286469,0.330829353621068,-0.0403444397866694,0.567031755052029,0.226542438346552,0.157977975250665,0.0814762034447568,0.00270523072222272,-0.0662254893122118,0.0382240918240722,0.224799828291345,0.107915574284274,0.372416120379415,0.210236989218774,0.154584470692935,0.205804558668292,0.50919729356341,-0.0471692471193683,0.494412733984337,0.244799631636368,0.190903427374693,0.376998777166286,0.0442630625269991,0.0691143509680594,0.275343350304122,0.444185511546279,0.303346500987658,0.365491916324496,0.473955554042156,-0.0629250955424468,0.490754148263076,0.130402878685315,0.129445873517714,0.0631355059267777,0.410509810103475,0.274848020729261,0.397809616490373,0.302379253211252,0.163556525940313,0.167107158515078,0.291724864038939,0.238359760331263,-0.0592942667888691,0.494868917019788,0.357139738810161,0.244646829663959,0.486954004637501,0.51170135625024,0.320204435344798,0.385400240656112,0.136102445096816,0.30022436204349,0.207991408819,0.45260684798723,0.117634505593288,0.0539347178440006,0.351524139750632,0.295337461755945,0.337110231209998,0.168891376854528,0.184386735290224,0.391093645570076,-0.0174590840389952,0.626005263465297,0.286785937243537,0.406243271384591,0.166838803575697,0.307137243811204,0.320174502355951,-0.142752856217949,0.15264155927338,0.280110040215084,0.196258094396589,0.449252579174662,0.319605064999889,0.197305717018848,0.119470522280183,0.480181385837338,0.1628294953812,0.124748960496843,0.441033105953049,0.177369802753651,0.0240540377994689,0.0697849125434662,0.358544236251255,0.134306767239315,0.670975954565225,0.282114352075669,0.648190784332393,0.417452835708442,0.0514293339109655,0.0827987042690514,0.270269324354102,0.199143555160377,0.453794828410893,0.584016183884472,0.114467179519727,0.363179289911783,0.480363922584273,0.0493683883251683,0.135086605109927,0.398467749709588,0.13278985956173,0.0817737241997359,0.338568733372419,0.271724771499794,0.370376052097887,0.349896449420956,0.254473002900556,0.089196471670584,0.400668094433769,0.395101118724187,0.325383983547808,0.593305208321699,0.209239167019144,0.0626782125993645,0.132716618502773,0.131571436520655,0.470873142915361,0.212849008180702,0.448939532499417,0.31067060703793,0.498815807141555,0.410774677450134,0.576548374900518,0.000930246428193883,0.597641884871414,0.387661270800651,0.48450763714595,0.473716080900841,0.617644433353023,0.412860979524248,0.479708620217723,0.622779600213728,0.44238899180194,0.456909497761009,0.15796446570309,-0.249183945766232,0.667605400536748,0.643613110664773,0.445188987099189,0.437665918562919,0.452299374689269,0.0240458135502396,0.253787086930715,0.280442236868354,0.369904937999377,0.336479125033409,0.26823930305688,0.45704328690521,0.35183025665418,0.735674997353465,0.137709085905075,0.777397494038131,0.453618558038717,0.559194491167397,0.660728443894281,0.319559865390224,0.428298969483139,0.53652301827392,0.0884572665824144,0.181693026511892,0.634501918074696,0.511462982460284,0.418115126107033,0.508728645662321,0.442559858077824,0.477491423015528,0.418336178929633,0.48210128438751,1,0.374595676138401,-0.0200506145873952,0.3695922546861,0.439778607999831,0.620251097307451,0.600518335746874,0.265095282237311,0.582428855129786,0.503678231044857,0.262041897801717,0.202030631275325,0.613736220767683,0.266871983412725,0.311135560841353,0.416329766489296,0.449560529170773,0.441822448398148,0.557113025475961,0.544171338282469,0.117227265019878,0.580295659781366,0.318945509599912,0.180554404010702,0.514341917447282,0.396706902179067,0.301411849679761,-0.0501376314997208,0.175993248831667,0.221537563772232,0.483862481003074,-0.0486151229759466,0.223250670875187,0.533050331295993,0.158089088241776,0.466078482616507,0.217481257907034,0.4661789987604,0.465460148906984,0.442953001756622,0.177143496909293,0.464673762769313,0.416694313896035,NA,0.171380942705766,0.268709959702737,0.599272242847085,0.0814435080164874,0.232957348122391,0.599328185135048
"ROI230",0.150214589077564,0.0810966336671129,0.308078812013614,0.301510344722849,0.295597291405376,0.208674382672987,0.212555451393888,0.462207166178808,0.328094795273332,0.313734157008682,0.357012326951144,0.388065800602176,0.151362072709151,0.309108580080922,0.621961236406712,0.37334179079632,0.586959377410177,0.520300440161457,0.207736578908557,0.326297959961796,0.182057332973778,0.175566230891139,0.315948709413019,0.187945964377319,0.135363017815479,0.155330567201773,0.664679113949719,0.370640497884979,0.431836274215715,0.136124319515867,0.248027904472475,0.444417961856799,0.19527659467043,0.296213214487871,0.281395072182391,0.546452667200462,0.20830859916371,0.0731643262790916,0.501454279962314,0.421582122825641,0.456415528265616,0.401239800107158,0.230654742371824,0.348652735069108,0.513403352721752,0.13140689989444,0.370017790381865,0.514155869480778,0.446956894068512,0.384063127173495,0.331845134305657,0.331285212526125,0.462507647779494,0.379471861895564,0.79573378623831,0.488194295102942,0.31846262314961,0.469785759102162,0.50400632072991,0.355290915121386,0.163838358860482,0.292037670515428,0.293635462204664,0.397721738224537,-0.137148525270036,0.154303561908834,0.437781304883029,0.0967907971541951,0.210359660928976,0.0733143169086407,0.701959422259017,0.101977618655912,0.101653709909934,0.262670288138313,0.417830948959012,0.0253780522368872,0.159063700089697,-0.0143386670872405,0.291755308715859,0.293888309629023,0.239439536080008,0.409260250812724,0.382461305990665,0.464047894361664,0.354737175788578,0.0259042571625963,0.291939942205468,0.275269522603404,0.0818559154960241,0.201386948893024,0.36143849689767,0.49222550828571,0.493490140588363,0.355058807101048,0.439525377931425,0.0722989439391745,0.354538064290287,0.397300869549311,0.361566433483357,0.533167224014792,0.424612137292637,0.200071686528227,0.0106811584735984,0.266949256232547,0.379260848544899,0.430604033387817,0.213348401055523,0.397892701739985,0.233070171232514,-0.00361652260042455,0.130435098638566,0.359870476822337,0.243423136109442,0.145577570889073,0.590017644770328,0.230966952754359,0.475969749830935,0.51006728905192,0.0104812603643157,0.30806948368847,-0.0841048117738497,0.370247688391043,0.106911427031286,0.339842477452326,0.366583447148775,0.0721917055469009,0.308482893090878,0.156609485433063,0.130780681602731,0.18671834515515,-0.0136445781436152,0.626340521346622,0.369014855016028,0.12574310137777,0.462076341636547,0.522680853955638,0.321925039436018,0.550250295402714,0.385068835036067,0.495344154715068,0.161737366302978,0.00668547106565774,0.340181856937468,0.396534296883582,0.130623861441696,0.581890283392626,0.267362925361538,0.431471266104436,0.396585045510214,-0.0742847236258841,0.334523506818256,0.248787021959357,0.250568373651973,0.355817870063558,0.175874709272737,0.407296531867063,0.491907352444381,0.361551637092042,0.21569223347142,0.531045645762872,0.436781696910837,0.206078335131888,0.395531621300599,0.528515240976171,0.331825663179504,0.55532823401188,0.47468154751337,0.358553202617009,0.469852216434205,0.412144534624928,0.375852890683647,0.464789366287445,0.577480407722229,-0.0165956210103034,0.122570572689318,-0.24882675668181,0.44275757465553,0.395138262188076,0.287620707478986,0.609868392929892,0.223715530478687,0.450506650397088,0.624521166924787,0.218950067721082,0.379727379324047,0.180759086975112,0.34350886160523,0.11106557952129,0.139510105761459,0.616641558164921,0.572392915486555,0.134759207027416,0.323146184432811,0.209375071333199,0.524422685257344,-0.226949709843579,0.377991509258839,0.166982160113893,0.432457977324333,0.376421153329948,0.291791912368326,0.115852049554927,0.399057206663997,0.447281155962029,0.460121849906233,0.370468859625124,0.476679991491265,0.481311625756036,0.264974051621451,0.28974310700576,0.305406972866668,0.213675263014702,0.45162424142734,0.547241161196446,0.0583830785906956,0.488252487641554,0.428957321624029,0.5381702907002,-0.0375429737023385,0.270017422507814,0.424563556060826,0.478528830200395,0.570594186438208,0.770483073561694,0.450967443488534,0.230181604757438,0.435080504541999,0.0632111873355227,0.374595676138401,1,0.237512505134841,0.444141246290153,0.331501374850177,0.289957865371852,0.396946597230063,0.0727476192736753,0.328492496063543,0.0453864313140464,0.494406420794908,0.347406688671293,0.602431878918973,0.411631974971057,0.419508437820937,0.0618764416132975,0.579978166465151,0.592121445302579,0.332049570532071,0.0894040431045597,0.362132583720492,0.429578060559221,0.379352070576885,0.212670307443614,0.290641017884478,0.351067628976484,0.547753179058399,0.0457050711608027,0.063187866122698,0.292290909175942,0.327945967413942,0.235852049018028,0.358365795081815,0.529780178027055,0.0357063234028268,0.575429038887001,0.0784237610256209,0.215867106641231,0.200646827881009,0.56998371935685,0.501227187449534,0.332047011849013,0.153451608525361,NA,0.31027401607186,0.415658528219049,0.637762591173249,0.483224408724909,0.449102913610993,0.509504306615691
"ROI231",0.099460093607185,0.0109720325714341,0.152322075413063,0.00768060896985456,0.0624779629478402,0.00606171979977046,0.0201425061369886,0.127643569959199,0.119379534622392,0.0108602437977148,0.177559922928514,0.35714102630442,0.0652930982952968,0.338730162214172,0.0314327524917429,0.230314598357543,0.224995498830319,0.0184212478657592,0.134172892986436,0.305168715839701,-0.0506047847814506,-0.0464837399861592,0.136204588660543,-0.0624128608437964,0.0547358309074974,-0.0896469241882916,0.280206477395222,0.0554032746409116,0.145950817003068,0.176990902314407,0.0375980084751222,0.135410309598328,-0.0750696751368888,-0.11737986348216,0.191800522773733,0.23646535904356,0.0813502121897188,0.0902185684809421,0.264577285416327,0.155001821063577,0.0960816043406876,0.0521555543305015,-0.00083043049455279,-0.0205877407341826,0.0453213981801342,0.0321195075257597,0.140903589682707,0.0539082120208802,0.197807725622276,0.0660280846948855,0.066148171527085,0.16654935118844,0.15008469875211,0.0517460951724876,0.239301785197764,0.112262592105311,0.102559740886978,0.190941822661192,0.286971501909032,0.196595289944844,0.289681617850349,-0.0726965565181217,0.233936690750253,0.119338222279277,-0.220550112797844,0.0425738891528883,0.282833476152438,0.107460927234542,-0.0412752130344961,-0.00378356035145691,0.0748342668686629,-0.0633141928070628,0.429945596641121,0.042831292300047,0.078344060399721,0.03322943115536,-0.0282702539986703,-0.103394794408655,0.189440960166832,0.114767317079326,0.0389463760157692,0.183468465177878,0.205966966858898,-0.0522502478242042,0.0767683997660427,0.0986266034585524,0.0826440841721357,0.205294394198873,-0.154114494237276,0.03808361371754,0.0791123729571039,0.14341455677869,0.0667520727421757,0.0752461365822877,0.256021141421244,0.0939623748849005,0.114920632740951,0.173379599142159,0.1046514525693,0.234868086668491,0.273971761784055,0.0799276616749177,-0.0909005681231119,0.487911655066583,0.0576865538027395,0.097916675864151,0.0100596218308228,0.120501952775944,0.145797927041326,0.1670149685346,0.108068230503521,0.181943969483579,0.0839808669853129,0.107826973988562,0.177703534547107,0.167962545917453,0.166838507411507,0.251170503882265,-0.121148799544944,0.250592016075491,0.239977118819411,0.0913520534346286,-0.167053630783384,0.0676617071351741,0.0951548500132188,0.0838129319063675,0.0462880550425563,0.0448671844471479,-0.0527153075181096,0.332745819322418,-0.198443833975338,0.112765374816676,0.121959101578019,0.122018550021443,0.0918067461382699,0.149394068032197,0.134565565785208,0.206347765743028,0.143925555086672,0.226942177594307,0.217111118784032,0.0495024863477935,0.201148395749485,0.102597337580829,-0.103713129165663,0.119238603597143,0.166365598125879,0.113340732662729,0.12450502757087,0.150084921529168,0.0827212133529593,0.0460534093194251,0.146372003756994,-0.0210044327229927,0.0768673736956951,0.0522254787288669,0.082426142383154,0.0996761247468453,0.0732911131330292,0.232234378103414,0.130331267915231,0.300325652585169,0.131620964080589,0.158161838388827,0.118259138617525,0.173730775504126,0.0938491784209875,0.285914343795325,0.104868292954998,0.162373644170652,0.0454697713187177,0.0696116068462006,0.16924148818356,0.0518161064750788,0.17787283914297,-0.17387733143933,0.151596842161311,0.341839075740263,0.0603069007611895,0.203420293917946,-0.0358407843365709,0.0430429729601901,0.0443269409323808,0.32842814309403,0.12143389798288,-0.0915405437139003,-0.00625276582791315,-0.0113898053286874,-0.0885312860974886,0.060124873480144,0.160383204569203,-0.156364766317225,0.0195038199987829,-0.00446979097736766,0.12666269881198,0.12501900145844,0.0942409100793589,-0.104029708014128,0.053667390227096,0.0810982603910257,0.100832557559109,0.455716483559094,0.0764844364985682,0.144272889604311,0.300224444693053,0.0396586212774279,0.130987016879347,0.12438077219606,0.198983647257906,-0.124450416763713,0.229522167667233,-0.105984142275222,0.226197473061384,0.220225115191192,-0.0696974438919653,0.0662601981947147,0.0614531628934498,0.0783292474594843,0.0424390036062302,0.253179815176596,0.0295013236232573,0.238524646829193,0.124895478685031,0.141567228170626,0.0759364272001111,-0.0144258640567942,0.0863213118745239,-0.109946893002382,-0.0200506145873952,0.237512505134841,1,0.181554083716225,0.0524155016319557,-0.134333444504803,0.178647623611477,0.220422652569522,-0.0166095034912944,-0.113380280118884,0.0670437732551294,0.103963254938892,0.123910598707432,0.0416208565945285,0.0572640304750394,0.0190379278861118,0.0754581343574899,0.0772569693888072,0.17919219491337,-0.0966509846630342,0.076260470519477,0.116136792087448,0.095371205851314,0.208246314595209,0.0197100184475487,0.00292681625421473,0.044755414272574,0.401945896268492,0.239222621802605,0.0448226932963262,-0.03104856662286,0.195342473856631,0.13818043453985,0.0600350354040838,-0.10674768812428,-0.069788834579144,-0.0404294425177207,0.0355783838614008,-0.00666590795873376,0.0922226728990555,0.168662532306025,-0.0820229619713167,-0.0938735084907938,NA,0.0426176021872871,0.199345507226813,0.180446807653931,0.183591728983977,0.0460674472360072,0.11690631237346
"ROI232",0.27241442660973,0.173979999211752,0.160666136742816,0.328739211096695,0.328806347678086,0.312574950437194,0.172354513861554,0.574023583938877,0.539561568895664,0.245468567420116,0.160782183782674,0.277306904382996,0.0910880917273268,0.034369334796574,0.402502934363687,0.352517638660578,0.431290717507055,0.296599260761243,-0.0187864075203987,0.397177010617257,-0.0318045238085032,0.190109048673124,0.499549566448779,0.0574359123747784,0.277877254519144,0.295317314716943,0.379666874359951,0.285698258041185,0.616734358233807,0.00406478167189742,0.177498320908983,0.273139452013399,0.15993887914556,0.241870359865737,0.423497649854304,0.751170538192754,0.13202302492091,0.0629614073745734,0.732154078051429,0.550585636396287,0.719062351875981,0.495710651820291,0.0143986286844554,0.228288325854862,0.516221946624819,0.0946369958832335,0.168205159029021,0.431435983623189,0.314616157105385,0.32285207440235,0.225419066928081,0.211022415159849,0.317053621982005,0.104992254031825,0.537847419978675,0.308230420170532,0.441431151373048,0.255617413621575,0.300187968066002,0.664290990890554,0.105562788317562,0.158484199512263,0.427154622384743,0.393949253662076,-0.212592124813416,-0.101141439714908,0.294001346471095,0.0609269588729924,0.0518356581405512,0.217545611348256,0.327688489223032,0.140074322389776,0.247033552142232,0.25386551508707,0.246476791576171,-0.0381638236850513,0.169625664255938,0.0619030860311237,0.138549312380569,0.701807100129254,-0.0397006161948889,0.276055337915157,0.294871606847104,0.413577493239979,0.355099789905634,0.224661626528338,0.438561922696802,0.455889229055896,0.154109932010257,0.249776442800648,0.153325891307729,0.19211737522001,0.406506940506659,0.215100798749577,0.555381285026533,0.259708256666739,0.276124823004812,0.270590232254679,0.11130858022833,0.520293398370173,0.366989220314972,0.456186218273294,0.0226597656685647,0.203997703206857,0.258727558125172,0.63156761955129,0.283297222928664,0.509032354963887,0.27047875720791,0.134271247218394,0.288163477950124,0.349848519236619,0.264257365217273,0.099078126222832,0.450986721886287,0.494960541953604,0.47822506537052,0.380682626061201,-0.0844185716702412,0.391764990896406,-0.166307782873715,0.250695100081707,-0.000577149818098526,0.417572791054835,0.356801656621696,0.211026760718323,0.297297856521821,0.0538844203699848,0.163698190387391,0.270527209848296,0.108007344991296,0.654908786327796,0.249922937925337,0.293283367750427,0.181986714115934,0.54824848006554,0.209329236158244,0.292786738795034,0.188385081711003,0.518553267183507,0.0160502717029734,0.055504675670789,0.683827916843974,0.128330779293903,0.222000335854107,0.736722544878048,0.423845081511613,0.262796017338221,0.279841033647198,-0.077739063898592,0.220085125613464,0.0682013184697141,0.358754106085284,0.275219183173337,0.072393293692305,0.372423178884726,0.684296053002059,0.198758066818337,0.320432661508807,0.693181009076812,0.262499989997616,0.233114692910331,0.311598658368922,0.461362379480083,0.240574270334168,0.601332436769562,0.340583261572772,0.0344922690925331,0.379540478596825,0.234274266321685,0.100818333087362,0.53682856032503,0.411437841652861,0.125788031376345,0.107466303539176,-0.0869718035389669,0.486082847266807,0.17521058066158,0.512302662183683,0.35474259158396,0.23926705559253,0.140495079804742,0.355357596433813,0.11357956596611,0.603597977268574,0.0144355209878179,0.305247306806784,0.0222757509995098,0.190898065808517,0.544073054093168,0.573246497033871,0.083401006965223,0.485429439622175,0.174699152688002,0.45146757165015,-0.276335372171527,0.508470170673044,0.231103687286558,0.269103148523137,0.313382904256451,0.40492872099404,0.224680429624994,0.678266882579836,0.243135348154054,0.566991221769912,0.409085103448778,0.234367775778226,0.48200773947301,0.520600375436393,0.292074086649606,0.238426493898763,0.249509024107034,0.406929671001464,0.843088383041475,0.213689452033053,0.340566434457621,0.364806878496542,0.346996824911926,0.0799312104407945,0.114346500159178,0.34201720597489,0.736863696772489,0.517048221040788,0.569582295119887,0.139037000708613,0.284523404963177,0.384011904853263,0.150366954705774,0.3695922546861,0.444141246290153,0.181554083716225,1,0.354475121341777,0.160041359231819,0.495341467746712,0.304193441968097,0.332806930857001,0.129255501763434,0.281525972708766,0.707200330997881,0.338035763862405,0.416359448051334,0.433075323910447,0.0454841790438121,0.315658814222471,0.398144972291216,0.580176922765282,0.111173774533961,0.261426140575982,0.669049655874561,0.228825695807038,0.361643938401957,0.24123819323248,0.244443395821467,0.482740959564886,0.177621005371007,0.0620956856355475,-0.00557130978180384,0.300494397209568,0.180332375695466,0.111843931410797,0.347655833362624,0.225564122277797,0.260665177903969,0.194259005084677,0.184858740732722,0.231348406122752,0.308621009693943,0.380158187719343,0.277598600343184,0.0437502803800833,NA,0.229907956588167,0.278291143893608,0.638190198008043,0.438152936545269,0.270184374425134,0.346355840250866
"ROI233",0.0919335513230774,0.229170543499498,0.174369296945499,0.29577128175195,0.289864030118425,0.278649902920611,0.168633647954095,0.255367612919423,0.196965114183352,0.313065387318827,0.294575226113912,0.232060224810105,0.0198798371211939,0.0603970414936162,0.363082433177437,0.176173887399987,0.280475826533664,0.354972082018447,0.137952909441821,0.0981611473442857,0.165721330892817,0.265554929596723,0.346949465683427,0.27156132188143,0.165623142290962,0.285559866285,0.278570617599774,0.3203361106602,0.299868168036095,0.0342793262402265,0.0199638603181397,0.269718419446821,0.362531817582252,0.282831031949679,0.378987459514937,0.389572949871932,0.188591332995822,0.175313346991399,0.254681754226091,0.334158294320513,0.150750276394697,0.422626389919119,0.0313133589323252,0.365618533595491,0.354485149229044,0.275399735110984,0.209646513204909,0.333840323568891,0.305412170881288,0.266325457882053,0.320131639996894,0.179341831639577,0.27196602566211,0.314199995547657,0.28310532437072,0.29060695894018,0.239657512304601,0.26083354166299,0.139471822104747,0.289034103392801,0.0239337186790973,0.441622730524279,0.232240780294486,0.170703225665428,0.0180160607179925,0.0293316215165495,0.102766509346918,0.049040403364136,0.283177065355861,0.0774626691483092,0.368504169301463,0.247462626877722,0.10522852314738,0.310405297637144,0.299354869567652,-0.155382682706436,0.271453378095234,0.202131905996396,0.135021231696405,0.26082185406963,0.217119725686889,0.0475348904699994,0.114916462004184,0.314105042683551,0.196903215895323,0.230566742329509,0.325975776942175,0.0691204659864283,0.165137716856647,0.139094096991342,0.226802820605881,0.282175511609974,0.296084719795219,0.300630745870903,0.250097627487353,0.32894568399423,0.180242830007623,0.167670344638306,0.16300413478987,0.284581256831955,0.122842007491465,0.360000851594825,0.190271954388136,0.171675286497592,0.340388445929315,0.339803674222641,0.26250158594189,0.261933798101001,0.152464158124938,0.236952049361972,0.119127870430228,0.243226510015065,0.154658319500592,0.0639702452172655,0.35261905995147,0.233268673146842,0.210046442404182,0.455717231022279,0.119298449244207,0.357008062268441,0.181300726153567,0.396408132382637,0.208322843617154,0.279738270587566,0.278561920226607,0.150124608743519,0.302058696829059,0.0542011942353571,0.140533608020288,0.248416522557394,0.214834375867214,0.308416230364682,0.188365630484417,0.104942294356115,0.17654389137998,0.418657519805382,0.22588000492786,0.279969475851016,0.278737395349625,0.17544492890026,0.016211471389119,-0.069236550513437,0.301247972951312,0.131880002971116,0.381329761524913,0.306120451473394,0.426070521748828,0.217130575354041,0.137738869483179,0.000392125733035191,0.151745993312598,0.329541392777028,0.303957882589727,0.278526345672034,0.415749617666895,0.285289301690486,0.342046631642189,0.17363627546145,0.201161280158319,0.409723900611618,0.240891208189774,0.15162237610167,0.346218406184087,0.312281034334398,0.162181898662513,0.291267348505554,0.331802524705532,0.116616555130247,0.346053215803568,0.218254267882982,0.285927911792409,0.419204964381215,0.31361100115816,0.0213997525884316,0.0407564302416647,0.188920850160154,0.366554863188294,0.153406018424781,0.305367416327919,0.401706639927423,0.380205539873975,0.364287629901093,0.362148914108912,0.175816457921394,0.330348697115794,0.335859924837749,0.424754032618384,0.167478336720073,0.362099726439234,0.327003486631803,0.481947926819471,0.377689121844128,0.373696650443339,0.405510362037786,0.221067357508085,-0.184101644792647,0.406658564761777,0.39724444968264,0.315515070567239,0.37594445278196,0.372121295126529,0.0864745729617612,0.305072578661586,0.360785735249034,0.266097760805634,0.246909871798305,0.188578699349996,0.338089321814336,0.257338851984303,0.476538971502397,0.182771930004023,0.498703258514731,0.38017042580322,0.395714298259889,0.260595167773845,0.278727946418905,0.375779066432234,0.356023916023746,-0.0044751824463363,0.12483135584909,0.446852756113975,0.381449457442908,0.308588458368423,0.337545321759658,0.375589262445022,0.406995894916787,0.297761163393981,0.329325985621701,0.439778607999831,0.331501374850177,0.0524155016319557,0.354475121341777,1,0.415682328973092,0.38354268799947,0.221056547965264,0.3027149642578,0.336158414624198,0.265560362276236,0.164334517797,0.32917975691563,0.180233445710598,0.205902019970065,0.242854864127084,0.265988431579518,0.349164511360785,0.346357118424488,0.372056960124744,0.248333545866889,0.414907779401079,0.311225804796911,0.117553285780668,0.273678960781154,0.266350879971304,0.275851293431619,0.0176893079480981,0.174612625590772,0.263660422712567,0.324073851215137,0.320981669656146,0.0911089691541543,0.330751531894869,0.203748478953546,0.355353037671895,0.197562371582632,0.349507109840694,0.370457526288214,0.298207441845515,0.191348961982498,0.260150759686599,0.255351781458302,NA,0.346620667311919,0.215349622044574,0.408176538478794,0.192299858748106,0.214710757084053,0.382431759210586
"ROI234",-0.0414812081692172,0.20312649000374,0.119401470030602,0.511355748952741,0.18723034661629,0.236724862776618,0.48059573187753,0.327780955065566,0.133878449533239,0.36387368130688,-0.0530388213319236,0.010992340608587,0.0134977193089477,-0.0338316697629298,0.570831919401678,-0.0470712856311158,0.197578081506941,0.519604283509373,0.0165967790550138,-0.19633751691527,0.312811114831248,0.314437261407742,0.387123625684276,0.433628021623304,-0.111715106091453,0.469550531569295,0.111720326519675,0.545288023274521,0.361959086067103,0.12866742658262,0.0175114263105989,0.391081769876022,0.331555961650807,0.590482495852353,0.24819554804381,0.198939804259394,0.250437145392388,0.122920090058084,0.131411074081762,0.269251112165846,0.00563626022992078,0.408885965018377,-0.0966321420745528,0.55688815347004,0.366401130877281,0.198813981715856,0.0944127466177161,0.385202538356777,0.124804599631859,0.46768727207283,0.487709284273109,-0.155142940628402,0.273233950673198,0.235872711337099,0.293269416276614,0.438720903946375,0.263976110238163,0.239111869770162,-0.0442111354025306,0.205421216089416,-0.116806270494811,0.609039311575977,0.0276895001410943,0.074125202538065,0.322348621214544,0.0429632260399111,-0.221760796087275,0.0926054592096711,0.421039218068039,0.133392136792905,0.322528059705381,0.282306605529018,-0.219191384616133,0.26197636804813,0.311519217168171,-0.0169147104536359,0.484487711686927,0.29761099897149,0.0820392211472639,0.247231802528527,0.381212428542854,-0.149342079398037,0.0632182710703345,0.368087523013488,0.263689918523994,0.0635179051999286,0.279280276094805,-0.2229301108748,0.566460456231492,-0.0394122427069738,0.269271241298392,0.0396652247559625,0.400320175763494,0.195138386400833,0.0517204795059692,0.100205026891477,0.165941380497864,0.0890945470798759,0.169479364170794,-0.0144688175417669,-0.0283131366517738,0.252426393208519,0.322812584416192,0.123153822334855,0.50849052413752,0.324494978270191,0.212424616360393,0.237708755899916,0.0258889358083883,0.043817695161864,-0.100657326721968,0.285105956440413,0.280972814345459,0.0367588591919061,0.346997619233402,0.0455058674879412,0.214606140467815,0.155577710243841,0.351715812638723,0.20765308075566,-0.0934376859334223,0.398774690866155,0.436199758481483,0.199098829879056,0.151013998611265,0.0304881729707685,0.250127698394121,-0.169196661139772,0.0179733419370236,0.0822693948370286,0.308481165051383,0.335275469806289,0.350496285143429,-0.084939052820247,0.165103396754983,0.350627209500827,0.0681993946229296,0.0788966732308858,0.34640416303807,-0.0544507350872377,-0.0970883858820439,-0.0814006234700202,0.0235534359318391,0.153761304538624,0.515997942807186,0.168062990811679,0.33005197667892,0.395317969365459,-0.0929738689709855,-0.02315333006491,0.306026331219861,0.101023074266465,0.296404430099489,0.592658584391149,0.0576804928600892,0.288737533890402,0.361021809612799,0.170375982750451,-0.0146500467264065,0.23548600784919,0.114702381644142,-0.109424536886228,0.269016126576736,0.263429130934127,0.247979273391665,0.18423223302639,0.252402739377027,0.0940143760180271,0.186775128952049,0.302076461099562,0.53631297264073,0.34605608245248,0.0230646594614871,-0.043744217877904,0.0774519132662006,-0.0219899313729722,0.226740786537544,0.256719729016953,0.158994366852397,0.257709846035225,0.669525940852934,0.475880008249621,0.527364409430281,-0.0767800456505317,0.389212155864954,0.579891019213012,0.267387179488367,0.364364444581381,0.542495157172706,0.399274525116232,0.498520088482075,0.681386155726249,0.262573213870299,0.408199772428574,0.134186217500192,-0.218958272517132,0.49331697280203,0.68504098440882,0.517885884532509,0.405389363936363,0.190545993156444,-0.16631645785791,0.186556223962773,0.255341419571946,0.18726254312894,0.204971143366113,0.156302111143388,0.348806323074499,-0.00595090886203542,0.782952279273592,0.0202001609046419,0.705362097750981,0.454161110597724,0.336430717286807,0.413193722615054,0.0974875642341298,0.471666506877606,0.506087635365818,-0.0513652036189102,0.136067232116731,0.317110293962208,0.304706162861596,0.29598436120139,0.39960123085049,0.541330872526008,0.435234176651078,0.359098381531426,0.53465415840764,0.620251097307451,0.289957865371852,-0.134333444504803,0.160041359231819,0.415682328973092,1,0.365842190473877,-0.018806747049917,0.302453319326581,0.434625859544432,0.195797866583787,0.168598312304552,0.376724048747573,0.265911453466928,0.350927774123352,0.533300579758922,0.383030512436958,0.333968916270192,0.248950960783736,0.509431525392999,0.12940297799138,0.376561700542648,0.390182840694462,0.160378307034925,0.506994313063304,0.380252293024994,0.270760415684559,-0.239956584761056,0.00432005941604744,0.282569275458478,0.384655959788647,-0.0962024231666911,0.261540217216551,0.545974729107314,0.0610108291895884,0.469828034983162,0.243139372223224,0.625513638677547,0.444859749683479,0.414368542581753,0.0251652641853079,0.433832045161093,0.5055891539864,NA,0.119141913925343,0.0934316544721637,0.459433695136407,-0.191896456878862,0.29467477563754,0.549422987836844
"ROI235",0.169825622681745,0.0313042140193485,0.0963488319740003,0.500655281276971,0.400596450797939,0.0852239431730406,0.303720482371834,0.473074612367014,0.202787137813736,0.102969946694898,0.0438650706457664,0.208735160764935,-0.0779962056345277,-0.0296234752195614,0.393414998575853,0.0352169477576396,0.492517261300657,0.481998549702853,-0.0687699918415709,0.230172839766809,-0.0471765162014554,0.230916660269675,0.683598462546483,0.0631407898206943,0.0634338679320494,0.308898217615933,0.310699506026344,0.411091655324546,0.544555324739038,0.130034677189069,-0.0295488339758797,0.475296754406145,0.201679168749811,0.350604208542971,0.46894136733799,0.581015154350517,0.00331781089211452,0.15699808159938,0.511403197012077,0.309724427858226,0.315897134887754,0.403315883490188,0.0871308103769024,0.428908008450338,0.608436351533453,0.0332967632283903,0.0153393012341009,0.453414077837085,0.32146276177502,0.450782272920698,0.260708853286009,0.141249548748957,0.402910142170516,0.103761080905421,0.472179542366545,0.293433559478475,0.452256412581309,0.283067895358709,0.243969573590151,0.408941863467349,-0.016964030775307,0.384831385446538,0.280451952883796,0.251227393968543,-0.00853566489075856,-0.188552995698174,-0.0235347707034486,0.148992851088262,0.12295576969874,0.0977325965926253,0.333825362569158,0.0180393998794892,0.235779006164234,0.163405989620612,0.281353890424391,-0.0303521756683153,0.381554448146905,0.130295160534559,0.203308506977336,0.549243429149806,-0.0537373216182318,0.10735370229736,0.373826612401174,0.461817005735976,0.351611228889773,0.204234608563131,0.589274666597591,0.0537322236646166,0.330911229916888,0.299460471748491,0.0917773677622678,0.0421708000914389,0.335929887870127,0.0471709190183064,0.309052442765601,0.424781976078616,0.34223186577194,0.274295728385223,0.379101586070744,0.305784673057791,-0.0387936345894089,0.568114239628645,0.0646292161609447,0.232133091497477,0.426394607040935,0.618917454263732,0.229554063082456,0.464746240650369,0.0816672565523412,0.106804159787656,-0.0300395357376329,0.432424335701603,0.195004719318248,0.0852218593381448,0.347095951613043,0.3637426697336,0.432215860450547,0.313327079754922,0.0347505180226576,0.523975831783399,0.10484165209247,0.421769399445995,0.100956693708935,0.349552438579325,0.112713261534976,0.144981170348491,0.411972647779377,-0.103123729574819,0.105378543161048,0.160612647309521,0.0339565949227844,0.492106957078846,0.383064527109238,0.14762798655985,0.0525627473875487,0.480373647649933,0.0915135748875531,0.123843154801446,0.348264413000273,0.255719918043089,0.157849946726516,0.111944580991909,0.440353828291497,0.145083674313783,0.320779633599565,0.33358053161762,0.509378242252581,0.391746888900076,0.104903012888278,0.0346472301302855,0.258435057639748,0.106747821151988,0.47670582737857,0.39464959227545,0.113973971449839,0.508383872487999,0.544459260423145,0.123247474771687,0.0978958328863823,0.35451210957947,0.159341007842651,0.18367354953923,0.321975060254757,0.224908242832743,0.407832615789836,0.426498401500924,0.269470173449046,0.12158251379633,0.295132955402326,0.213319428841992,0.235579830100453,0.536492352434728,0.348761651699779,0.0640418107680037,0.18733564441581,0.220010545476531,0.453385470542442,0.364680058941615,0.279395283800317,0.252936349031856,0.317266737260099,0.309439211575316,0.441474925348098,0.158042753956189,0.664437106280495,0.160486198558006,0.329345397773214,0.255895622680471,0.330022576002692,0.431368629766539,0.505541011015367,0.257868102140333,0.352690701715087,0.166717968094558,0.340891994339498,-0.210457804618424,0.492685441389119,0.430876964523699,0.401709472334165,0.329968663223185,0.346719334523998,0.279996550051234,0.280825122541928,0.187960455312906,0.641453762550313,0.379380133476787,0.363034501873031,0.529234062779667,0.475521628656044,0.507430299166729,0.143120177562307,0.450409178333798,0.483195848083368,0.557546771951127,0.312074484066048,0.278851650428481,0.438466851550989,0.479476264979879,-0.00160689617160882,0.270920684552756,0.301712054653629,0.708873588232929,0.442340877272197,0.540515517939231,0.271873358538519,0.202695836588363,0.524529905343188,0.299835435445849,0.600518335746874,0.396946597230063,0.178647623611477,0.495341467746712,0.38354268799947,0.365842190473877,1,0.362342263261048,0.463029514471279,0.301214943590488,0.255425552411132,0.350891430971608,0.519848013020313,0.3491274304581,0.382328585327084,0.324532864364552,0.460251736431802,0.399693032628683,0.718319045871392,0.25235167721437,0.0615541901843125,0.493129799674293,0.143902714506973,0.385799911971981,0.406719650370135,0.413285147277748,0.407325164260237,-0.0512847357761154,0.218548062105365,0.00154966407574416,0.321605406359496,0.127248849492172,0.195528478362999,0.521997283960657,0.0753337812477152,0.460539769167948,0.196814672215798,0.382384628503905,0.257104805592982,0.441708459734698,0.177950476282212,0.514697794851532,0.206413966131329,NA,0.277365981120565,0.1805493398358,0.530829609995978,0.16167677405218,0.316884408620434,0.484775695821049
"ROI236",0.16155853811633,0.354752351092461,0.0888896854115684,0.133786750671688,0.187525342011086,0.268397761458433,-0.00237735410956743,0.141090431932708,0.167055093130772,0.142496332889297,0.200624297462584,0.52029052672762,-0.112598372511174,0.106477196116219,0.02372090447099,0.301339332614461,0.161327576842651,0.0743405175986597,0.0539974444541667,0.290806486447588,0.154719412678389,0.250370550582025,0.309466510067341,0.270738636931116,0.0312794449882116,0.0931909117565461,0.0492996505317076,0.0797175043526036,0.0861973194543413,-0.0195096985139852,-0.115781174193588,0.210814033005372,0.337280761745872,0.0119386801855481,0.48631221817547,0.417942725097216,0.0598453778393351,0.442761223476584,0.265683847021364,0.411667046687038,0.18052799687963,-0.0391109896646866,0.0253487714792456,0.266397525402794,0.305265897966672,0.285923015842133,0.204567742734092,0.0834210756810523,0.273397933659113,0.199608398761048,0.218771236750666,0.245256407161812,0.152318759267757,0.113657014348867,0.058004092198387,0.0957330709401016,0.152991881327547,0.0422139567342608,0.0555275664390547,0.279037308326867,0.141064422143714,0.280969949626048,0.291772536177399,0.0144827594108068,-0.0125564374613801,0.166619190854639,0.0685828934094616,0.0178184201558245,0.089077511992783,0.0662417184707455,0.020040373882935,0.279521226085784,0.602214161847738,0.255099102750321,0.251229470728151,0.0716438697532803,-0.0424662362772036,0.30524117141539,0.26519494268128,0.122003701679703,0.0252371911758628,-0.0413475921347629,0.106467116911121,0.139605309480157,0.0237424696996308,0.609279381077318,0.334303759913432,0.120995558718629,0.0606203871933974,0.115624495799695,-0.0490640716117537,0.155849671717569,0.0537958855081804,0.249299854438712,0.302403324936467,0.656332360347429,0.151546928974247,0.165400799791342,0.0882034861154142,0.278624174426741,0.0268896228247578,0.539910447423887,0.0220316593399244,0.335542758697293,0.0817531331353634,0.333070284957867,0.450072699434592,0.423959922488526,0.0522360751168712,0.591763429232531,0.185669781580774,0.15872824125477,0.018559093093804,0.0944475616328669,0.10873238718557,0.258342628092924,0.142721914306761,0.195089356659808,0.0308308773817776,0.441757159127569,0.30265566357652,0.408435665885747,0.0930744556292614,0.291958856030114,0.276090572291946,0.473135748253452,0.108390875028831,0.108763458009946,0.239659889446443,0.486346420384912,0.178112913615886,0.0947673569569302,0.0394475034360393,0.271727078514886,0.170081364096597,0.148795480910247,0.0166148934094794,0.127777631672763,0.0440411599346939,0.0554480064234413,0.0393248770728871,0.193936945551156,0.348922811337273,-0.0250154924258933,0.234671152122905,0.197941650614584,0.527796299159303,0.0584031080675165,0.159465673093742,0.4716765014509,0.00808602085962304,0.233033458133406,0.408938518673763,0.0597454863724781,0.157936162878199,0.131859657270522,0.138381789109768,0.00357768353247901,0.0278444416772761,0.268527464164082,0.058004962514135,0.371948031450797,0.229028381313543,0.0793800134326456,0.274401687787985,0.129381771882727,0.140612977089853,0.220560471942772,0.135416841002009,0.168410492923894,0.0648757928711285,0.202507181275052,0.127558062950364,0.0422649931409367,0.124606566925025,0.228896170740453,0.362851218246465,0.0952702712107966,0.376566538841035,0.15614066370538,0.16507426556411,0.175193651286193,0.0292205468595764,0.485236812911315,0.273739382932423,0.171429466319522,0.340717782305048,0.199298324127717,0.2251130820111,0.0801111375181982,0.139069599369741,0.21976505709572,0.39590670077248,0.314851584658219,0.0240066086618484,0.0774349629548829,0.228272165355169,0.173004667045529,0.0650174593553294,0.328992616046686,0.405889012918806,0.355821218828625,0.0397426140925163,0.217807233695952,0.417645220095516,0.134134896555697,0.15521751624802,0.20714004343533,0.444037768876645,0.194373264926738,0.281109577995964,0.328890172597103,0.10623466099512,0.282803849687782,0.205531122196558,0.119969679342877,0.103168101688834,0.118878218157436,0.299709964314851,0.206750518793193,0.286943567769501,0.345058782382668,0.130168462669183,0.0974375337015166,0.16336565026153,0.352190357426549,0.277649139164546,0.18216292221742,0.265095282237311,0.0727476192736753,0.220422652569522,0.304193441968097,0.221056547965264,-0.018806747049917,0.362342263261048,1,0.119752141434001,0.296210667813887,0.186065373832365,-0.0948835793411844,0.133923359034843,0.0243604292480244,0.18186177937143,0.0669116332137641,0.0139403002965642,0.057086727296436,0.588228480195802,0.274560992517596,0.253208647647809,0.277876295815396,0.182206576565539,0.232653430270928,0.119898911551107,0.101815198894033,0.150950071304581,0.620940830537281,0.375660776507012,0.229927143369009,0.203641675180374,0.272456306163038,-0.074906083800836,0.0736539813769747,0.0622615135319568,0.0956096972590976,0.151045415745569,-0.107769054460759,0.257805632890294,0.084319548635341,-0.0247018408879376,0.159342832250143,0.105921149145752,NA,0.183773159371649,0.133150044014324,0.151405678578643,0.169222283282669,-0.0171274725211095,-0.0183186859523361
"ROI237",0.365714574615699,0.00997355174454937,0.0801237721084725,0.458311667932383,0.310104338991994,-0.0164657287556285,0.290583391224896,0.353168892989562,0.2064104539277,0.310969329054758,0.0228754038449663,0.110141505524412,-0.0985462959518601,-0.0372625213666936,0.487566013050263,0.0732545622145969,0.498275384122871,0.457593621433811,-0.0409119987710124,0.227299101033125,-0.033374486095758,0.0589950440861751,0.357673267600046,-0.0262380696314298,0.0859401596775494,0.379313390448557,0.45016291708423,0.432007513386852,0.327310049207211,-0.0607502579764934,-0.0446256845511894,0.376143257213902,0.12115096511406,0.409644597720275,0.308703703573459,0.371046397284391,-0.180281400721542,0.107461266328182,0.255162172394404,0.0945878595211352,0.279766578064368,0.166347629206127,0.183047051471172,0.392021006778771,0.521416143413198,0.0116644732039681,0.00412296567293904,0.245931339404333,0.184117995781261,0.488445364990235,0.235404755606079,0.0497498181578147,0.282818273075753,0.120507700235373,0.393491337243138,0.373574119739511,0.310276836384197,0.131805904559041,0.451759384208915,0.230683768361552,-0.0132591373084769,0.318800997618057,0.196440951000691,0.433949689161149,-0.0280128908687405,-0.111565945432377,0.168777220258714,0.155322942050894,0.0841721330810581,0.188170953545441,0.449035344478907,-0.0205474775062078,0.0549246857664087,0.037755296252155,0.33567631778685,-0.0888541076800447,0.272461849653286,-0.0938640478180596,0.0886933215353487,0.327306047122292,-0.15353943036394,0.514232314970155,0.587450125349923,0.363640912321005,0.435799539271253,0.144166549168213,0.404472783771844,0.266374542227625,0.307420344582189,0.144420915388839,0.0684261598823893,0.151200830046494,0.403754285802715,0.144917317395265,0.323834947313099,0.193880235822193,0.249503181792496,0.297736930466643,0.518654248813562,0.251688193901373,0.128157788736454,0.404160970282543,0.30617223877182,0.132835417074142,0.390399699284657,0.337591265608868,0.160543317240747,0.256738225390604,0.1058579706233,0.049990237182107,0.294982938669854,0.41643142548187,0.0585838207784921,0.128161318480761,0.24683507987485,0.288512522610044,0.361875762964837,0.192781143927067,0.0123823290898898,0.263723074941102,0.0111449312735894,0.276319995503405,0.146148861778523,0.242222402748838,-0.00103538933783579,0.137081381244928,0.259779179237799,0.133392965818317,0.0427409081095105,0.0750602642981854,-0.0124064678505759,0.29850507878592,0.297480984336932,0.181689111454554,0.0070606707224104,0.313113523790124,0.251489251899248,0.110641844826246,0.476519054510626,0.450779807703632,0.0170438153227395,0.0624038159091058,0.340786288523924,0.142662032167269,0.354515268681842,0.321820577549687,0.318527559352818,0.422203147040991,0.300339417061655,-0.0243200843177999,0.240125457986139,0.217227203293302,0.386841994781009,0.513786234622536,0.0587379493225102,0.288210530951587,0.431336572547848,0.109053115669295,0.122961956080374,0.184889142761479,0.27776671864034,0.111530493404533,0.150639291256681,0.359307385953537,0.370445192369534,0.35021574482637,0.191693596510708,0.10773519161497,0.265563491246529,0.167358200956068,0.0606084221433559,0.626061278430789,0.442877407543473,0.0187941269188383,0.20511705702427,0.0855795251743725,0.237946967458819,0.087680671608174,0.228530853921287,0.326826807574833,0.323966760851691,0.324864979930413,0.50364289009864,0.106219120593735,0.447385049878529,0.06085476895016,0.276510580934115,0.176352301840887,0.236141933298494,0.269726079006299,0.260343752198353,0.220516887089987,0.274230254665457,0.0921970928177744,0.277656746805374,-0.203014135140672,0.355208911014945,0.408927055699667,0.260948966530778,0.185638012808187,0.196696510027891,0.0776423047703004,0.358769413789239,0.119009288394899,0.394471386631342,0.548948800141092,0.421263573081185,0.305279893232801,0.329852615041001,0.446004794947888,-0.0389274949365481,0.346686304860098,0.359227795641528,0.339173497623562,0.325489688459196,0.462622894743474,0.192747431276239,0.636484620543563,0.0110219988888597,0.146053882957055,0.426345921365756,0.373467903046268,0.389430239869385,0.444096435145945,0.185986699978153,0.172176858631572,0.323928147646704,0.238213771059019,0.582428855129786,0.328492496063543,-0.0166095034912944,0.332806930857001,0.3027149642578,0.302453319326581,0.463029514471279,0.119752141434001,1,0.262582660402773,0.299208132244179,0.252437908120395,0.48926123276302,0.38851750813359,0.235971258165253,0.212121435669948,0.461048891683368,0.4897024094295,0.423451586925832,0.156346761217797,0.075749875140554,0.263967673069482,0.0894305830942849,0.169108221860527,0.378239185433824,0.426567606850824,0.373852021236968,-0.0667065546783409,0.166243087614274,-0.0178247352633357,0.435418633576503,-0.0146247740385902,0.0989681510032706,0.489713235173501,0.121188131654753,0.504345520472876,0.11841418612571,0.206851475956509,0.187147662654432,0.495264872467923,0.473536568070156,0.286336168930031,0.181577196745104,NA,0.117352217924597,0.202501854081473,0.380565730909428,0.305150499642396,0.459258708244731,0.50230088197607
"ROI238",-0.0879859855926706,0.367165001060789,-0.0712001299692388,0.277231726054528,0.0723230724813341,0.41815387775153,0.0922131951104666,0.0774318903331816,0.0841755398290475,0.28779875759838,-0.102954350077917,0.0713869169472718,-0.236915441633853,-0.165252004715869,0.175213708953111,0.06949729553764,0.0172703339195399,0.281279155512017,0.12289705960726,-0.12978833218895,0.339481733724852,0.450826767510032,0.321650215827564,0.459677229423324,0.0523925488720131,0.46847152694056,-0.164189806647254,0.200726434166357,0.0427359728385087,0.00562104636524461,-0.180773317612852,0.132773372825095,0.567874330351493,0.310367489176773,0.49902102709657,0.170369261282483,0.105617741685379,0.321980669099561,0.0159011946172908,0.235679596494078,-0.0547243589222869,0.046834990594806,-0.199244848428508,0.479968966477372,0.235206515147576,0.389122246229473,0.247738299846808,0.144420261082108,0.0127146981619344,0.281078879371067,0.39396580330791,-0.0532428952864412,0.0905718425963354,0.155078058305176,-0.0355805526216302,0.217832483357364,0.0409829700843576,-0.175313237148698,-0.220257428365383,0.0834587270715917,-0.0474798198302806,0.587715635713228,-0.0665403727642219,-0.160984113087612,0.361924672174666,0.259112499020007,-0.134150331055527,0.069408944886665,0.329941642721455,0.145937984154947,0.0351666153711266,0.440622974891722,0.144382354326953,0.272851537853091,0.327333825697752,-0.0370125341607498,0.375001310391585,0.432925938803368,0.0526262874008931,0.0254986751144622,0.230325791525483,-0.159430318720492,0.071133007598931,0.296596791074527,0.00642039671258453,0.509714408245023,0.358936385094579,-0.103870124772344,0.369724690835662,0.137502081897981,-0.0970793799922364,0.0129301993817502,0.0843186659511869,0.329502254740831,0.103188922890108,0.441080011941412,0.125796101649278,-0.120418374688118,0.0695274826047567,-0.00347762652608521,-0.119945293653803,0.517717037915419,0.397338943542047,0.100919393784847,0.173663011024219,0.182398411846394,0.343531081719155,0.202969532171902,0.145417916255566,0.427935751058824,0.0831758043328004,0.142919235598228,-0.0852600808048033,0.140324313421856,0.159473577159425,-0.00565951247079768,0.128442153203833,-0.0439551995752951,0.403689778617983,0.289144199429801,0.243440239451363,0.453691324015295,0.437447910802695,0.103511985987396,0.175370259933299,0.311696880663161,0.102655874378082,-0.0412766003923265,0.130482767995724,0.289062527892907,0.529548920743132,0.08963143280132,0.112263471025877,0.245381994580494,0.13407496465825,0.124151204918713,0.122606959039374,-0.137243792045029,2.45841716930262e-05,0.0185766473525929,0.0324818026734553,-0.00784488620356384,0.175355412024109,-0.0883794589007208,0.486566658170136,0.12457857031801,0.535710077895258,0.194190316682353,-0.109805477174494,0.32968082635727,0.206883384739434,0.296868213087077,0.28331866168307,0.350667253310163,0.151807514964906,0.0869364904770846,0.176594025061499,-0.157890129316907,0.0133700141508084,0.241083741694732,-0.0607074562761553,0.215333936346647,0.361764726096021,0.28161085622396,0.167061380927377,0.1154075764783,0.065433004900072,-0.00167176568584616,-0.105797637686325,0.258830787626711,0.335632584166058,0.240688343786957,0.000549210601633212,-0.0510992742553592,0.0747190846715034,0.198213680916418,0.223151573469344,-0.00283310945124011,0.415259893327901,0.133514118441664,0.512930475240886,0.302321957519422,0.174112421748349,0.0798607967160033,0.223029488060717,0.541331042270928,0.304891204644528,0.485478989467203,0.568980388770341,0.17603967417972,0.184789319253863,0.670599310115343,0.523604620609344,0.627256259119084,-0.10190024082381,-0.0183095780242625,0.332381140161005,0.656885379007408,0.149555564854479,0.370371853172078,0.529119359432368,-0.0620981327132716,0.0876381075251745,0.383596212522063,0.110558985610548,0.0498721075710923,-0.0560170434268064,0.164345263642964,0.266274784083937,0.636015532991591,0.00202337359470484,0.685907873314787,0.165749405208767,0.182424142984818,0.521431543492484,-0.0549950416296168,0.172851175131854,0.293524403307627,0.201110852991831,0.0971524749646197,0.478114577016058,0.184855355773947,0.12612293460241,0.144472942491223,0.41473721428872,0.65379381929096,0.239537991833599,0.597993810070967,0.503678231044857,0.0453864313140464,-0.113380280118884,0.129255501763434,0.336158414624198,0.434625859544432,0.301214943590488,0.296210667813887,0.262582660402773,1,-0.0164927265120791,-0.120770012185406,0.231245012047963,0.0755439223300336,0.169068845226323,0.283793478263978,0.0714717452975598,0.0534238245187814,0.334705440832958,0.622009029913443,0.241906088161129,0.358806693047589,0.379047804730532,0.209458864121413,0.250607056136488,0.247861866507866,0.118092299466323,0.0367507325398818,0.327178596424236,0.439626410181015,0.528118418056878,-0.0603284837286841,0.0644710343845245,0.213923520904259,0.180647159579259,0.261639935141283,0.335048279790502,0.215331069118981,0.570930330802987,0.174025286504861,-0.160117274313883,0.343985035680384,0.550476828196784,NA,0.151690507142995,0.0552141306517938,0.253476612342201,-0.0262781980049531,-0.0544429965563438,0.21587266814049
"ROI239",0.226974945634001,0.13092949600777,0.36384026324427,0.305879890593601,0.411386947944813,0.128878874303319,0.173921409013259,0.457226948235079,0.412442499956189,0.237222768531292,0.404046521177943,0.263015077181989,0.144275219619669,0.201531401094872,0.470229060821685,0.251116620822512,0.506318904829659,0.311685499195236,0.135483357010671,0.334371169511386,0.140984664207219,0.019580955903939,0.346692620936371,0.234137342361643,0.0793131313126072,0.0758469667371361,0.51026010467851,0.384036355599401,0.350569195657319,0.123861735817635,0.121172788274545,0.393600445687811,0.066874680243508,0.225796379995428,0.232750328844937,0.363105630568207,0.228105352814302,-0.0237509129418824,0.385830699936527,0.38681825277887,0.390109541933832,0.287850614216226,0.277347347118967,0.189375558148134,0.447250660989695,0.133642791996976,0.167070587953082,0.319001468622144,0.590529151204987,0.291465291842847,0.248651437524567,0.331514434324672,0.285949878962893,0.306461056503891,0.447131995470856,0.272423153953314,0.433702326296007,0.43939246461875,0.452311844973827,0.412212193858705,0.0824535028953393,0.20177794335037,0.344621785329303,0.435991459081051,-0.11722806951489,0.0474498996192938,0.29364388945827,0.0552292626849804,0.187997207779779,-0.0465675224234124,0.484218408335828,0.143059854354942,0.000925308596729962,0.0831862374495192,0.282256954753989,-0.016156696940252,0.0936474497446365,-0.0465418380535516,0.291199230137017,0.302860131218629,0.204399200042578,0.283995863696566,0.243829926185977,0.249765307307045,0.38855566068821,-0.0521733460279653,0.243165984940418,0.253338915019639,-0.00889563301435104,0.213057876098189,0.279047376083291,0.395304666463731,0.447145486110191,0.3143376214954,0.379743605133045,0.163746190653848,0.190896490247426,0.325978814102189,0.275565521718839,0.449659068074527,0.348126047748651,0.21216786733096,0.0229502042927904,0.235744598986091,0.339662229475024,0.331700198540157,0.209862611610431,0.339261588312665,0.0400336085654566,0.0198388237040686,0.104028361871905,0.328242483317601,0.230823707175544,0.0527761169999428,0.491711070014953,0.319085619678322,0.282200841524208,0.506140722064289,-0.00578341859423905,0.364414256256605,0.0504083895809616,0.302062580801294,0.0749464029392448,0.299465596731996,0.327064564620651,0.0296459205187816,0.175451633798184,0.12907876655068,0.0447922022973914,0.140664319772787,-0.0493746177590448,0.296587103176477,0.262404456400416,0.0862821763807982,0.262850848135409,0.33214933199242,0.228668165227483,0.522322148621387,0.356085482318091,0.343291109880182,0.155187304259319,-0.124255152188831,0.237923013548909,0.31437104777724,0.101049978427769,0.403808127622274,0.157540862993695,0.432660857374168,0.339570837531653,-0.167088184187105,0.215972983424454,0.140032844270102,0.273610032101386,0.316513610981559,0.263251933941446,0.238250373847824,0.391789007308887,0.386501863388936,-0.00251322804557577,0.3318549303848,0.4032450366134,0.0529533658850923,0.099586981519068,0.363019033902026,0.249203436118986,0.470807143434842,0.472806520055929,0.199455162576029,0.489760360846417,0.268060335986816,0.258888364537571,0.389768291651948,0.472307771804826,-0.104658281020595,0.0480910568240995,-0.176916910163982,0.323869072583212,0.180415309524755,0.18429372500856,0.474180213685323,0.115788840290275,0.368672342718903,0.439678179893055,0.221119167950955,0.329102004626828,0.160854064021406,0.361947298018617,-0.0246046864621888,0.0713388173959887,0.341572199594778,0.431537234074786,0.0923634073254699,0.170364584732482,0.153573103998706,0.530672037639782,-0.224892058219276,0.279431570500732,0.106789932294575,0.334640241990397,0.366233927310925,0.165531763884265,0.103373303667267,0.319531683097122,0.241645121106177,0.318600559508533,0.422900031580959,0.414157878503001,0.199985537018972,0.127189985935335,0.190937836978031,0.270800237541475,0.158748215774767,0.377870173871995,0.335362586515254,0.00165310381460029,0.428408911359659,0.377527209981066,0.414798434574263,-0.17473197275851,0.0799748276243991,0.300909920683426,0.400393853157525,0.364896779263123,0.370056333689142,0.361996429317363,0.17200708876186,0.273333582350314,0.115011390349103,0.262041897801717,0.494406420794908,0.0670437732551294,0.281525972708766,0.265560362276236,0.195797866583787,0.255425552411132,0.186065373832365,0.299208132244179,-0.0164927265120791,1,0.276126961974572,0.323533768970443,0.425673727621879,0.308881855704577,0.0128779602055042,0.440802870408489,0.561011275617041,0.271243917108608,0.112505159578353,0.254869111972241,0.230177033221047,0.340540832456867,0.183644313631173,0.239889033563208,0.371754131483455,0.476172570322485,0.0853852099193733,0.113261832985249,0.104696536757138,0.224094123645695,0.293749627798173,0.301640456947503,0.420826829858326,0.0568821034042267,0.436904304747687,-0.0409675452773253,0.186611006532898,0.143430343664815,0.449896831065412,0.419639948903152,0.21992032010827,0.042646832913536,NA,0.289118309013575,0.377525411628784,0.397453865870727,0.331869977714747,0.454193552476232,0.324381699226548
"ROI240",0.302491547573346,-0.195262273758081,0.181791519528705,0.395107685636769,0.393153830320962,0.0500999456500887,0.305182666169763,0.662823038982454,0.492425725445013,0.109187644692056,0.0586188508338792,0.0365968331300369,0.192372131710957,0.0473052369933373,0.424897136286241,-0.0335729468625514,0.435276335322582,0.291047664227629,-0.00616128839536564,0.301391705354118,-0.290426420317538,-0.0919545594020471,0.500324358637727,-0.235181501438723,0.250799904430008,0.241708721298307,0.368218650556373,0.354890807497607,0.701532499284417,0.0830949233886567,0.301663421282037,0.278289245002224,-0.216946386895406,0.26074414066451,0.0543811052315451,0.506375680831695,0.0227680740102886,-0.122549066499161,0.638574871407641,0.208335263024973,0.607610975886048,0.510557192310061,0.0227169302781506,0.0536708881413642,0.420585412991812,-0.211274176342828,-0.183981232197567,0.315649260485124,0.177980700862958,0.240431069817695,0.0560338188814019,0.0720075519694088,0.308390106268342,-0.0851561369174164,0.540012578069472,0.216958799842052,0.615245585192637,0.30470328721426,0.335780792503395,0.525327383814731,-0.07821955171723,-0.0511675521024134,0.311106669225028,0.538025790694062,-0.281009614915863,-0.343034697952526,0.220124067899507,0.0648984289917532,-0.0658611029092231,0.0990199081766952,0.333882011673248,-0.172454010343194,-0.146367741661758,-0.0441084965005863,0.0123088112970919,-0.0159085548536468,0.220552704444836,-0.169936687355096,-0.00134235401298644,0.823445956704027,-0.147147734755449,0.269866711468177,0.245767094522434,0.295723251848088,0.518479024002059,-0.219214173331981,0.240013788493399,0.377434844130865,0.12667444835912,0.18538007445808,0.215200894231126,-0.0274400310654963,0.428692796489858,-0.117885448187774,0.368367986755213,-0.062330661363648,0.255301074783004,0.237370255910241,0.0507022601750802,0.276072467837513,0.295091844684611,0.169364631205045,-0.03812932935532,0.0407770332055554,0.300873785488215,0.577586964771164,-0.117348849932292,0.368315970168151,0.199045729798592,-0.263116629957431,0.0534481674127714,0.274392846806081,0.399059887788164,-0.0284277810423297,0.407794004976206,0.483024057114603,0.411264317974637,0.254408380754149,-0.229728832790736,0.286623319369759,-0.330607081584318,-0.0700373412083288,-0.0726374559558953,0.213828555598619,0.00322298382954346,-0.162820480395029,0.216800685003581,0.0199218856295745,0.0319791798362964,-0.0227804564601782,-0.155639091631642,0.515224576054104,0.287110648401984,0.0369737142852564,-0.116030754115661,0.402552885296789,0.0980489628904826,0.187646128999,0.228247465833096,0.444800295023072,-0.0177792120236634,0.0108598771450253,0.361075036745482,0.131598003634378,-0.0240693734994748,0.495824939241165,-0.00591512441654467,0.409410936085966,0.232752081516997,-0.2913685831874,0.151015642946504,-0.290901001294925,0.266724364440811,0.292451189963805,-0.0798058424026655,0.315884048855189,0.751225503998703,0.247571226095565,0.159283058676764,0.365871638978212,0.162686530774083,-0.111028130200769,0.0143833152672688,0.334308757588214,0.198587669128959,0.595476914379508,0.290780035030355,-0.0428091547639939,0.324946755470677,0.121897451971696,-0.0680650267924139,0.452455836992287,0.335147329552396,0.108434846686948,0.0628488941403562,-0.275295790110914,0.224644958325619,0.0785644496143639,0.168066472522037,0.170181492306462,0.0839740780577359,0.0365616710373566,0.383421889292395,-0.0749243836583114,0.57575526799523,-0.184616905137505,-0.0169424525503604,-0.132986542623697,-0.0450435436254065,0.306147163257948,0.481404064524881,-0.127500009537752,0.0785090934173608,-0.231270385911296,0.563341489950169,-0.3772453994132,0.449391897297292,0.117931088603118,0.294242990886231,0.0511589482374869,-0.00509911671810768,0.038051936925804,0.680662735136071,-0.119333961443847,0.446969294822782,0.470315335483913,0.196754426136001,0.27618383707603,0.215037498031941,0.181232340270075,0.138220797318896,0.000599823198399513,0.355204268859401,0.60857845486121,0.0283136630385654,0.20860901278481,0.37447087395998,0.331665819737549,-0.136778259210819,0.00934225113597164,-0.00367889735768338,0.677230703417985,0.427348146228835,0.439644397814969,0.00283191888421179,-0.0891194970689309,0.286165798465623,0.00691133194002492,0.202030631275325,0.347406688671293,0.103963254938892,0.707200330997881,0.164334517797,0.168598312304552,0.350891430971608,-0.0948835793411844,0.252437908120395,-0.120770012185406,0.276126961974572,1,0.167154768049848,0.601009785874282,0.297968396589136,-0.0656984156236293,0.408576591228773,0.422945832132688,0.352466061640183,-0.135986506860884,-0.175973772424131,0.386016429523875,0.014205040921996,0.225825489301285,0.28693448530227,0.351785717370598,0.511479988270789,-0.135561769112493,-0.166199094449403,-0.377457573092318,0.0815352234767083,0.0445518366600372,0.240227032308014,0.392862096776087,0.194716772255338,0.24517459266888,0.022290695762975,0.326066574906805,-0.0472712033367899,0.341236514291176,0.389623722824449,0.273450101482957,-0.145081432513664,NA,0.240542072992056,0.165941922803416,0.430540818847127,0.254062230449492,0.428429609247145,0.430017151312423
"ROI241",0.0810448268693997,0.111830382769314,0.249723897536329,0.417565370873846,0.235821072995366,0.156036583637563,0.29374679268335,0.324076770570803,0.182521998601763,0.283511664352633,0.153715745747444,0.264213136206,0.0267721598075866,0.0391118972822056,0.590423136417661,0.247986947877305,0.625528482661356,0.672047734688062,0.0520531240477856,0.233039993279981,0.209553026710653,0.12627236109343,0.340570990470735,0.258493302000836,0.1431194850729,0.195237104955511,0.46498244056678,0.44508461291789,0.358435306763022,0.0735982225858013,0.0715837642667035,0.499377938151404,0.278285270165705,0.331994272781479,0.400463148317514,0.494013088686961,0.0919126906672268,0.114456830754969,0.403968574516605,0.295006414209965,0.331567180343886,0.287468208325913,0.120501492506077,0.45004917244626,0.580722850837921,0.121514536403666,0.25741954108615,0.450569876479658,0.243125379322677,0.471793773514654,0.352211784687962,0.083381196883175,0.375168027477182,0.165802946691413,0.586037040756095,0.460952159002244,0.235821059741194,0.247331754942151,0.388076024612109,0.24878229300068,0.101235082149124,0.4119583547389,0.199799713957848,0.294165100469308,-0.0750800620503217,0.0430748953657224,0.195739835547406,0.0478003979350393,0.131613202595495,-0.00372338733964353,0.482185411553538,0.0884142793738038,0.155490412009668,0.075829914194943,0.676099196094376,-0.0609016447046449,0.280166939752102,0.0171321797022883,0.220233835957468,0.223714896404478,0.0410464871077703,0.346636538298266,0.384000846627456,0.489053948857745,0.324144463132006,0.194025355428495,0.46916318531485,0.158102209415237,0.182140812985628,0.264067864387616,0.232438341400864,0.26899151501042,0.445748889803767,0.342466134242503,0.384710089049292,0.161283208042701,0.354708939753404,0.209303114002786,0.361037162774144,0.429698680328807,0.271290179450378,0.362234117838312,0.179007868251724,0.206394197194334,0.429944257732411,0.392345447226593,0.273467669238684,0.307403544748014,0.232543659801041,0.0970537414516501,0.207940469592783,0.348168202754401,0.197012564900158,0.00915680487888204,0.375047516114139,0.230583881946574,0.425025672598472,0.370675370312096,-0.035049658617801,0.312313306351671,-0.0176838769512106,0.469183368715697,0.100104173022865,0.366476169240907,0.19225372078337,0.129275234989697,0.355227407973309,-0.0612590492022691,0.0582670959305817,0.166012244702694,0.0545366075883574,0.51359453026881,0.310889633890173,0.0643854403071812,0.355552142228023,0.451476535922487,0.352078749359461,0.28308668723171,0.448823577661277,0.448131534823473,0.106613919176571,0.0414639628824593,0.332916661937584,0.129728082333856,0.322937484415253,0.501220089851179,0.431220056032009,0.446568755966212,0.17829448476165,-0.00198020180344892,0.145916837786832,0.208407874055333,0.316439438107671,0.441154561181377,0.183354489454335,0.413547821939703,0.449876984692866,0.169648313333566,0.195605708445615,0.329018701583947,0.234392507462841,0.19292427277543,0.246835270992984,0.41294915264617,0.378312120934901,0.413758111776463,0.303783429216095,0.206379790508336,0.359227978198643,0.316267564469138,0.337295308765579,0.461800324495243,0.384327709244446,-0.017323632440908,0.106861306435131,-0.0602587944613533,0.405017448024294,0.247566952520037,0.307822378000826,0.407256099101951,0.237593414839263,0.395510816984447,0.665997084790611,0.0861300612704784,0.426794842884262,0.27581206933787,0.341116016345861,0.173993244403918,0.205774603529067,0.569667577936534,0.476943981265228,0.307839243825396,0.346151181738931,0.25430747156395,0.318458006664224,-0.154793510100775,0.367760097010037,0.254861835104618,0.305257704986016,0.35943745652902,0.339587224625941,0.167484905458854,0.239057310884543,0.382370354320529,0.413611380622567,0.309930414167772,0.305940360726614,0.480274350978551,0.288738144935058,0.499022601462037,0.172027445445273,0.365749558556299,0.406704610426359,0.479278474179897,0.260405312992872,0.32594942536009,0.316715411886759,0.61652743011357,-0.00954430294926761,0.160178650116181,0.518970998364473,0.455436457460435,0.531698219633582,0.701976742044008,0.34792840245874,0.280733518681575,0.411136149068451,0.209721635369678,0.613736220767683,0.602431878918973,0.123910598707432,0.338035763862405,0.32917975691563,0.376724048747573,0.519848013020313,0.133923359034843,0.48926123276302,0.231245012047963,0.323533768970443,0.167154768049848,1,0.34223076499655,0.358415459897531,0.225979537822444,0.658761219180479,0.558458707261245,0.423734800687505,0.179911039931336,0.29295988407849,0.346264263877732,0.355882870964437,0.213650721621385,0.370556595990308,0.360471585337411,0.428720566315423,0.0480154996237541,0.137585039386688,0.209694225710767,0.435107866291746,0.110004254478001,0.147782277727414,0.55251797745542,0.0777033919925482,0.516218945472094,0.104041955581176,0.322426208715964,0.251554263406737,0.627783272552103,0.408660926195896,0.439554286440296,0.142281496676669,NA,0.128632996895779,0.409357318510077,0.663986269830933,0.287313459523135,0.335208095426897,0.493407710756196
"ROI242",0.45999503085772,-0.135198760359279,0.0885300487822938,0.495594464602073,0.618835419987958,0.0658595548264364,0.425213660112401,0.746919983659904,0.49299956946734,0.125672717854355,0.113266619144846,0.229381039664094,0.149832285729045,0.187207958047586,0.580000345186578,0.0200018623802075,0.480719319845864,0.479544892115218,0.144679618487652,0.249489895649861,-0.0358005372637412,-0.00883639621263933,0.465162092194502,-0.0209679073771218,0.227421298207649,0.254884812737494,0.465423422493439,0.566063662581598,0.508041945570957,0.0858649812042108,0.199209956136597,0.398598940994597,-0.025666794339366,0.486322376596855,0.111929666007116,0.312651897207009,0.0637839789112943,-0.0507704524182321,0.410126678273401,0.0740677154224956,0.537917174189168,0.328224539301042,0.0876534220641171,0.256156280906995,0.575964577047563,-0.137731217229788,-0.112906312963039,0.291978512245552,0.219274107332574,0.485041660306365,0.189336116998824,0.156299881324055,0.447152417884344,0.0603844460323978,0.408540939306302,0.430073506739027,0.686651772356828,0.267802139134021,0.424134706287435,0.297288457334056,0.0714703296068492,0.153513873076538,0.175952762274103,0.628552664157948,0.00332780087339303,-0.114267863855338,0.214472472437848,0.244953868957451,0.0269880989241128,0.258633019589542,0.432990027520718,-0.0517915767500069,-0.0983538839473648,0.0133590641733635,0.152499572643957,0.0819919388226997,0.137407868747466,-0.125232750599319,0.0150643761921215,0.487110731306727,-0.035924210849631,0.355639495753342,0.397571341239461,0.348487112301556,0.804928647473978,-0.0421779241813946,0.343028849926084,0.377625329265631,0.202232903177202,0.228166098072113,0.202617482349051,0.123810592567363,0.565021132256017,-0.0576835793366794,0.239249384418171,0.157746466884921,0.333370387847276,0.285312198043383,0.205770829211709,0.283617906108609,0.243019608330386,0.294120389486823,0.110639578024341,0.157927674681154,0.431638869037027,0.38108294369973,0.00789151893689704,0.345685730375781,0.122324877355831,-0.0911701467324273,0.00198457380157919,0.264239974996663,0.382956028353817,-0.0193776941382128,0.420277530452956,0.311977734499536,0.46929274382033,0.266534560916623,-0.0305977807799586,0.279651449610258,-0.0455453553395581,0.0194215755823208,0.10531806424481,0.0958183493133786,-0.0259454434622822,-0.121727983362271,0.194830414373185,0.143125528889687,-0.0426988984806793,-0.0136590183686854,-0.0689047350828188,0.338746995431659,0.356407795211464,0.0469703501020402,-0.00549811650479787,0.252980387977608,0.0723658417455101,0.212101687484322,0.397597965100449,0.511912364795815,0.0238247068455897,-0.00290627078769226,0.28342271654967,0.15068013013968,0.0587949094658927,0.517698331065124,0.0267137482459104,0.770553995516406,0.29126919786423,-0.0842522312862435,0.148067685485514,-0.176872645673864,0.245431929616297,0.503185900750663,0.0508612512691881,0.281323958441162,0.800148438419196,0.341750862350166,0.0259681207798051,0.226295210225958,0.155568976817122,-0.0352222950366733,0.0368982151414844,0.41140359193982,0.323832846124956,0.774344213437309,0.368299118000432,0.21856417738856,0.309074164474891,0.121168633579088,0.0912002129032822,0.612243735493997,0.488739390231062,0.0424907151025467,0.157601253479078,-0.310384860527946,0.288390509016412,0.138630238818648,0.128072904166434,0.245570192898142,0.162121758153756,0.200304624829659,0.551593971062262,0.104751708842509,0.305570985484903,0.0161132913839414,0.103001551543472,-0.052674137925779,-0.037324700636179,0.292393448278032,0.333905613543038,0.0365045197010681,0.114002893956897,-0.104393909661609,0.719004083730602,-0.378331106814824,0.396553885660878,0.210987697411425,0.365577377924705,0.133664803380584,0.0946166622238773,0.102411869861307,0.673116978794564,0.0223411962735585,0.376093266212769,0.666500637344251,0.378551276105881,0.205371701900724,0.0905030903293006,0.335077551065804,0.109420631080693,0.127506811297572,0.379143770997663,0.311308864830962,-0.00550985226934994,0.228471015850656,0.336303758029147,0.522620384451876,-0.109015870294917,0.0915327601196901,0.105999099175467,0.528151884416738,0.343002410326037,0.476509110330578,0.119600310533611,0.0632700954965651,0.377757914108945,0.113907426793833,0.266871983412725,0.411631974971057,0.0416208565945285,0.416359448051334,0.180233445710598,0.265911453466928,0.3491274304581,0.0243604292480244,0.38851750813359,0.0755439223300336,0.425673727621879,0.601009785874282,0.34223076499655,1,0.407603099522143,-0.0739989881813503,0.60446414884286,0.513611353542866,0.221026186370836,-0.0382092639667204,-0.0428344024620637,0.099213761122056,0.187556456863679,0.30214283392148,0.399349393964329,0.783460478268042,0.69505032784516,-0.0508070512154307,0.0353802914435831,-0.156595004881395,0.24693711129285,0.141058872401047,0.196106263084575,0.637295265842119,0.0791225568983718,0.662689780628985,0.117191664256879,0.219653446928248,-0.006689164297989,0.644637486892478,0.442738367345127,0.398028616658255,0.0224398059924411,NA,0.303484061301144,0.122051219716158,0.39477070605198,0.294300087521663,0.736683626822701,0.518347331861183
"ROI243",0.184894093508136,0.1767941770344,0.146978203961646,0.352182125421841,0.311751715403713,0.187712214636372,0.255754615337619,0.457169491692655,0.375403662369974,0.217022197388129,0.205647038763163,0.240634261960851,0.147369186004923,0.0962104240081173,0.468377875351973,0.259049981604257,0.353643103685035,0.362251173507851,0.0203570936368548,0.183584758821509,0.181337194476165,0.178936241090586,0.386973190231094,0.239825113269465,-0.0188359535538459,0.235117284992116,0.331568445695574,0.404642912631058,0.35665670031221,0.0621174745236904,0.0145589711959401,0.336798537468326,0.239054497079664,0.301155567901196,0.355818633153406,0.386863485298533,0.183512849123697,-0.0241822814487009,0.443902252215253,0.41420900347055,0.396425549282453,0.334147373338071,0.0545773141535192,0.336362109573258,0.414932162458457,0.130061108000388,0.211940148213946,0.356239074515717,0.324044274414809,0.416467766551229,0.333983456103241,0.172076780520574,0.243764484524122,0.213195545344477,0.368196924396546,0.353847583373365,0.338195836403573,0.363771782348549,0.193554289780648,0.436295649241564,0.0349287822761649,0.295065853992077,0.245195398300342,0.304943268646353,0.0119017476106423,0.0575178393622848,0.129116335924562,0.133501788552222,0.17007387338125,0.205663670283154,0.382599832186436,0.175424120122619,0.0019816425157592,0.235135834559013,0.281478122529734,-0.0420101306681276,0.121079477830504,0.101567472338911,0.159593468986499,0.339197527188834,0.161685309693418,0.160922259479194,0.211946868306495,0.262598397087283,0.332887183926501,0.0811853532642994,0.293407988569004,0.136835039941231,0.241968068325765,0.242689459890792,0.0974647712487622,0.239094199526845,0.424824510780821,0.197086194414515,0.304027084350585,0.220764090940841,0.328488521867367,0.256146751739322,0.243624495730219,0.366550238459233,0.224111498353534,0.306141244061963,-0.00448615955689042,0.205837050187502,0.319222369756866,0.341314669071104,0.278029900736174,0.323952070622394,0.276992058360992,0.0520633774665267,0.0471932852460474,0.39614506540763,0.401348456391064,0.06215195337667,0.390555217532562,0.257737225498932,0.242323221598811,0.315788545249506,0.0612821122481783,0.243418965290776,-0.0351875691052769,0.341147414499993,0.0743041010655114,0.267013083501366,0.34018910388101,0.0893246035116659,0.166135880752262,0.0666919440796019,-0.0400359532681487,0.126024142316469,0.0623158718229174,0.356275980175982,0.330923631796773,0.111311438243939,0.295914308438024,0.22925364322526,-0.0116842338723826,0.294435605395428,0.275145177192437,0.254676400447138,-0.00123909800696919,-0.103368376740987,0.345208022073802,0.307278434960637,0.206775724187019,0.438197615525571,0.285632335897258,0.377897204004624,0.202480069225033,-0.0648535070034722,0.226430152940873,0.111587485197369,0.272655201397868,0.312798764524359,0.150928665498146,0.233789727579473,0.438250295957751,0.227689164873638,0.0979199637221342,0.386090538768577,0.183578969975907,0.184213401343334,0.285439937686396,0.290113951901491,0.212163103952977,0.414097466664274,0.288126398968712,0.142940880006147,0.29919833380175,0.20133273041626,0.245286266969433,0.385131030321076,0.307026834113501,-0.016435731265907,0.117244890225217,-0.139855292745307,0.335153454334811,0.347256813875878,0.126025666769463,0.323062096677944,0.265143859940837,0.25295545505214,0.41033966328547,0.213194158289075,0.30278054612608,0.187919348450246,0.242007174622937,0.0327611286404697,0.203466006718128,0.34878565791122,0.404991654130967,0.174271736512701,0.277075234942755,0.202203044587933,0.341449145573814,-0.216305681385718,0.359869468273761,0.257810803341833,0.366160455634826,0.299446504339337,0.344080291529046,0.0999581188217384,0.33856925315805,0.194437302898743,0.390825750402946,0.327141059053852,0.28662554546225,0.254631542364445,0.214468701929156,0.334765259966719,0.185782329211222,0.304177958609246,0.48091048824532,0.39608815216007,0.0794412791928574,0.272896863156847,0.375444044799676,0.382762874298188,-0.116522424692689,0.143743889622129,0.243970728630843,0.423168314235068,0.2999181955872,0.461377321218198,0.232752329833317,0.266477416895164,0.301762882936427,0.133874651981032,0.311135560841353,0.419508437820937,0.0572640304750394,0.433075323910447,0.205902019970065,0.350927774123352,0.382328585327084,0.18186177937143,0.235971258165253,0.169068845226323,0.308881855704577,0.297968396589136,0.358415459897531,0.407603099522143,1,0.172477670113759,0.385407595157203,0.365413040001825,0.27805380592952,0.168311433769213,0.248876877752847,0.294810186108402,0.263666751362523,0.311446384186857,0.279361814783197,0.322483114471061,0.391276631336808,0.0753883414498311,0.104491941949741,0.146032153414765,0.248787652131143,0.10188988815917,0.150401998713621,0.385019485244814,0.0686159779964865,0.403667319551195,0.22261713285868,0.192353974494604,0.194474885292704,0.414209427573776,0.185098158607774,0.267918177039142,0.087436096053265,NA,0.151562374691869,0.17825994993282,0.41945285240891,0.201864658325069,0.31427542743353,0.301247368351796
"ROI244",-0.105625805668606,0.114337829284308,0.0698985991613605,0.275931029123873,0.0039217604064694,0.131484525461195,0.2265375667801,-0.00486851432151042,-0.147676351218675,0.120684691922962,-0.0744180386153353,-0.135417366143734,-0.189744371515612,-0.0793872747214019,0.163914020776007,-0.0721423355335614,0.155349713629298,0.192993569354955,-0.11370502326266,-0.020370039849316,-0.00400231724659709,0.326885258486875,0.268296731444649,0.140095831234124,-0.201122658883541,0.224636631865302,0.0404182298848043,0.238840975220512,0.151368730579183,0.147910506377918,-0.183597719639152,0.162636394016139,0.261155419712476,0.149157454819575,0.313445930113378,0.113338933303453,0.0887194735356467,0.083586794179055,0.0671998788451632,0.103100614837989,-0.198422160588716,0.270420375424681,0.0866932208309468,0.259003320973362,0.096444838661142,0.190342234758987,0.0355765482138321,0.181436259137255,0.0444698848696468,0.262852796704888,0.355634654213608,0.0865929816343694,0.0577333359438711,0.18249165673736,0.115337247022428,0.104222006780385,0.0206152817389089,0.145096514505777,-0.0390517775243058,0.0433539340780998,-0.0709058500558608,0.351255339445115,0.129011791950571,-0.149356463530344,0.228805791340831,-0.0848982662584956,-0.140282894146526,0.0396970705073016,0.21389555699303,0.126945474152135,0.10235121968568,0.0680008018269355,0.0199452246587192,0.392586094341415,0.250756951594534,-0.0461808969259581,0.323275028652906,0.162891369517306,-0.109429306089642,0.0928566687540366,0.286068657479154,-0.134524973637437,-0.022285777775852,0.0790325197890828,0.0184430235654652,0.15399515041542,0.212683416447169,-0.268420844580522,0.415774210274345,0.0071388872722403,0.197739140901404,-0.00706888993999915,0.0604624946156975,0.0969028799354882,0.0743040185951301,0.206740069501882,0.110143708605839,0.00924999853331458,0.301237251249968,0.0680607741978965,-0.175760258529292,0.238436817450809,0.214988975399064,0.000382191011381926,0.134863108141727,0.163393540196223,0.0709818879367519,0.101695708865256,0.000457152533280802,0.155285958845466,0.0757285701815966,0.276051475916536,-0.0649862987702118,0.04173816108226,0.0749423772212238,0.128831577576968,0.033751251688943,-0.0806100977266236,0.291920106899569,0.207983559817466,0.00123238292106576,0.384821371240911,0.283574001539044,0.147628696375249,0.0883458268054029,0.0859166326092968,0.307491811935066,-0.195012421864217,0.00158907744323051,0.0281512848134218,0.129646768650476,0.182735516083658,0.3217114482383,0.192431679426166,-0.0571166153069799,0.329597219283986,0.127528526090832,0.0395216550264906,0.139260055702678,-0.112280939955657,-0.0439683324882455,-0.0899803246015287,0.0217380939289656,0.0439160235033321,0.325350254133897,-0.14245233046108,0.310022237562255,0.0447987441976418,-0.0677068599550772,0.0934117702008424,0.143872743384532,0.175977511948887,0.187549704243574,0.169607340610628,0.0597785787748296,0.234030509388084,0.0513708693667747,-0.0596388226072056,0.050040476676248,0.0705308808073424,0.166898078120261,0.115398535560197,0.46407819909783,0.0315919103148378,0.0690749035501345,-0.0525227915105527,-0.00148818140419853,-0.00390148191041655,0.168178173379626,0.110084579076368,0.155640188014945,0.206005909968542,-0.00640758984065111,-0.0529315262854024,0.00111932996709974,0.2301812775984,0.138752358613039,0.215351051987062,0.0939093746244139,0.189849552203347,0.472364574862501,0.239113228848295,0.15636655658267,-0.0586008836526644,0.286594376494836,0.16064647206482,0.228126755683567,0.263782006635705,0.517598632326088,0.147250584584503,0.30429703022586,0.275671908342679,0.121920823181784,0.19063429006968,-0.129412417395601,-0.0960237177209078,0.250127695496899,0.489302306623486,0.512139939727851,0.140933231662474,0.0977869913975707,0.048407746219312,-0.0983328565468064,0.0999857895936287,0.104445692886175,0.00622359227136436,0.23122872040127,0.324280059749141,0.176908596264144,0.345345173056231,-0.0835416238064142,0.388242454531405,0.388575837851121,0.145571059797485,0.398626342174065,0.166927147371081,0.197621281705141,0.184399133062833,0.0825120809076598,0.0946014257345745,0.206509856055182,0.121109127208163,0.0909881576712784,0.106240965241195,0.315171775068894,0.131077105859397,0.147617996858777,0.262991142586238,0.416329766489296,0.0618764416132975,0.0190379278861118,0.0454841790438121,0.242854864127084,0.533300579758922,0.324532864364552,0.0669116332137641,0.212121435669948,0.283793478263978,0.0128779602055042,-0.0656984156236293,0.225979537822444,-0.0739989881813503,0.172477670113759,1,0.100066194848985,0.115016205895447,0.231009475649801,0.335603732573992,-0.0425585799509937,0.250236401980371,0.0812104289876943,0.027063645529861,0.215472051200208,-0.00403958399471896,-0.0505075281527192,-0.096110521455834,0.0514383795790536,0.0766489085637412,0.0957126931527752,0.00428728268226408,0.0969226240427864,0.168856369976627,-0.110533186288712,0.150242323182084,0.259946593421302,0.390444119239108,0.246767919470985,0.130918597291108,-0.0144281477960652,0.13473666635373,0.343863331873778,NA,0.0536014736766047,-0.0531588198171666,0.124428819924436,-0.0339234820929708,-0.0399400711427031,0.170833605969929
"ROI245",0.376334669404851,-0.121844029886267,0.204999398706016,0.481888904235465,0.569420004433039,0.0638069232034315,0.39271071100672,0.59584057161929,0.333056058932006,0.174290294910096,0.0791002595919882,0.168494841086595,0.134107225037423,0.0875448210944322,0.662704448519268,0.0497954540137963,0.683330750596167,0.715872513022883,-0.00209619250182905,0.347060082283202,0.0535244935091249,0.00210292220316891,0.456507458996088,0.0626417878401425,0.13665329394482,0.21049432968117,0.590014669743205,0.535393667119824,0.50721897984023,0.0573932446577615,0.137915182196628,0.500297926760141,0.0619968860992673,0.474731724124569,0.228079335079355,0.384376149672526,0.0420755230217827,-0.0020165668197722,0.439776940054371,0.200375825276594,0.443266085433271,0.384730672328405,0.0352525057203773,0.412861622980573,0.582637710820476,-0.0932682131684995,-0.0421495583417953,0.408577485123515,0.297215891106852,0.526919947534018,0.273030158826596,0.164433333468612,0.405160163957183,0.0946395766772428,0.560840895043366,0.545448824514723,0.486840572634678,0.359610077819192,0.472101858000379,0.322183703402546,-0.0530440875947273,0.176092936238802,0.195127273114811,0.502067739298499,-0.131464468153836,-0.14863131085653,0.206759690671548,-0.000877868144337082,0.00668654614840609,0.0389706829050738,0.62149738028931,-0.142184100218924,-0.0665687599527946,-0.0357789824189297,0.402784613920533,-0.0154402386998374,0.272425414242686,-0.187405947308917,0.182216707689652,0.403887580577791,0.00179445493156856,0.337062369572949,0.479864295626998,0.376808173599071,0.57684419319218,-0.00993534489807921,0.372944321638398,0.242282929474496,0.159642336942532,0.244731563386667,0.181602740190053,0.168043365473718,0.639863103701417,0.0314784535295198,0.299083406337597,0.0828031142793948,0.258513354997154,0.297199622122729,0.299628055145854,0.39515894801369,0.258945403787454,0.237961070503802,-0.0638829642383272,0.162064390305271,0.538410194665645,0.349331973238381,0.0461356327256195,0.286702638356219,0.140039556549005,-0.0760843204161071,-0.0798893043255507,0.362942897962448,0.275695205638048,-0.0176668829206351,0.416576903335012,0.334531498858761,0.346725272064619,0.364412372259113,-0.114080390334964,0.274276706391934,-0.111471292657849,0.206668528570319,0.0926882712891043,0.217297705593551,0.0650576981381213,-0.0491173252794401,0.249636896330896,0.0231988773970644,0.0556017932901962,0.0192032532631985,-0.137671515219698,0.462648925394148,0.35618984448519,0.0746482714732696,0.15545211392001,0.380431200134628,0.0893230323876888,0.247828975926941,0.555004738709036,0.41572057693742,0.0907618769663599,-0.0136244261499288,0.296278361151681,0.149603001310561,0.0045445979031373,0.460782733910174,0.2322491242168,0.561818906645113,0.251397451579233,-0.158251771854514,0.124410828986441,-0.0667900921920211,0.240992039649309,0.60719778603643,0.0484810941235261,0.341163524589511,0.566035289556749,0.275879840268009,0.0581953408839986,0.18105598120133,0.153263656176358,0.0537029461865242,0.0974659507843655,0.315655515220301,0.285658785828081,0.517137859233661,0.314197515268496,0.170930319803893,0.394405479894448,0.132422091796618,0.188372540987227,0.497856200469567,0.502094065688989,-0.0326933815000127,0.0869506635211227,-0.223891087107053,0.319874705152678,0.241929818274276,0.0998855917872821,0.232312177986226,0.197742147582867,0.211786757021189,0.782689219698535,0.00275559085093198,0.407340316855084,0.054426758051565,0.0861593467279831,-0.0390872669041851,-0.0252201398296592,0.398393434999868,0.50044172416724,0.0480639894565155,0.108001283561611,-0.0319153485487652,0.668424687795486,-0.29600163007886,0.310712173044089,0.192423102980853,0.45188617196808,0.195125163916991,0.18777482645869,0.112873683471997,0.406125618188694,0.115986898025556,0.374608626613711,0.614361451630052,0.427112970579057,0.308277275029154,0.141050200254965,0.422740155711101,0.0943727002092558,0.211762898494875,0.428859882508968,0.407133490520853,-0.0271001269344625,0.221227424445318,0.307907034790381,0.751025168252229,-0.134329409865425,0.170907870078107,0.182439037393346,0.571515054699478,0.393189705580618,0.602165377773622,0.196479256177448,0.0492222105142878,0.366850548692935,0.0300312046508647,0.449560529170773,0.579978166465151,0.0754581343574899,0.315658814222471,0.265988431579518,0.383030512436958,0.460251736431802,0.0139403002965642,0.461048891683368,0.0714717452975598,0.440802870408489,0.408576591228773,0.658761219180479,0.60446414884286,0.385407595157203,0.100066194848985,1,0.712851459377476,0.31623770751497,-0.056721771679511,0.00488073433037295,0.188518276133972,0.17735674184367,0.223690248909274,0.401512905058034,0.531372936695056,0.595051503659103,-0.0947186546137767,-0.00372841277709435,-0.0551544480635695,0.157927024248982,0.0465534474959283,0.297621362764014,0.67851395122105,0.0980741576409831,0.677789167986255,-0.041126613977113,0.419395627846388,0.0564919878083779,0.85813141035444,0.511119081787585,0.386808561999614,0.00779802863755299,NA,0.275182118604195,0.274366955313955,0.536700712188985,0.2543020750466,0.644892833413388,0.67071466230819
"ROI246",0.302375160165118,-0.00721349465190835,0.260403988383926,0.435327665530926,0.512604734979026,0.0877297999212032,0.309222923442893,0.552616090159538,0.347325889971936,0.1961860660161,0.251086258239193,0.268141999748857,0.0790702635254459,0.167317306422077,0.754936778744372,0.12416604560174,0.611392241840116,0.671622267784002,0.033785689577838,0.304824225361403,0.0411762311922033,0.0454945377274531,0.396086217014409,0.0747001805246613,0.200257094132479,0.159303471256045,0.610665528918643,0.519645617685706,0.489450075597899,0.0267308555985152,0.128701152347231,0.452814123202462,0.112985129943258,0.433214040535168,0.296635430252481,0.44750163371783,0.0787589216671446,0.0316181927272402,0.480505275507078,0.293270460311973,0.454041812181601,0.417581063070309,0.106842951279844,0.335085362761773,0.551215928159894,-0.0357428818864123,0.0537691595654946,0.424166353726331,0.333590125620584,0.509339101146096,0.22533903982224,0.171924701017881,0.436450757596438,0.143501990935631,0.592617864713142,0.589936477619191,0.448103380069981,0.355235965482911,0.503921635387078,0.426930062924442,-0.106691920866033,0.215111153716858,0.288764992746571,0.497993647514569,-0.143481068945461,-0.0777871359184857,0.21685016790518,-0.0211674778905647,0.130403316743154,0.0617786898877644,0.672941077218575,-0.0642524447750449,-0.0480715433533607,0.0404470153823779,0.381388192658455,-0.083632042034742,0.237462544377061,-0.185136565573233,0.174208145817054,0.447536139354331,0.0476762074398842,0.421979151015416,0.420499964922455,0.421365063579934,0.465675927477742,-0.0113205135153756,0.342507828236858,0.248724228202152,0.147629337649593,0.228814042131196,0.301717451387089,0.252190813271134,0.772096337058638,0.162277822231731,0.374280374560453,0.135714693705324,0.295261014818801,0.323429935544515,0.343244667159512,0.496083633643108,0.267730883914319,0.273912360380471,0.0122635760300133,0.103335088341905,0.473401283795102,0.433603554658804,0.145492691887467,0.375861466131825,0.0569147779096662,-0.042838064219662,0.109688471534689,0.418474848959593,0.2420024629763,-0.00231274051049165,0.50996076026504,0.40751026161632,0.439511834690816,0.436151238824971,-0.0882188432717357,0.338910995769119,-0.0704109159855404,0.288231762755442,-0.00529546942039368,0.365799722159236,0.209967673740684,0.0311402523482434,0.288067110121421,0.0701684726596899,0.0335795479567645,0.0959188045354963,-0.0786631006930291,0.528044239265894,0.398973961940657,0.103876630527684,0.167285137884157,0.459681797957413,0.206318112218118,0.403364865343629,0.546770175191788,0.444696516479605,0.0968191223870323,0.0855591745309514,0.418321625784747,0.148388028192104,0.178628231538903,0.455753190367961,0.242180852114711,0.522080123942023,0.361682553670488,-0.169737713080097,0.141136452035261,0.0315081320621926,0.306768687759472,0.519322427602522,0.192840170155872,0.422105507423986,0.536657151661921,0.35231018324747,0.122120363396453,0.34228751977243,0.266775514192506,0.0562277911322608,0.147660170711781,0.335716438501107,0.336458730621102,0.543020359580246,0.438685994574163,0.25484516171906,0.531673980991285,0.170482553491578,0.183448357666131,0.554994267706692,0.561363532192187,3.56164015851083e-05,0.0344677343106807,-0.249903489560501,0.394292920668931,0.192168830280921,0.141718638818437,0.402429442295117,0.194602745636381,0.255090742603131,0.763690790868559,0.152767315030307,0.407937884474453,0.0605228135136916,0.270925781967476,-0.0615492190253027,0.0470085881637404,0.486564451771082,0.55166776619617,0.104815018832698,0.166646595441279,0.0550082241752136,0.616747173708856,-0.32458382566131,0.358633612335132,0.184744620491626,0.425100250863489,0.171120244000407,0.239873706654466,0.0342391311616259,0.444594170972925,0.207322866452686,0.427899743673523,0.602388448611276,0.459628302018967,0.365470788552286,0.157302292220726,0.326955151724852,0.114741866928914,0.254606440907383,0.389114227409281,0.448375169498317,0.088398279222266,0.438445535541441,0.343279648369973,0.724396951785296,-0.0862280213796525,0.140431518386398,0.323374775534123,0.525934960518972,0.478008884520926,0.583922551693009,0.199254405650239,0.0601910037825937,0.383119833020663,0.0508908124853671,0.441822448398148,0.592121445302579,0.0772569693888072,0.398144972291216,0.349164511360785,0.333968916270192,0.399693032628683,0.057086727296436,0.4897024094295,0.0534238245187814,0.561011275617041,0.422945832132688,0.558458707261245,0.513611353542866,0.365413040001825,0.115016205895447,0.712851459377476,1,0.338407145681684,-0.0106090493864459,0.14415616648728,0.328493584755143,0.221989509210929,0.216093483381036,0.360749770637229,0.445219893038243,0.52713677893009,-0.047280536448335,0.00848480766303778,-0.026581257893836,0.207719994459297,0.171825880868172,0.194490814099072,0.61275611766066,0.167663098914839,0.613727553837303,0.0397306434992898,0.280667326419269,0.0829472634669037,0.749957374570179,0.618200124154391,0.36101188062538,-0.0046861306821411,NA,0.250828612527166,0.280530190516679,0.475390450402115,0.310095506482825,0.579045147401178,0.625316491250718
"ROI247",0.235313427930908,0.163823413262555,0.141900854101363,0.448702137821837,0.338715821682914,0.101196887793503,0.225298930245893,0.381830808155958,0.267424387979077,0.164608593413059,0.0627332844661149,0.327752221395513,-0.108956942737917,0.00306957103327937,0.286958735793765,0.134507834926722,0.54068054134527,0.37068188052391,-0.0696110932760749,0.376944874928576,-0.02349349058032,0.235137939074459,0.604624999782154,0.125042148045288,-0.0200108574774203,0.305337616642188,0.286823133551958,0.298999273410531,0.539709537576789,0.0347406254840916,-0.0789741979090296,0.46631298727004,0.186862964878451,0.213812744359989,0.523195425643453,0.711779383391958,-0.0022065838879616,0.296877469903406,0.572590426141399,0.445856093260645,0.334848804660179,0.328385079476849,0.0614957969216883,0.346324719095949,0.572452237712295,0.128287211350812,0.0745247905645802,0.364541861876904,0.284166685092215,0.40484293838058,0.289821159199332,0.126132171831838,0.327351653324074,0.0782294805941063,0.490158769018672,0.21637406140529,0.392136866038071,0.202812438167074,0.293427295389254,0.475004549057691,-0.0731554024287449,0.324011510313196,0.437879002087737,0.278126671190755,-0.086218654049931,-0.0932076912759373,0.0329403925677185,0.0272780177497745,0.151911355335017,0.0851301932936002,0.320561450767701,0.124884311717214,0.334824683891954,0.162679297156475,0.385573881567745,-0.0396134687434147,0.286665738785636,0.157854692759939,0.185222825173701,0.571796575842051,-0.0439023349795242,0.10966070201418,0.293153822196492,0.380604428406198,0.277677716323149,0.388979481172227,0.481543630095342,0.127154890767745,0.22508786056007,0.239081035740421,0.105275174621735,0.07412149946444,0.258511176949378,0.183602553751227,0.484829027414585,0.528713871934808,0.316614639291632,0.238838928236984,0.223956031567699,0.336783468780525,0.0630387297078988,0.666080191524041,0.152482206941495,0.20945774195106,0.364277185959337,0.684049227075207,0.270619080877876,0.561255101196086,0.117467608523674,0.27752044242811,0.180102357909509,0.385115919397865,0.139558364867628,0.00736777093917151,0.3110237713919,0.499076180783566,0.366377564670811,0.280011395630542,0.0193649209123387,0.675803451969765,0.104036976591031,0.44310711258568,0.0662836226617353,0.416794669140209,0.121445923290536,0.343864520419537,0.295877561886381,-0.165205930389437,0.184213104232869,0.313327627212948,0.0866522189939659,0.481945726826549,0.263408495657652,0.257200028835317,0.0818629283382738,0.45456733422469,0.208032718292456,0.158976871540244,0.32085066479249,0.293274456828963,0.0174627058499755,0.128834578796935,0.475192893930617,0.0830280291304305,0.354350274719202,0.348210562695654,0.612274234674658,0.265381184186914,0.0971034926453849,0.151150369738344,0.177541776054508,0.133317933286915,0.643995368947989,0.322963401502608,0.144793056028197,0.458019651422696,0.493292364853597,0.136545025829692,0.0938887765705165,0.362275514627002,0.18008092648172,0.214046376976158,0.282915849539484,0.333466816464608,0.354476226120406,0.304420816433863,0.213230022045438,0.155989818669021,0.27891658257017,0.296051342529812,0.164817384442948,0.505233682679046,0.276677637528867,0.0716811220795562,0.129977030475154,0.268633405368289,0.452413240202055,0.161364902603607,0.417607722567415,0.323511549731527,0.298546712550163,0.319224493346449,0.361266025408465,0.312449020879452,0.782570439874467,0.170795818766175,0.383725899243751,0.23942114827458,0.352152783352956,0.379803547024466,0.496725936939739,0.27019122606075,0.445466793329102,0.211955061702752,0.207427624953312,-0.162620699807499,0.53865348982157,0.34531165830703,0.285706379906317,0.381956990643623,0.375319033833968,0.170016280113398,0.288465045186085,0.184954787176723,0.724375281370611,0.328034524204605,0.289804558244666,0.513629019677332,0.58588290945293,0.426481427703248,0.124155845294872,0.443188522220889,0.384135823780391,0.649482882265766,0.369129656877295,0.303013046089842,0.335246621672775,0.41865597554194,0.0966901817993805,0.153749118177055,0.379557583537198,0.719646621711171,0.466817019351902,0.473900253402582,0.278326953816813,0.338923297656104,0.482877679389562,0.35194959403407,0.557113025475961,0.332049570532071,0.17919219491337,0.580176922765282,0.346357118424488,0.248950960783736,0.718319045871392,0.588228480195802,0.423451586925832,0.334705440832958,0.271243917108608,0.352466061640183,0.423734800687505,0.221026186370836,0.27805380592952,0.231009475649801,0.31623770751497,0.338407145681684,1,0.321376430382268,0.11201196025673,0.611782269784465,0.214018092954919,0.26385250846122,0.371009101390301,0.24206446257931,0.354205870191387,0.196115439623624,0.356773590709327,0.0420305068031629,0.37905288408346,0.165792169604441,0.110550798435149,0.417607737488763,0.0956705968653664,0.305001267736076,0.173194383690753,0.215419251254918,0.331785705192671,0.329639846463098,0.206530377392026,0.368015147937212,0.156789594129988,NA,0.273699753485316,0.230378647712961,0.481907865706622,0.209786205910188,0.192379284169266,0.348470896248823
"ROI248",-0.131687243766506,0.546114434828208,0.15217695924573,0.346679536148522,-0.058059728048244,0.328736780114779,0.216277113445185,-0.032750919531821,0.0456753322040077,0.419370718204587,-0.0277194198268791,0.0773907656907111,-0.143657786517006,-0.15561148445515,0.186379012513921,0.0212398183615523,-0.0227409792901054,0.198469698776549,0.129301373515334,-0.128351342534877,0.323052824921578,0.357242885037426,0.192979007164219,0.504586846315159,-0.16784348889056,0.390496042813377,-0.161739005230237,0.285560772722254,0.13243735077701,0.132675632604597,-0.226382741078941,0.224175703049092,0.440935822198537,0.385728709011482,0.333864363111404,0.208895570380775,0.290634675956393,0.394386725632539,0.0135725420362658,0.273887811094739,-0.165767588491458,0.0975068530213699,0.00340394592112743,0.360045171429666,0.235042111289105,0.617843729511623,0.234801099277761,0.222154702227817,0.0337736988011114,0.31883119022226,0.374482931995993,-0.020279873460418,0.0907214656606396,0.288430650135323,0.054796175005192,0.169213225314314,-0.00233368766041469,0.0229658550064216,-0.164747860531309,0.0578500556756965,0.0346544996423711,0.564866939176033,0.0700636361208705,-0.178311831482679,0.255169174499869,0.25702028986358,-0.223776121054977,0.0706011161623068,0.572950500775046,0.0429137092491559,0.0627069950745513,0.577515989256248,0.153353927122695,0.339518332569589,0.242285488213588,-0.0626347777225072,0.337725225209539,0.579823755510701,0.204375138967365,0.0345919531285665,0.369118024004591,-0.255689246895449,-0.106226628281762,0.292843608778262,0.00910285103261,0.475240031728233,0.208478133041458,-0.222619867591954,0.328654824157633,-0.00132258821766638,0.188605674147352,0.0700393801942719,0.0896518027865701,0.381051415900707,0.0870088326771006,0.348337755408187,0.0589097321087215,-0.0231280291653825,0.012386867367045,-0.0444059767532462,-0.115114223865169,0.399789765365081,0.589543203065799,0.216719519737779,0.257221595249134,0.220827473331594,0.361649432002511,0.220468129488414,0.0606854916359689,0.466770284113525,0.127008237982492,0.167404133815692,-0.0233074490255897,0.0790381380160122,0.153336922248577,0.0133437919709737,0.0613860162351458,0.0426703135190291,0.362573940507553,0.248168965018015,0.0930011982480319,0.501649962003193,0.373430637171279,0.228876832417292,0.211351343148085,0.3642994332711,0.099488437858334,-0.0810440784142286,0.179055830656167,0.387038633483581,0.62133655551095,0.138339055497322,0.0830376360117003,0.149453892533362,0.195861966417242,0.195689669000495,0.296816480264705,0.0435307600378875,0.139281275770695,-0.0775466872626929,-0.0196160988388359,-0.0213951478426621,0.153674141262188,0.110440913038683,0.698280324149443,0.0708486410178415,0.563115293379088,0.139570257943204,-0.124104944032202,0.238928449133309,0.29827992322644,0.418810350484807,0.238027952424769,0.340802100276111,0.218355763229971,0.0959170259785617,0.142716058235426,-0.0571174615885645,-0.0599088491296044,0.307934871604255,0.0539603722240243,0.0596718068850841,0.401323043012773,0.26995739290681,0.149235843583016,0.0529564602472483,0.113444965614365,0.0437428015147474,0.0530341090996249,0.43665472833314,0.456010731886439,0.275359525661373,-0.140603200891643,0.00960772692802726,0.109795694416055,0.317556524214146,0.249467444172204,0.168628203206785,0.459222601021028,0.287879385824804,0.448234482364423,0.580282961667056,0.153952614169339,0.0758822810150281,0.283573499505431,0.643863109957747,0.603707783520163,0.476124020960898,0.808515556501112,0.247258122983984,0.206732912114095,0.748728210329044,0.532457155654636,0.710158520856765,-0.18650602267814,0.0192147465878058,0.480459571631183,0.578206079036095,0.219849593784844,0.612510987364122,0.457967165513942,-0.040126322360817,-0.0145739217097651,0.330004671883606,0.10780719802854,-0.0453220845292387,-0.0456526947188461,0.236682360797173,0.165777748569688,0.596277814736758,0.11394308442127,0.715248729415339,0.203623086759454,0.270683491864905,0.676250872924273,0.10502309860135,0.330945048905764,0.131553684254083,0.0797812974080994,0.243778948694037,0.557701606960214,0.142079619637771,0.226271032812725,0.155088363436281,0.621454552554142,0.766954294905796,0.252731108361148,0.824627478578402,0.544171338282469,0.0894040431045597,-0.0966509846630342,0.111173774533961,0.372056960124744,0.509431525392999,0.25235167721437,0.274560992517596,0.156346761217797,0.622009029913443,0.112505159578353,-0.135986506860884,0.179911039931336,-0.0382092639667204,0.168311433769213,0.335603732573992,-0.056721771679511,-0.0106090493864459,0.321376430382268,1,0.279599924349881,0.442951411209799,0.461238012022725,0.144575639646401,0.337807145239103,0.192606276540045,0.103421972017647,0.0655989679899106,0.242178177382885,0.535610470154296,0.610859227009795,0.0180591642288462,0.135649111671918,0.239233058347927,0.0716086130455336,0.189402246272945,0.247564358196167,0.214080391155611,0.786072406275312,0.0113010742752723,-0.25326798969178,0.305138516839082,0.564511792447235,NA,0.144738789441103,0.29519901620227,0.314800410836557,-0.109998027163842,-0.12096110883233,0.229014932237273
"ROI249",-0.177253891672208,0.54142972478642,0.111378988717883,-0.106871572966545,-0.0473909986720325,0.36832788204413,-0.165714970763584,-0.0309682406394496,0.26503287748154,0.212128932139366,0.342733923106087,0.299446259800975,0.0179553223123842,0.167299392866607,0.212265514046606,0.813061299228496,0.0381632806710762,0.187068140748897,0.192592008279314,-0.041992815348215,0.731193815599357,0.277499005188316,-0.0535799763071897,0.641336969890542,0.0747062631159165,0.0323075539421657,0.150036277641332,-0.0206263125240396,-0.156214552021358,0.0125036911167601,0.00993486393284644,0.0776360851901597,0.488608556847271,0.0328626736299667,0.310885805607234,0.26217901575422,0.377557800428575,-0.00106538765151523,0.0316590994374146,0.557685797736854,0.276192463836039,0.0073339302853529,-0.0242602818555384,0.334237845380986,0.245060334490349,0.436838164929752,0.792102289968127,0.219940652069685,0.263579187808408,0.0826640738585075,0.315909676645556,0.176241803213614,0.135129975991388,0.474717117169517,0.153865529425879,0.323363198226503,-0.0918110430409297,0.0930383710308771,0.0342192707596923,0.292537990378696,0.224346736955339,0.356496042032763,0.112173611917995,0.0101017806712226,0.0783711038928714,0.371969035712255,0.275262178584492,0.0857039676506252,0.3960257033076,-0.0308892706014895,0.137283762394623,0.573996715837852,0.226139952838893,0.298291758371903,0.398123731192662,-0.0978634633180879,-0.043492657418169,0.230394808446048,0.264063300262765,-0.190325010025362,0.386663957031446,0.135727283699225,0.0952923066107177,0.372519592364732,-0.120856593844824,0.261648527275528,0.158485244127985,0.273517748665681,0.00214726718402688,0.0814656308562557,0.131409024085556,0.64689680992188,0.0887312524357249,0.608137375562764,0.186946979449958,0.136608137949802,0.126745755805924,0.0157741778003749,0.131034958072194,0.313731794750359,0.439952345477255,0.173417690773215,0.10659465681325,0.219025338243115,0.100606522534822,0.00916987498512471,0.559989890330734,0.115783981710146,0.145372124319743,0.206999347265319,0.195109294560616,0.0691833068711121,0.0875650447067517,0.209013766917555,0.214646117995174,-0.153361590274294,0.137871079021498,0.430871116544849,0.154897025552016,0.0915535590564063,0.176976561658678,0.394259984887747,0.151148759665384,0.26428930655329,0.629102522782579,0.251983327652025,0.0615001724650781,0.000711210476028694,0.0414461639648641,0.259833121018092,0.380799948140986,0.254928408385242,-0.000446266732426907,0.055597999583175,0.672511116542155,0.158868187225989,0.261405156766033,0.37213052154029,-0.015523519066562,0.216791211515489,0.170856549991489,0.0306026446210101,0.287204567104797,0.221133643897455,0.259960555342235,0.46708916505181,0.330101797188412,-0.017029856963209,0.0588245839070644,0.084593394928371,0.203056529421637,0.674097301735112,0.0955316262030604,0.089965254453416,0.302023931632998,0.117109144854496,-0.0124142734406201,0.132455892295813,0.12146194889516,0.576037251911889,0.270663452165258,0.366059307947857,0.270438376726572,0.418957708293952,0.169525514355405,0.136206571582473,0.272802821844288,0.215404932733344,0.0876733756772555,0.321963980257854,0.520023788417628,0.0743626205578722,0.184595447839013,-0.0368300706411918,0.191364202934416,0.00129637808037653,0.315492592234444,0.156316719628513,0.341968310029248,0.441034777470626,0.0804508184368219,0.353748286885798,0.151088600674036,0.282706019905638,-0.033833071339123,0.547503141421998,0.410972988433117,0.127639148051985,0.102921891865671,0.535169714195336,0.195401294389448,0.40808473474145,0.461253356640161,0.640085195790828,0.056385514913579,0.136355332989015,0.139498157002057,0.0367333985527305,-0.058895815057857,0.458484585341343,0.477088080404433,0.112720092726381,0.0956523179509711,0.786388076313624,0.0887864710107031,-0.0582555904441912,0.0199567302452513,0.178454371198182,0.152800622296262,0.238419007027692,0.200472348822455,0.31726398501115,0.0203455598991649,0.229465994417757,0.0856172953313157,0.166990442353014,0.136271536219612,0.207256625145153,0.0713942472188815,0.149482160994517,0.446100076462494,0.0187667157842271,0.315372200954729,0.266474886809593,0.371622868408942,0.526166157891658,0.166902928105101,0.194392775815537,0.117227265019878,0.362132583720492,0.076260470519477,0.261426140575982,0.248333545866889,0.12940297799138,0.0615541901843125,0.253208647647809,0.075749875140554,0.241906088161129,0.254869111972241,-0.175973772424131,0.29295988407849,-0.0428344024620637,0.248876877752847,-0.0425585799509937,0.00488073433037295,0.14415616648728,0.11201196025673,0.279599924349881,1,0.316674553489306,0.43755824802823,0.211243553842002,0.0120159408193983,-0.0369985701689885,0.164924814853467,0.287563711377146,0.276939645997266,0.765670425667776,0.346063318055291,0.268496874183467,0.0472996129505416,0.0777334703114257,0.102002381567285,0.142702713300231,0.00970672699072717,-0.0889962917597891,0.352429581547511,0.14301824410292,0.140960189258583,0.147795918847448,0.220394166998111,NA,0.0842440790647816,0.296983901570567,0.331033617280542,0.302764583813895,-0.0476914907470384,0.0033433558479582
"ROI250",0.00527356986913776,0.319271676480814,0.191625774320913,0.396543510851504,0.056458060453272,0.28299629553902,0.219559094581735,0.328413345572424,0.307426458394063,0.303572367269804,0.159548455259507,0.231055808790039,-0.0466384860673451,-0.0222450728525667,0.404062328120142,0.22195112640502,0.321732616084433,0.327441583862216,0.0338187676245402,0.237071216755914,0.143975342064738,0.259513369069854,0.426023497201166,0.260898718946585,0.0663212111014371,0.314274248111167,0.200302435826424,0.270379590372816,0.51032972318438,0.0489527364656517,0.0174859322412406,0.35477601736003,0.277085292262574,0.230816024691144,0.473934647253233,0.579101249969196,0.213764024826093,0.259525773172101,0.539502755593854,0.627474563219084,0.275522820977488,0.435627127042936,-0.0249538554783853,0.289427311033866,0.336098957878687,0.280799459200098,0.261808933282418,0.478876981203903,0.319608595852537,0.312168451792958,0.308227213305815,0.0649244125863403,0.210853438948801,0.176608987908323,0.525798202974749,0.254221792892514,0.269598621699759,0.242948815985904,0.170284508293385,0.579946259453682,-0.0278260166702562,0.313080981441131,0.402607731831152,0.140930375206124,-0.0600938080813309,0.0299500149567889,0.0893000979106256,0.0210528174396167,0.226213323529411,0.137067031012839,0.275922121953045,0.282025990638846,0.216541677642906,0.271762177257268,0.349745276590313,-0.150817158625228,0.319222007668538,0.234252639507054,0.24184760486745,0.534898820258162,0.159994185833647,0.0645372420471639,0.149353240555768,0.344930491583642,0.112142088978777,0.286292562989908,0.302503221074275,0.118594886418049,0.234670736497816,0.0440351125048921,0.166926368017719,0.127321095450961,0.311007866105028,0.308361706342559,0.464055427229315,0.269406374195648,0.230601499878564,0.181459630683586,0.107762143043159,0.318849875094655,0.158377856994958,0.40330551307913,0.185051985372659,0.170382309416015,0.281270629927172,0.576755237426235,0.355171115442801,0.454919895086622,0.185332242268403,0.280749246303842,0.197592553313013,0.36348108597891,0.191305142220163,0.105593677726016,0.319241507399713,0.387438076806638,0.304275423799076,0.29175182636237,0.103823079517395,0.46036820803016,-0.0494719347740519,0.50275089778152,0.111173531155596,0.527473272523196,0.403138502263259,0.255880246470417,0.255312517673399,-0.122179385281118,0.103905957614243,0.378799571012427,0.243725404786128,0.612236652670659,0.249460827065838,0.296994374509058,0.257277152099843,0.509671707906245,0.247864878656778,0.280796381263657,0.181826102085001,0.216621782868941,0.0741529225712039,0.0461217227331643,0.56683593470464,0.19002748555263,0.440704078151713,0.373918649335038,0.599963592744223,0.181257970442506,0.0691384013107267,0.0146010989907995,0.289213284997227,0.139096721846822,0.501585644265069,0.259808826619071,0.158092236349975,0.318201370122869,0.427205195613424,0.175329107550643,0.230058576949882,0.70599361889525,0.203980530413599,0.135054797610711,0.370126584279388,0.388295604707173,0.224538231543645,0.380476146837668,0.330829457981036,0.0671483783552747,0.327291677317987,0.395304680577569,0.355261685036632,0.397115442420282,0.141895147286029,0.109961189754985,0.103957486531022,0.0381056240698081,0.561606742058714,0.200857117214185,0.487142377700582,0.375574999708857,0.348356142617507,0.30374006029449,0.344723537181587,0.0789976008983339,0.668626800526542,0.338590657911178,0.453914142961595,0.232960076402804,0.504369009914413,0.505407309362659,0.586927484013655,0.41887068028658,0.479563725957663,0.456137016973272,0.0962622275063846,-0.124390148075935,0.649317377370569,0.374475314107251,0.315716099190551,0.46981827426551,0.457242243610864,-0.00475040082557833,0.337440036144677,0.307637310512746,0.433057902605473,0.134364359889524,0.160048495213414,0.461012752899605,0.451401392475636,0.422578123968315,0.158821480027586,0.504620285339287,0.394841480360453,0.798832750795271,0.473388689288425,0.29587068208245,0.48897573474025,0.308558522246737,0.0349127501865938,0.187725124589831,0.461671431138856,0.564448975280666,0.409794574880803,0.532181825076225,0.390619154924866,0.489364560370434,0.314661005017976,0.401315395420347,0.580295659781366,0.429578060559221,0.116136792087448,0.669049655874561,0.414907779401079,0.376561700542648,0.493129799674293,0.277876295815396,0.263967673069482,0.358806693047589,0.230177033221047,0.386016429523875,0.346264263877732,0.099213761122056,0.294810186108402,0.250236401980371,0.188518276133972,0.328493584755143,0.611782269784465,0.442951411209799,0.316674553489306,1,0.377118300795083,0.244482917178781,0.34557652183972,0.118358786665908,0.229174139969346,0.0590418929321368,0.220442221944296,0.257909577836917,0.380954180170242,0.127496552840655,0.208717344157184,0.339056427033487,0.179978042075201,0.191396059619556,0.243546286216356,0.27802728916057,0.493294480041433,0.190765282918301,0.144544065881741,0.205447705207265,0.2751526405791,NA,0.190648631634229,0.250876967240717,0.614726225978284,0.166731644945929,0.0180923107274109,0.334780517969005
"ROI251",0.00546407485182335,0.36005378954178,0.154627342198561,0.202287674419645,0.164836004538793,0.288755740729466,0.135770804753266,0.160926639650958,0.313933002041105,0.346192840851185,0.293043457209601,0.309612828240455,-0.0355193672271812,0.17810273677113,0.303952442619486,0.280378523411405,0.251977040368373,0.229306375179726,0.295444414258641,0.0635939846664968,0.435212476325297,0.210299125064335,0.186779180291134,0.539043024566342,-0.00295120527805047,0.176504708418951,0.21379011852108,0.250641770093881,0.152047792988586,0.0387283177185358,-0.0212469367510616,0.226462384221382,0.298683004606473,0.263954818181388,0.257662068499018,0.251219267374122,0.392447769051174,0.111118064144978,0.179832648402146,0.420157279668635,0.158662009218684,0.215415501496676,-0.0623317524702107,0.341435134629182,0.219291390394378,0.42696835318809,0.355234831348229,0.27517545912726,0.241033767881555,0.307640743508237,0.378801977448662,0.147100945609349,0.219703817952416,0.371750627806589,0.250172052852902,0.3054967556336,0.119963299284445,0.113619097951781,0.111087231458579,0.194497344937071,0.186120879298224,0.383396360828245,0.169276847281364,0.0685230538251838,0.137618782246232,0.382448818099523,0.159798943734158,0.0200407441821053,0.392549290712232,0.0382039955063309,0.288014201213439,0.481753421875589,0.174662833839866,0.180733686113347,0.367625445621087,0.00514545962785767,0.126859532054782,0.203268921980228,0.213594089804536,0.027939505365112,0.449108948041191,0.042507784616087,0.0470881282291851,0.248222313734245,0.138393653134081,0.257823645294092,0.201322267578939,0.0737669140771051,0.0467620204859125,0.0479970785123368,0.278562062870661,0.28698777553223,0.309307144015518,0.494008005144118,0.224102109447874,0.27725846827334,0.152982791773115,-0.0128206396937045,0.0528150948818516,0.214679883692874,0.380363310200943,0.267529384341698,0.213320683391916,0.286994427834152,0.282301600306399,0.201766380417664,0.329158473674402,0.275371701399754,0.22065370892864,0.326252065107074,0.093019345042954,0.130245892063339,0.139304051619082,-0.00216842018095906,0.347998129120165,0.0698149673507704,0.14990606190866,0.32497450656927,0.251997532745858,0.274449528764872,0.0932258797084564,0.331280581694003,0.188221570659249,0.317404479281267,0.301475232246702,0.160381636374694,0.0992158359534009,-0.0158073270045316,6.31667996439883e-05,0.335750072023014,0.321334772927545,0.203973661381028,0.123064349167765,0.0299327677748686,0.410890033588702,0.187133279126476,0.361239813607481,0.348921938873915,0.212315218799565,0.257183312437129,0.0823934496905502,-0.0681403705311852,0.229070159558183,0.163544429108775,0.346189057623827,0.369842722142627,0.390343407833947,0.272245759314978,0.0818635070209994,0.145878109462466,0.194871832229456,0.262973255928926,0.212116727705738,0.294945070643207,0.349383315634853,0.127559529579865,0.210281953197765,0.233628734745329,0.0251868757095617,0.462744831810087,0.268877259338831,0.13384726436578,0.257415015282569,0.580975878845303,0.144114570922275,0.249868421132161,0.34785421002161,0.193469473965906,0.220571937132069,0.448162581732521,0.59581206557994,0.231025874833573,0.166175674444923,-0.0763705552328568,0.0173012298751024,-0.0854353818239324,0.438820867733778,0.177837568757989,0.354706226922213,0.518173159198785,0.282701837022689,0.507270350103488,0.265225841784256,0.213974342693067,0.193077665829405,0.550459247357867,0.460901132400536,0.149807055718418,0.345697588616346,0.373606487475851,0.379773056765113,0.481839641123305,0.406684827490265,0.576556801778719,0.152966913123731,-0.0873249581995801,0.392911789107187,0.23871776162919,0.175410393778459,0.543714677519517,0.308311389545817,0.0196821337941988,0.250858711029361,0.444753098225879,0.173716615868639,0.121722556774554,0.016591025556353,0.171107389406165,0.0756500936397837,0.38359613262672,0.170192030257833,0.402808373116347,0.299583332702237,0.34520788426856,0.205447796748583,0.125647711999494,0.308405145318974,0.315605759406876,-0.0162074502597869,-0.0117553637028297,0.520334706339582,0.233088918510325,0.287398550497969,0.316381449590119,0.600571037733949,0.691930884112654,0.265453146267113,0.441367869530338,0.318945509599912,0.379352070576885,0.095371205851314,0.228825695807038,0.311225804796911,0.390182840694462,0.143902714506973,0.182206576565539,0.0894305830942849,0.379047804730532,0.340540832456867,0.014205040921996,0.355882870964437,0.187556456863679,0.263666751362523,0.0812104289876943,0.17735674184367,0.221989509210929,0.214018092954919,0.461238012022725,0.43755824802823,0.377118300795083,1,0.13743696885799,0.294227753809421,0.244339631748329,0.298121451768123,0.222825370412239,0.173577302558506,0.511796051697252,0.53258562358396,0.262579745253961,0.19113962212646,0.295269781545249,0.0589761975144465,0.274796803526323,0.148918651358853,0.207816191443737,0.558678633478808,0.216142944249227,0.146777487544079,0.214911504216904,0.350334715163805,NA,0.241341962699554,0.303640864081843,0.538939797633362,0.158726846060768,0.113522151282797,0.258264223574762
"ROI252",0.0291992499048801,0.138780815985082,0.00371417037390294,0.136418783509087,0.244486367333627,0.178011210273584,0.0825085414319573,0.380620571072406,0.210443447587321,-0.00181781427991554,0.0843718453152607,0.108636892734409,0.0415935171827528,-0.0189057681727672,0.192601077027247,0.263518650004425,0.180991056657988,0.262055270074275,0.0884145568532254,0.113022571169584,0.150112296834604,0.150161269484471,0.318751779815636,0.081894504395247,0.216074617400515,0.194350920653385,0.165693264729279,0.13942078962344,0.221414719536018,0.174340661458222,0.110353980424548,0.154104642141734,0.151206697000753,0.152904068464297,0.223948810631409,0.283663567017753,0.0565080505778434,0.138946735190222,0.197262853297153,0.197875810168457,0.373703971753654,0.131310188557501,-0.0240715955487895,0.154742654816474,0.336863589114182,0.106253417835753,0.179434486599876,0.1595421766819,0.188539808775977,0.170389559774567,0.0979742526608263,0.184132668707863,0.16269052508886,0.192687509626486,0.191084121490784,0.207366668143136,0.251394921301876,0.116212215180321,0.123125836523801,0.297888491881951,0.296711015459553,0.218459055395174,0.0607477518996741,0.207294260036482,0.0547614615389281,0.0834489268608644,0.161126941835489,0.198088536327094,0.171087649946103,0.0654870264993853,0.228302569214914,0.103100542855942,0.228523327160631,0.105755788079194,0.133408388654174,0.00469294546769327,0.174269112608772,0.0411679657615825,0.242927343776632,0.255761767845671,0.0671010361943539,0.074326729289553,0.198289713383024,0.247604299440542,0.200071795178107,0.188128197709551,0.31639145065035,0.236660076033244,0.185845063110482,0.269977956129666,-0.00905092518410109,0.163826129444563,0.16521193999294,0.0560922337261755,0.132628565969098,0.184759193795408,0.311538069222423,0.141071529010913,0.112271852577161,0.268735781485155,0.119239966111456,0.271814726034348,0.0281899136646528,0.307138664540997,0.141651117595501,0.205707245946122,0.233686469111996,0.159414419801724,0.13689130154929,0.0676743757371259,-0.0517551336483083,0.201967970930933,0.152464640476762,0.152859919708718,0.203502928091739,0.0443762250672057,0.220790770667858,0.239181993649549,0.0712717129285489,0.147281490317084,0.0845821303083385,0.171451799272479,-0.00763039216290315,0.0689161113687792,0.221766287272705,0.0574736355786789,0.0668384252957515,0.0480874712565062,0.00777266691049952,0.169522941003806,0.15935053062793,0.238361305344673,0.162921643149623,0.0790527036195165,0.195439287701917,0.159229514932501,0.169775203283448,0.183564433482484,0.067827677664622,0.280135455242004,0.123846883604159,0.128926046203391,0.28379900585862,0.0931607469307007,0.123179292071295,0.339459098838921,0.195832279201351,0.188834551784212,0.125285593841971,0.0939611825270798,0.125932590655557,0.0889667877700473,0.109218072277887,0.197300511969426,0.0529638578673253,0.0953701484673247,0.331062346033496,-0.0468601564997707,0.108320950514638,0.255704687229376,0.11502389900786,0.404736378055972,0.141222058441432,0.241073628414293,0.174740508346818,0.305017635069264,0.181995796518221,0.0966531390520891,0.0780329771628999,0.0594675838689317,0.169288197024051,0.31091313749252,0.273766032936181,0.0571956445342471,0.12672984282783,-0.080196130678174,0.136128371962171,0.241541208901806,0.152089859336556,0.221039113170306,0.100291352204946,0.15763253321394,0.160534326953067,0.117023268767906,0.200152365324565,0.130683666279315,0.201880842924837,0.044870206262259,0.122970625342242,0.242414224814732,0.219634701459682,0.0916984564934884,0.287809884105201,0.12525553879018,0.251172307739408,0.0673504261891531,0.141059022982946,0.235038576080714,0.167534569844368,0.152375914828691,0.174300853802483,0.418866549054163,0.246742375295924,0.224197784132093,0.32155383488149,0.215395187758887,0.11867775581807,0.178609703826515,0.200468520898145,0.194567117167989,0.129881303993211,0.163019475147198,0.210360985758872,0.28479105308609,0.165416231079957,0.159968893355115,0.207894515104743,0.194045466126651,0.0214822638599511,0.263273801714707,0.143775423988463,0.362134168106186,0.162542311531396,0.333750659270709,0.145499316879132,0.150061921753667,0.196650718002429,0.13962962502575,0.180554404010702,0.212670307443614,0.208246314595209,0.361643938401957,0.117553285780668,0.160378307034925,0.385799911971981,0.232653430270928,0.169108221860527,0.209458864121413,0.183644313631173,0.225825489301285,0.213650721621385,0.30214283392148,0.311446384186857,0.027063645529861,0.223690248909274,0.216093483381036,0.26385250846122,0.144575639646401,0.211243553842002,0.244482917178781,0.13743696885799,1,0.0671825144393837,0.248869673195165,0.271810139439017,0.0697615554287085,0.117859311236714,0.134248726121129,0.232298446563422,0.158354943858567,0.113005773406818,0.260153729079215,0.119858689300998,0.270484520613464,0.150472114912573,0.05694905345631,0.169661758771371,0.24735645608583,0.134933738984105,0.20774549949357,0.122608655221545,NA,0.128597636229365,0.105105126957854,0.30794193704794,0.180358880605484,0.175403825022802,0.175688723945633
"ROI253",0.258123662576744,0.101691475027626,0.151207771418268,0.717666428377208,0.285597057154509,0.0423902121908135,0.705762758724032,0.352757048437221,0.284282255723417,0.237160959315312,-0.00545032403587727,0.198346235720937,0.0892842952946025,0.0792033068249609,0.545325413579246,-0.10113621067226,0.374230355361662,0.51909169118519,0.00672627598165422,0.0842490418200485,0.0656157327878225,0.126022366646679,0.413552332092336,0.199278225079936,-0.0895429990442288,0.284858304901559,0.131407146487697,0.69443209187015,0.484464564402945,0.102651797121381,-0.0130804622117155,0.647446374696917,0.113911657726719,0.637091525301494,0.212783968296157,0.353357838706573,0.13881824651465,0.147400808277833,0.319339938739885,0.241370959204887,0.0667578708413163,0.363427706683261,-0.0317832984932417,0.441908432333031,0.58119529590158,0.116004387408564,-0.0282820635658281,0.429111336289772,0.0695109849934634,0.556041831083492,0.348198530981484,-0.0639093539664019,0.340917551675134,0.0173342258456592,0.437645077631674,0.444867893417853,0.426151424847993,0.202039707903711,0.167280055859577,0.288747331408922,-0.144564241131256,0.310553958614091,0.240252003229654,0.291805165047033,0.0493307827286978,-0.042425560756725,-0.132997598667663,0.154384533833496,0.0983082988122615,0.124651386172295,0.330171487099322,0.123132039174826,-0.0343629524253615,0.0770578597308767,0.228968938459735,0.0898734106255071,0.268969614584669,0.165907626438377,0.06548572002258,0.391433098966363,0.014414122920793,0.0519261705854175,0.296741066379605,0.344020606550794,0.481501369530826,0.150166417173973,0.272583169106336,-0.018491795813719,0.34758952677289,0.0830172601498828,0.190040964116107,-0.000497977480086037,0.448414024008715,0.0354854290905697,0.173093632851845,0.19998714889222,0.217865099175359,0.170487548286981,0.216443614151774,0.0260710516247755,0.0223600284101051,0.320075592610537,0.274517712001957,0.0544186126106246,0.773906067728396,0.441881300177682,0.179169822955747,0.338796151028232,0.0900805520399961,0.139151256377185,0.0178075141442027,0.280542998943897,0.304801158264956,-0.00947267920193732,0.320517449455511,0.348295891910662,0.279863586149185,0.203098376223052,0.108901183188708,0.338548946565302,-0.0277986705715743,0.257599472356482,0.16323010535999,0.348351432306391,-0.00202894388137779,0.0513297844503819,0.204065819402519,-0.171631876886122,0.0635972823534675,0.169940310782728,0.0633744098500164,0.327145245259551,0.257202021429891,0.0275003487798452,0.00489114252195399,0.276317528346113,-0.0193786476363238,0.0319308613278581,0.589061440321321,0.0771572695189743,0.00491678254823571,0.0271753686231107,0.273068012571421,0.139905476836835,0.391129749927147,0.191550952516297,0.366485171603061,0.582492245495832,-0.0738875500793349,0.0186338748983878,0.257025826923923,-0.00467413637114778,0.404059336908346,0.631087443551089,0.0684138810486776,0.288748741787337,0.455229515571839,0.192622593900898,0.00819613501010886,0.196019286319472,0.0249132786923656,-0.171322730064356,0.120298893713581,0.173530465255274,0.295412085658759,0.338639108494442,0.150862798849963,0.196548772337876,0.173189854917308,0.29405631959568,0.386968484262416,0.418747024705039,-0.0115997181708362,2.53098235944579e-05,0.235542466103418,0.0478664936871254,0.393955321844929,0.178008427693521,0.195985103331488,0.135237049239148,0.342488858170056,0.276007030070494,0.518356107281696,0.0813434307469218,0.479884338434894,0.291217264210503,0.256947758667533,0.191503005046646,0.326330958294318,0.315162916653129,0.437046314011919,0.391321741125168,0.143817130957956,0.256210438217614,0.173260799862772,-0.26509497390293,0.56296467259956,0.296302364332064,0.343989958322387,0.374117717981296,0.237742329048604,-0.138919186720329,0.281704318463261,0.129429757177525,0.32187158268446,0.337955308584746,0.165885770414338,0.310032607557513,0.188237253883372,0.526394629605515,0.10830705027655,0.457292717065097,0.41029217142524,0.413971681487291,0.304105752552075,0.0794841112973556,0.452997160831872,0.537893301195535,-0.0729174987025921,0.159166007057813,0.230787388743319,0.431941375310954,0.379809520469268,0.450027787488007,0.325484215591162,0.363649315173175,0.39404424565576,0.36275448697155,0.514341917447282,0.290641017884478,0.0197100184475487,0.24123819323248,0.273678960781154,0.506994313063304,0.406719650370135,0.119898911551107,0.378239185433824,0.250607056136488,0.239889033563208,0.28693448530227,0.370556595990308,0.399349393964329,0.279361814783197,0.215472051200208,0.401512905058034,0.360749770637229,0.371009101390301,0.337807145239103,0.0120159408193983,0.34557652183972,0.294227753809421,0.0671825144393837,1,0.492063073400059,0.482704803769607,0.0213260671835122,0.166387001415703,0.0775040421376592,0.296177709132844,0.0100016786391186,0.164991287064852,0.651812265259095,0.010902330716552,0.40133678454377,0.138114726267227,0.489522004358379,0.334357382823269,0.44966098661036,0.0837594796863799,0.402879492899797,0.217446521324429,NA,0.100757662071626,0.155091033265055,0.433750104000264,-0.0582867392568249,0.441772777420677,0.622602996815772
"ROI254",0.439950243447106,-0.104585674818614,0.0506549890315294,0.580670814711126,0.551648410198361,0.0823690950329365,0.480104791469924,0.655275897012634,0.279746641154569,0.201327178881764,0.0304003335557337,0.210820629172,0.0436636081308943,0.111855843365399,0.58698793003234,-0.090191246791974,0.379131727363125,0.510808108773586,0.146716228374732,0.0984419974265619,0.00791834328411875,0.11721132275531,0.484855909810524,0.0587740597617961,0.160817624808402,0.304777456597813,0.35359473640089,0.706409981511421,0.421102267418792,0.0618825127004247,0.0361737441215578,0.414916110463184,0.0891932141067137,0.648908658442357,0.149176821352201,0.260266080307926,0.0126262647924744,0.0939255850017975,0.28609850044905,0.0204816784910195,0.282527366074712,0.249520421139408,0.107174008688611,0.38456430626654,0.529847031787049,-0.0908900736872973,-0.115671551136331,0.273668571495107,0.173434792482013,0.587431090350954,0.218173071137473,0.118279547213767,0.457332721983979,0.0918336557654541,0.313105074451641,0.438654321402058,0.624333247290514,0.164511945074437,0.264378728920186,0.169794348226155,0.0456819218132582,0.326119385060558,0.0162579096663258,0.39810416360709,0.157783529385094,0.00281829091982892,0.0177615614838037,0.226605360066488,0.106796928375216,0.267834905989212,0.380448440361462,0.00432077187045522,-0.0775366979662223,0.048785898380188,0.139185573508288,0.11951541807335,0.190965273207479,0.0971317229965682,0.0277280907831331,0.356179620808864,-0.013147503310236,0.201887745329927,0.380325408002293,0.343350407741909,0.721180630859682,0.116644412637148,0.378853436654818,0.105413771400965,0.316460838998023,0.21943375713821,0.107395404363597,0.0587294562205151,0.53413189272373,-0.0350542155962581,0.122446424435742,0.288523149161318,0.273758824845327,0.26376441719792,0.271855194181326,0.0952072898925267,0.015199645124562,0.383911431590557,0.255947055993666,0.200044856752845,0.458539855790297,0.374273770032243,0.0337230951166238,0.346695805556043,0.064288633709182,0.08066258329725,-0.0324937095238316,0.209793796710706,0.225006647142689,-0.0153747454945071,0.339003269601378,0.237266658503737,0.37801597189035,0.212450847116083,0.0848601683874625,0.301982876599329,0.0570594781474301,0.126901057195874,0.194468097095076,0.0745391364115897,-0.0756055904058102,-0.0520515573130142,0.252139301821763,0.181411775557483,-0.0139671366652165,0.0681797093138631,0.0232179707066071,0.2401187036622,0.314252273772202,0.0544875831100206,-0.0356713220558728,0.17474211268735,0.0334373042228138,0.045795565353523,0.400519735106891,0.308818376244815,-0.0238157381765656,-0.0548201142834454,0.204769716439052,0.140387073047669,0.217696128580115,0.339581057765129,0.162946221082535,0.824981066051085,0.236908433971534,0.0232625777811792,0.199409798409122,-0.0504456808679486,0.249767390965169,0.625632158677495,0.0301605572023907,0.287522920286079,0.683219223167677,0.207472464885024,-0.00412081796219042,0.163427658807898,0.0799315672534252,-0.0634750989043418,0.0683323310478444,0.30831162775178,0.331971590117779,0.680178612591693,0.294397463376558,0.232634515569027,0.213122219436361,0.189301230944632,0.165194224734847,0.551592034523419,0.339211443008518,-0.0589962605114097,0.165246102303058,-0.0958172061435114,0.255062798990341,0.152907721154353,0.118989604937949,0.211194391624642,0.296419268898865,0.321549192434107,0.557888923526871,0.0973778352986451,0.28957684457167,0.185210690954956,0.178238086849133,0.114855308964466,0.209523006701234,0.233533063616303,0.247155086469147,0.237581653300434,0.182403955865539,0.091159961350113,0.53377343177239,-0.318979107848474,0.391979431351043,0.39679372930531,0.332393777559468,0.199397928764694,0.176901815756424,0.0309172295506924,0.450383032953374,0.0312686269350259,0.295081422918754,0.58860740674362,0.349282717843598,0.196835203706343,0.0883255625428774,0.478052223823511,0.111474205930084,0.315714751106359,0.32414723685465,0.239006595089061,0.168267692734424,0.180985002032586,0.285573434013384,0.540891557026649,-0.12083359565836,0.136877634484027,0.215632123619429,0.430150587876973,0.302292509740142,0.427778380494755,0.218361449893474,0.201571000840921,0.394361601410591,0.31319328876198,0.396706902179067,0.351067628976484,0.00292681625421473,0.244443395821467,0.266350879971304,0.380252293024994,0.413285147277748,0.101815198894033,0.426567606850824,0.247861866507866,0.371754131483455,0.351785717370598,0.360471585337411,0.783460478268042,0.322483114471061,-0.00403958399471896,0.531372936695056,0.445219893038243,0.24206446257931,0.192606276540045,-0.0369985701689885,0.118358786665908,0.244339631748329,0.248869673195165,0.492063073400059,1,0.584346341457385,-0.0659766019774033,0.109813725348546,-0.0211868445159966,0.410855867621394,0.12611243974753,0.145642278166807,0.614329864030728,0.088012988393158,0.668563971341236,0.235187031650504,0.26271960997916,0.14476548852712,0.597749012520164,0.235759789684974,0.455456003265166,0.19034774044385,NA,0.266039971432699,0.0856645938304411,0.355035861061988,0.110699927080884,0.60273790754346,0.581198913089329
"ROI255",0.354857002415613,-0.0095370649692549,0.201670981557099,0.480062109759693,0.565767103611128,0.116517963276027,0.352024250859647,0.609666636402285,0.491063200669941,0.162345445846637,0.242361550808649,0.286362592250826,0.147316283701928,0.12689136999185,0.543018223421797,0.166524577718573,0.530555736840252,0.490731201037978,0.0968957540628683,0.362300554849282,0.125103469796754,0.0480069687734496,0.536530356429525,0.141429737071294,0.143316135001731,0.221747032884491,0.440004353396515,0.476199997692072,0.573138699292926,-0.0177403397968213,0.163611797149016,0.544167489232285,0.0127481881323748,0.430684193274842,0.191894892183744,0.476110551457139,0.184482835872657,0.0281202350914947,0.462769274146657,0.279463108367662,0.594460488809452,0.320744215553596,0.088023964048368,0.328522832421097,0.731704679953018,0.0146747369686197,0.0641183839570283,0.386259468121168,0.27610466870888,0.455220209075438,0.260992208178399,0.202594763211711,0.368584759194158,0.138366608872953,0.482485867862632,0.473958650148041,0.57719503968364,0.257914707913705,0.340789119762454,0.370662080778808,0.0582894156128652,0.186232107592221,0.233823221183031,0.471457937233217,-0.0517743285642224,-0.0363395420382531,0.230534023321983,0.169278192537472,0.104909762081546,0.0771923638369585,0.44803608916165,0.0473668273020927,0.0228771924110872,0.0799417857977464,0.204642537967216,0.0354251162159744,0.146957747964557,0.0237440129760703,0.122091268875607,0.457049531308849,0.0514536994136481,0.295136603045866,0.429605405383454,0.440101490312095,0.554598171286527,0.0879055087449562,0.398948480175979,0.345918045154749,0.0865847416479761,0.256889739093068,0.290314690857623,0.271705827894073,0.553976799688168,0.104013122976482,0.311415635222407,0.225121812005301,0.278778599063763,0.27885353807174,0.260323192463945,0.358863378913842,0.321112418406378,0.38519875827452,0.0966172746025856,0.205940372101646,0.534872095588641,0.483365995624604,0.111795588005121,0.429857353818067,0.0849698431882229,0.00928722543299983,-0.00529843734856309,0.228013972385152,0.275660425517752,0.00490859668640318,0.515147845053559,0.333822073200326,0.408992333766484,0.45027099551354,-0.0337224049754598,0.378413707881892,-0.0395842998730433,0.10995242079339,0.084298822918167,0.27478266456768,0.0925885870809551,0.00648605384450395,0.14735588659869,0.0633301661967324,0.113895803468499,0.160307991522907,0.0355690667395381,0.416324580222689,0.226857354963737,0.0395508457711543,0.159739236170045,0.328341292578504,0.126797070933266,0.241667525932771,0.37605221541951,0.484747794000555,0.0999812582564301,0.000601623240893762,0.314775504671403,0.187035344555689,0.0726321216834006,0.667234190520935,0.173948977907101,0.593350900255452,0.215225935182551,-0.0396512039332746,0.216266107746614,-0.00392383494946264,0.387675032266622,0.527059451592929,0.176464719114835,0.215246568510797,0.735005172986119,0.338822555765615,0.0652127580638637,0.305857295676724,0.213903314565361,0.0112855702119002,0.157803167851752,0.412974146851605,0.354563344294648,0.634127157811046,0.421851365546795,0.152450204636056,0.295810340808878,0.245144185354356,0.300716573599718,0.48723444409119,0.425110731868508,0.00814031417535996,0.18574380268459,-0.182305520700217,0.338929563782283,0.199089052416524,0.190099182120869,0.259098289464431,0.197863260040553,0.271782286143947,0.568490925229913,0.12652442500954,0.438676992018353,0.157192870455315,0.200410538140342,-0.036716912419395,0.0659710094992809,0.4261657247746,0.410167901016554,0.113141411004013,0.199285864576534,0.054952617097974,0.661508826283139,-0.385377892107558,0.345466016901152,0.174140420474628,0.287245522796503,0.3497169646614,0.206764154848161,0.102500560868692,0.487779216769437,0.271180818912616,0.400255585086787,0.513970963534011,0.35122215702384,0.247281041838956,0.1114516701051,0.37010526340534,0.170851100671643,0.228356654071988,0.351474645905294,0.452116870496673,0.0234698748927445,0.205950904592365,0.331293849929317,0.618330016662485,-0.17417573809314,0.131157102752713,0.201412230058853,0.615267353969451,0.446620315164743,0.581636036318599,0.297554083693836,0.212883018189954,0.374367725703371,0.193751422880859,0.301411849679761,0.547753179058399,0.044755414272574,0.482740959564886,0.275851293431619,0.270760415684559,0.407325164260237,0.150950071304581,0.373852021236968,0.118092299466323,0.476172570322485,0.511479988270789,0.428720566315423,0.69505032784516,0.391276631336808,-0.0505075281527192,0.595051503659103,0.52713677893009,0.354205870191387,0.103421972017647,0.164924814853467,0.229174139969346,0.298121451768123,0.271810139439017,0.482704803769607,0.584346341457385,1,0.046162863806665,0.175780830004628,0.0351404486970557,0.321250181868001,0.251414015754823,0.141877829032751,0.668036502047384,0.156578620934757,0.545792219101943,0.03216104436319,0.240685142529473,0.171254638356287,0.614271324736442,0.374515320047201,0.418090522928203,0.0982160939900944,NA,0.309774645431429,0.306983298784942,0.533841210604043,0.299975426013468,0.621780371689347,0.4991592682658
"ROI256",0.158580314863869,0.325661723587257,0.270021434503124,-0.114337004814262,0.0584672582418694,0.257149652776135,-0.0904170157603044,-0.0389491695650648,0.22621735331493,0.0951346105455448,0.267965256711559,0.394938601833225,0.0481362808260054,0.269492644777235,-0.0402523519555392,0.431275163115024,0.0927930436071944,-0.0558635657695822,0.118399165191124,0.368814104203086,0.226694930696991,0.0164926635913902,-0.053897882253426,0.271128761320272,-0.00875170587858428,-0.151319140576569,0.0175247114392235,-0.0311556277783529,-0.138607291133581,0.0326223160756938,0.0185750493132591,0.0402235917018131,0.143229043409345,-0.120929553758993,0.260777256992041,0.20770063360082,0.231116516978962,0.257774772099598,0.176100075209838,0.345327860412471,0.121192204006078,-0.100626703697332,0.0618714495848469,0.0459243892951891,0.0280330999735424,0.290885243994101,0.347117170634211,-0.0564638955714696,0.16045449863428,0.0537231684580145,0.235827915484278,0.299517060197644,0.0150212550186404,0.111560199309555,0.0396365103987963,0.0628939644600266,-0.0113666795764095,0.0562856868686325,0.0985478825691544,0.184739278820108,0.256849931520213,0.0173179187711486,0.351248071082897,-0.0481373065083504,-0.102414516171973,0.276787281185479,0.285007772304639,0.0349256780655356,0.0585120969132058,0.0111682739318683,-0.0528030334797384,0.263541942450573,0.581653914413716,0.167906177968058,0.251505926277479,0.0536063399062497,-0.206439736932548,0.131022123227559,0.267524481036323,-0.112717228341801,0.133950490935306,0.0122349042979878,0.0257570164583043,-0.117041643306589,-0.0237073664286306,0.483597007667498,0.0912030803624392,0.207853539641972,-0.129643301771145,0.0196694931896883,0.108688202837085,0.268809120899296,0.00302972234983251,0.252139785852987,0.283068677657016,0.345295828364889,-0.0106956686888886,0.0632955909150277,0.00899922070994659,0.243127491497018,0.292558258716703,0.193739552569091,0.00773843581017917,0.322767737141665,-0.0298670573314234,-0.0435611408533276,0.315879252742429,0.144737385998724,0.217988206096069,0.574670079482291,0.260551379412015,0.0102007157394867,-0.0120681703938706,0.0984013511018495,0.0522081592530036,0.216851877182815,-0.0538848181789052,0.212220942680831,-0.0094726623664723,0.207004875028415,0.242160043033893,0.190075104746391,-0.0634067361898905,0.262455381958234,0.250373436331571,0.442293587615959,-0.019439224781858,0.134400843667469,0.0520615982652383,0.515878764412418,0.0165746791420492,-0.0433211358229791,-0.0182942924176215,0.206472801830553,0.261261308288336,-0.0532526349312286,0.106230461024031,0.198212976682148,0.0508911057298858,0.156458852865748,0.136779581359055,0.18237374309011,0.250136084204963,0.0431025300897483,0.0215469819832476,0.214834715414683,0.291092732348433,-0.0292372811741538,0.171513176429221,0.528827350290749,-0.0392952866163437,0.184408902942639,0.0417906188819765,-0.0358026720037078,0.182914787846775,-0.0631189055848381,-0.0485203880098856,0.0550487112060012,0.0736478955678435,0.244497700837638,0.0983451601903901,0.358843896077133,0.156879951621626,0.160447034444215,-0.117474990894567,0.0619584498794449,0.0109784303125461,0.201756497101434,0.139193301730373,0.214745040135459,0.0280425572821568,0.0102402952597752,-0.00803192429360317,0.107623707815589,0.103139823764742,-0.0169562804386995,0.233254457569216,0.0242030896302064,0.302551403360896,0.189478766614544,-0.125369239482738,0.0847595354644975,-0.0609514396094117,0.403529140213215,-0.0479439731975438,0.0767567612309005,0.147991704809219,0.0239136724395867,0.0230603101653639,-0.0221662311180655,0.00113227825182683,-0.017436501627534,0.173719162812382,0.186999096368927,-0.000443883942875518,0.187777460579585,0.0958388174074726,-0.152571807270059,-0.0732995021650915,0.215596422733196,0.243635820686089,0.340730286607724,0.023926628395025,0.238976841004435,0.102654036569008,0.0492040866484842,0.0340295268676677,-0.054214243484032,0.239211398007895,-0.127829626516288,0.37262591832465,-0.0309350949641835,0.0284779125574773,0.10181973608935,0.0169143212506526,0.0966937721378201,-0.0618194726387514,-0.0270724536944477,0.343673746361771,0.158937517941508,0.144527466764646,0.0835084909858785,-0.0182631344383858,-0.0469110471094182,0.130334845352274,0.243509966227093,-0.00124256633489843,0.014892379596526,-0.0501376314997208,0.0457050711608027,0.401945896268492,0.177621005371007,0.0176893079480981,-0.239956584761056,-0.0512847357761154,0.620940830537281,-0.0667065546783409,0.0367507325398818,0.0853852099193733,-0.135561769112493,0.0480154996237541,-0.0508070512154307,0.0753883414498311,-0.096110521455834,-0.0947186546137767,-0.047280536448335,0.196115439623624,0.0655989679899106,0.287563711377146,0.0590418929321368,0.222825370412239,0.0697615554287085,0.0213260671835122,-0.0659766019774033,0.046162863806665,1,0.306812786789742,0.251638163838473,0.061041301991044,0.338598915414124,-0.0930946924233761,-0.089771099771052,-0.0539378626851918,-0.131861208564538,-0.0147834070170435,-0.204292863401602,0.0947567801759885,-0.0189930945273022,0.0680911231537612,-0.140453373799352,-0.0395316224108726,NA,0.102484754785645,0.246067063950135,0.0940832068373337,0.270958536281805,-0.120245066657525,-0.0991849440744683
"ROI257",0.146785944459241,0.215253253529571,0.136658892625817,0.0979092385944323,0.12085886371749,0.0909843219033261,0.0431154104585043,0.0149353959752595,0.0447075835255579,0.0729675024237434,0.310117354536895,0.201351498331989,-0.0246878324187141,0.143605898837427,0.0121499091780186,0.281258704335071,0.213401970489318,0.103440938870074,0.12569464232498,0.312479479527239,0.270667138269198,0.0741333415492141,0.158001597322047,0.237525989678377,-0.0426537252299295,0.030995566326838,0.0419721070474478,0.107692863218884,-0.00879787668427992,0.0445967280959761,-0.185651313534165,0.233163578051729,0.159964465634251,-0.0564952790423005,0.372060858791279,0.125446982379412,0.119934083125877,0.133315954700395,0.0167337602657235,0.264912866271143,-0.0357043071657623,-0.0843077412604953,0.113243055081824,0.137186492371849,0.213210311097522,0.211864250987343,0.272149836734664,-0.0494223287820125,0.177268146484248,0.162266075211019,0.301369478913216,0.111037913160367,-0.0952125705671234,0.0928756754581159,0.0202018265499241,0.0307587753679786,0.154403444724164,0.078621705761431,0.0850332001314045,0.206317805506146,0.0142740625509762,0.173871640638067,0.202957686412762,0.0213204616815795,-0.0103975551716495,0.0576273087031396,0.0873715235055548,0.221462050497692,0.181415227168868,0.0128663457973705,0.0160450113278364,0.176818254338563,0.270445500924776,0.17873949231099,0.283833765899443,0.0173810419732895,-0.0356680801285353,0.157769321462067,0.0421312122718959,-0.022754186866968,0.0586712237249609,0.0888785836814876,0.138242550579835,-0.135712589823621,0.0655679845258128,0.348288445456353,0.106133733104255,0.101707401489803,0.0298883447095784,0.138153152952106,0.117649357913534,0.208289630920743,0.00555004634660274,0.164691171421172,0.224707501191995,0.376477027821683,0.0687419792476883,0.0237563479558166,0.222335309391486,0.113507412683224,0.0661172863116042,0.321505039789737,0.260833896436641,0.188595269089299,0.120798719437795,-0.0232058814668996,0.205772514299296,0.02967779366619,0.113402640017311,0.305379832451597,0.199161921123964,0.128269945355514,0.0171671201492832,0.173310415539971,0.00432519988766727,0.253602346233684,-0.126604621664576,0.269687585117838,0.0893318114682051,0.495927743647855,0.740601576059842,0.31915327379211,-0.0203839018147959,0.233205576592526,0.12593871626395,0.198768567015373,-0.157710396681191,-0.0671219429122257,0.0313394168914494,0.272667275248736,0.103324082243138,-0.145472791114433,0.0911551013711242,0.295691346028569,0.16914094385009,-0.0672773180421887,0.231296594300003,0.0881345962055506,0.0249746338102566,0.207063302886234,0.163199300021945,-0.0301415902137748,0.174461187953414,0.0903717852971756,0.142857552096117,0.161408218541134,0.364278910956071,0.166762688537613,-0.0843776178689081,0.282109359912738,0.126007399158562,0.258199135729312,0.53420982447216,0.0643066015623319,0.400189487717787,-0.0797476490463011,0.0540441294322098,-0.0350009515692187,-0.119168194369285,0.203004027800151,0.145590671099742,0.182985680714328,0.23976931966701,0.195323488380139,0.0883983505693101,0.0879266099812335,0.192254478593508,0.226311066452143,0.0211039549434885,0.285195565353913,0.137718660159242,0.142323937458049,0.0316871469173036,-0.0564866584603147,0.219467156335145,0.200471875719413,0.146362542920054,0.0760425318327757,0.18519631038468,0.147180318799592,0.0654131267567986,0.208572602867183,0.0315885247582886,0.413791870717995,0.178994567651884,0.264406430507232,0.217493505957105,0.174746303071131,0.176907563527181,-0.0949219346333746,0.0869601752387374,0.198848661342065,0.186273985770686,0.257107082449128,-0.00868258676154098,0.149395100902071,0.129057434376647,0.11029706372598,0.00903431053965881,0.257120619176743,0.304193759347873,0.0591268948518079,-0.117411937556197,0.260239912708009,0.089457596915295,0.0467868576360262,0.147360438152618,-0.0718044497379738,0.334046531368858,0.129330649506281,0.105574077640455,0.220006406985789,0.0918158839793603,0.0478296249468959,0.161530406115518,0.0755950404798818,-0.0112154462667908,0.128531840156574,0.0120515039146295,0.124205663466789,0.258103424952022,0.145163803484605,-0.106919910013914,0.0794078493340468,0.182924001861421,0.297901556000099,-0.0448782978657027,0.243184011898808,0.175993248831667,0.063187866122698,0.239222621802605,0.0620956856355475,0.174612625590772,0.00432005941604744,0.218548062105365,0.375660776507012,0.166243087614274,0.327178596424236,0.113261832985249,-0.166199094449403,0.137585039386688,0.0353802914435831,0.104491941949741,0.0514383795790536,-0.00372841277709435,0.00848480766303778,0.356773590709327,0.242178177382885,0.276939645997266,0.220442221944296,0.173577302558506,0.117859311236714,0.166387001415703,0.109813725348546,0.175780830004628,0.306812786789742,1,0.283309322487485,0.274912637817093,0.283443022200676,-0.0700387893787385,0.134707298746043,0.107959822418219,0.0739835083459973,-0.0279353298811162,-0.0641960208573267,0.2014633551387,0.119335599346731,0.00901493805009831,-0.113051313764352,0.0901464097919736,NA,0.18396929171584,0.21028649496194,0.0464541231005647,0.0871099170192599,-0.015015097687848,-0.0295597062287036
"ROI258",-0.314373604921629,0.561748478435525,0.140490199869829,-0.0375480703853874,-0.187076295167424,0.42733137045464,-0.101351668419605,-0.182235734162056,0.0512650620094011,0.325111379366046,0.169896232422012,0.266448268210529,-0.04147703722944,0.101659514882407,0.143398301492672,0.510770065758926,-0.128057745132262,0.169449573395269,0.218199566526665,-0.182248121560316,0.768317601010211,0.3055373577627,-0.0714741037146172,0.742647916153139,-0.0206688290754961,0.13710608332207,-0.0537453640025201,0.000719737174689896,-0.21553992046054,0.0817907513017187,-0.0703784144733101,0.0570929673183733,0.573550517747999,0.123809924117165,0.319524970669468,0.0964173950066966,0.431279706135121,0.297244624118315,-0.113516490088612,0.456459515475819,-0.0973581336274296,-0.0497448240863444,-0.067850636347258,0.374688459187073,0.100736589143311,0.585881300245148,0.710976292823531,0.235447453270042,0.116754216581639,0.0810124596574648,0.386040829807144,0.0889560662935564,0.0682571461725223,0.500828843955977,0.0183532887753492,0.270591991081959,-0.196268618286675,-4.47325135377478e-05,-0.187630900636114,0.0742050840883553,0.245549499077255,0.463453187718905,-0.0864097696637436,-0.249553082803746,0.19751909098916,0.524690376044352,0.0617381271875151,0.0884401930657146,0.532121922490297,-0.0849060723144838,0.0476991236482764,0.63664010797331,0.248359898488805,0.326448518602164,0.338998598498816,-0.0278835652251248,0.0752439453799472,0.406069683987537,0.295114818751146,-0.338793077700466,0.544996349366049,-0.142049438555736,-0.0756401041473116,0.281817630409498,-0.249833537774718,0.428085137126289,0.0949786370180723,-0.0475432167733473,0.0857395651751136,-0.033859840655774,0.143777392065021,0.478473076653237,-0.0131411068850508,0.56901526134814,0.0372888364407392,0.190714993723183,0.0715339122837256,-0.060663608165468,0.0458942670710253,0.0596730769078756,0.219611213090265,0.182193430441344,0.287020785442151,0.309202437037268,0.0734610444282132,-0.0598586469196795,0.491905791718829,0.0820516094412113,0.159367825593678,0.435078697149724,0.0647359570818939,0.0249321413853849,0.00761168504572687,0.289812463177792,0.143832686809511,-0.293466441455419,-0.00371234483800832,0.260485330379861,0.328773270604847,0.0804289738988799,0.232781239680969,0.454102124308923,0.28083211061817,0.172730007529014,0.48286531310849,0.355871587757454,-0.000715458072693182,0.010307342092026,0.080355509219674,0.405451477521061,0.51060532240044,0.100186994539939,-0.0734112861930949,0.0665062561178057,0.652283420484696,0.083609168686581,0.243372324863803,0.192805836958178,-0.0610805556541189,-0.0417095835913661,0.0957859712819365,0.00982607456627036,0.0902969318426155,0.189949771284637,0.387030606396724,0.219769497361434,0.456337250956641,-0.0342737576912222,-0.0595529737564007,0.326433952107048,0.32500525145736,0.666314028635025,0.0343081325479913,0.148521113456549,0.270592595380288,-0.000148121583503751,-0.11851699967165,0.00705936876563077,0.0558696408520039,0.37676447266376,0.165900827396034,0.286948576362586,0.352090030260625,0.344074324606834,0.0740735433856559,-0.0419212288160171,0.149193652017317,0.216461807601767,-0.0310248551037632,0.423383655025467,0.649600812040898,-0.0182396727889582,-0.0173490670810921,-0.11009619730488,0.217111967779902,0.107585449700482,0.230772151523499,0.208316185155485,0.349838806714974,0.355323145432727,0.199880583598925,0.467779570530662,0.112380208932043,0.218716751164138,-0.0810714106589172,0.728213444332206,0.365158749026722,0.357123210780518,0.388194404420117,0.367861750606804,0.129858988351758,0.624358100694651,0.477728694462167,0.775811798388388,-0.167155969106939,0.200995082181392,0.161100923289795,0.230335137552326,0.0274819622587032,0.582199585360845,0.498962249800988,0.0116306975250055,-0.105980964101903,0.75692819581646,-0.04342525907831,-0.211511851269103,-0.0751145111317331,0.113693550139899,0.0653024760745832,0.3768178266733,0.213421469686226,0.505880555252637,0.0207070693127484,0.122118796717876,0.288315655733143,0.0572482273509431,0.170273692039094,0.112838226625404,0.136751985856076,0.226980134832375,0.451927340965472,-0.0927028101227964,0.180204166248094,0.180782382110404,0.618963812764312,0.688738998438622,0.139075162672731,0.424559394453414,0.221537563772232,0.292290909175942,0.0448226932963262,-0.00557130978180384,0.263660422712567,0.282569275458478,0.00154966407574416,0.229927143369009,-0.0178247352633357,0.439626410181015,0.104696536757138,-0.377457573092318,0.209694225710767,-0.156595004881395,0.146032153414765,0.0766489085637412,-0.0551544480635695,-0.026581257893836,0.0420305068031629,0.535610470154296,0.765670425667776,0.257909577836917,0.511796051697252,0.134248726121129,0.0775040421376592,-0.0211868445159966,0.0351404486970557,0.251638163838473,0.283309322487485,1,0.390287429309534,0.13549710984765,0.129752099106572,0.0586113028444886,0.0812480654047492,0.0862641430798189,0.0913293103767902,-0.00271416470206521,0.589850496670662,0.0635706088425696,-0.142859834297668,0.166377183253791,0.434347721190819,NA,0.118700559599846,0.297779390042142,0.308019145393657,0.0616680567022837,-0.190860095448917,0.0284639338028508
"ROI259",0.0844244056251149,0.293777095978166,0.165705629624655,0.296953305047711,0.126018602394974,0.252715328814284,0.194858264286239,0.208850074584054,0.172568367324224,0.430633497444024,0.141800316618087,0.198355352926729,-0.0846794257317108,0.0301233432580074,0.344609191804919,0.192181763287704,0.253667599773565,0.30823134445786,0.260585238712483,0.0340167773072634,0.248673627129242,0.20719441207706,0.246182807661226,0.346256988857432,0.120877932676692,0.326601590506899,0.213660961209,0.306424016831406,0.192854061121563,0.115285228164868,-0.0568733961908128,0.254270139342537,0.340975583616395,0.371183588414602,0.278033736988956,0.347431219618083,0.0736968075984035,0.251280697226663,0.165743206430744,0.231119592002722,0.207349866162105,0.0859998269141971,0.000403695590644025,0.371904965511804,0.377747397676406,0.269857262848545,0.222797862899646,0.204753745790396,0.089024863078757,0.361337122549735,0.307568735942315,0.035875426956959,0.212351429271892,0.273553705096914,0.303250582335645,0.28114051198672,0.206301520918121,0.0488320494454951,0.147280428730222,0.158038548758998,0.166851477274024,0.5666059660759,0.0488912418747295,0.103745958153139,0.0605182968713969,0.27660979832172,0.100107035294996,0.224808623762816,0.42255383446883,0.0726091262905304,0.281398346998947,0.380035088062808,0.170870598271517,0.182004907881676,0.401330735314647,0.00386151619988578,0.204344881446155,0.252349748792296,0.176905119625336,0.141324509889342,0.112779171367413,0.173829031211787,0.195697366416303,0.352518825981087,0.234480192295232,0.337182154131854,0.336767368288512,0.0489896119722069,0.229706415358285,0.0996847986926932,0.165072053119411,0.194934266261882,0.25196843096482,0.486721091705123,0.274068392101168,0.326083480235686,0.301121696876016,0.0784433099994966,0.140957322495527,0.173388021136465,0.122561153653259,0.435857414552695,0.542866125204387,0.268108603230422,0.310980130738963,0.303367989253797,0.302782778234707,0.268987437884498,0.214494988477528,0.312893325156422,0.301974309664532,0.205028174118664,0.0882502555919351,0.112023674903505,0.293151167771008,0.113513997995392,0.300343593315232,0.203366107634526,0.100172078496853,0.313877827900962,0.129650491618137,0.408186957178577,0.230459472335173,0.236805722564053,0.211524230043169,0.203382878169417,0.0958559768207769,0.0497529603888814,0.0973865288857479,0.254464828224445,0.438200807994446,0.203429891693987,0.150012917296324,0.025649653790809,0.212556857112153,0.220563622352641,0.473462582761951,0.167715209344227,0.161314183614917,0.450985820643484,0.0642780913496167,-0.0738896598152845,0.310196150488723,0.191765071111642,0.545546575925772,0.420150610091573,0.461230747096053,0.360626140986307,0.149280725644261,0.175156441568616,0.268955817466892,0.356338670981701,0.295250921574045,0.374553967890729,0.294728350037356,0.15041587859553,0.360954006193797,0.102377574797603,0.0683373184718998,0.390699118771675,0.227917428655053,0.158522510764604,0.247642493053589,0.655957904163696,0.252447920823948,0.339700718815341,0.29879548116841,0.140038105158702,0.108582180098913,0.461008759260621,0.333465151843604,0.440705530384992,0.204958657280619,-0.01097498514989,0.159955467018035,0.0743030569170117,0.336183080155848,0.22498384418234,0.467140010633234,0.517553035818293,0.356581237726451,0.680297622729472,0.284385817978867,0.218806276806152,0.317006443804642,0.500093367233681,0.499511990772814,0.295537208323515,0.539385987779325,0.335926271039418,0.254545145806081,0.576646237111718,0.656674478435233,0.564235308582926,0.113594434192099,-0.0861837672630636,0.411028668542559,0.503584728301763,0.119905098626698,0.550825115389054,0.391925721528567,0.0370390110374861,0.241815715735711,0.325736563401173,0.326816140668913,0.191119871609,0.0889382277792061,0.257361329764791,0.248290752729211,0.559478419064714,0.206188077923102,0.525704001615516,0.216207246815529,0.342188449992914,0.500679841645475,0.271229300924561,0.27692140167869,0.33114988877307,0.0482520050932928,0.119744585213149,0.680040403484703,0.258166145954735,0.367129613136041,0.401270758254725,0.496348069254465,0.659729019574818,0.303973444566241,0.622007713472785,0.483862481003074,0.327945967413942,-0.03104856662286,0.300494397209568,0.324073851215137,0.384655959788647,0.321605406359496,0.203641675180374,0.435418633576503,0.528118418056878,0.224094123645695,0.0815352234767083,0.435107866291746,0.24693711129285,0.248787652131143,0.0957126931527752,0.157927024248982,0.207719994459297,0.37905288408346,0.610859227009795,0.346063318055291,0.380954180170242,0.53258562358396,0.232298446563422,0.296177709132844,0.410855867621394,0.321250181868001,0.061041301991044,0.274912637817093,0.390287429309534,1,0.132790197077634,0.18095802213913,0.381724199617442,0.18234394140392,0.357474774538758,0.201407643882319,0.125761069345889,0.593741824358074,0.214692424932868,0.0854206351673017,0.313609605742553,0.312129609297809,NA,0.251784060362232,0.445598580024768,0.450491860783132,0.229230913125272,0.1216358088656,0.318441525226133
"ROI260",0.183371858483802,0.0608254658288572,0.198817729205075,-0.0912745342140989,0.352270616899608,0.124502228517253,-0.0973710695260527,0.0843639615028341,0.173430527426511,-0.0503439675640133,0.633360604386552,0.297922411386751,0.0111945606883316,0.29998415846756,0.0872041723204377,0.34643803743343,0.275576959717658,0.0946281145644159,0.222069696551883,0.33918746699372,0.145522419307297,-0.0179056302248814,0.147873563221287,0.150984452646489,0.098196435827865,-0.0950367112944722,0.329878540431852,0.0520283705174162,0.0409533838770261,-0.0268923322872455,0.0417698809714098,0.0924523045913361,0.0164920671684772,-0.12400339885272,0.109054526882914,0.194403706270399,0.284834230104894,-0.0511130525925156,0.135003720877493,0.215935070064354,0.200791532959162,0.128895802033912,0.155466372776267,-0.0340284744790516,0.101305529212671,0.0482317065839692,0.251808532759032,0.0509879948738823,0.237304236749296,0.0986924011260071,0.101242328955389,0.58162287555849,0.119662922637597,0.31994115485404,0.183300762374204,0.0594482238648158,0.255755326091676,0.210881370494765,0.274571770638459,0.14732172978688,0.258503805173536,-0.00668068746878761,0.272157488296706,0.197571929403179,-0.0400869112089345,0.0503483766948017,0.410531681124925,0.0309169700679046,0.165411980111276,0.0474118705124246,0.201159165645278,0.0645716772896204,0.247042023569033,0.151132324118206,0.193322802755588,0.0375651437042446,-0.212259767682798,-0.0456199353620474,0.0645588887782849,0.0619675315583614,0.222113891859064,0.152603900706226,0.0847452541773367,-0.0772992678563311,0.149965293475908,0.0806145440544809,0.123898410656327,0.295053041995068,-0.14475515381844,0.149757738124893,0.320706886025075,0.345845214492744,0.051164982088702,0.160536356664668,0.178930051057003,0.274146505910424,0.0697147297637422,0.130502884902919,0.0942497403644853,0.272831103174174,0.275940779923741,0.144354543879499,0.0266826614161883,0.155487413475739,0.0336367593906119,0.0681395459175262,0.177391166323663,0.0566561599369075,0.098688365497216,0.153412282923761,0.0524798149877402,0.0433717583930352,-0.0127000642511591,4.97440064193033e-05,0.206367498051463,0.23216407046039,-0.0101263204987676,0.498485390419157,0.00656394313901656,0.305842234871386,0.332812815933358,0.0973746429662848,-0.0603993987862634,0.228057897772306,0.166527964677892,-0.00483759679285075,0.0213984723907476,0.168330181591233,-0.0205379065337976,0.108886078528648,0.00313214783605702,0.0498413547075966,0.100195938604567,0.0470035647229602,0.143202785131684,0.0325461315752471,0.33043974377553,0.381255629792552,0.0358811336876923,0.325113315030328,0.220066310726423,-0.0811339958312937,0.239452916937831,0.1388532451626,0.052151074298007,0.26416380592454,0.123715497973678,0.0832332397612975,0.260134936683029,0.118695883147798,-0.0671069253166991,0.150686886223774,0.150156165493939,-0.0873980580568983,0.610346172665328,0.113293087554832,0.0693365073109745,0.254950803694833,0.0948767999923258,0.295604265586093,0.34739124004032,0.220017758511409,0.233561522288364,0.261472079727506,0.0461051099060023,0.215210371968473,0.384509881399372,0.214110121838944,0.336513254273246,0.104871057605692,0.130046681459943,0.265175701751021,0.329823817267983,-0.0063652185943375,-0.137756024838377,0.065485490514088,0.375962289369314,0.0220333547894679,0.177123529719674,0.426250784428302,-0.0440397426525481,0.246471552605114,0.0321016363679976,0.348131719875813,0.0298544238564638,0.0824173756223623,0.332925261417185,-0.139178063493952,-0.0203197060231188,0.0602258608755656,0.16929049399317,-0.0616352902825066,0.121637201389866,0.086480405242592,0.306903719443731,-0.0269172582173193,0.139024874626144,-0.0858038593205785,0.0647474481600452,0.234965583556517,0.0469024331869801,0.249834362206954,0.110796887379021,0.270914754840897,0.16357580819853,0.240077067728938,0.250658195736616,0.0383203459704526,0.130797480852059,-0.133119003543071,0.185954846422771,-0.0551468131429009,0.152678442284711,0.096569018557529,-0.0377865468733,0.236819070971474,0.0764543692676644,0.0697135570687173,-0.0463711281532029,0.0203885824721982,0.181613312035307,0.168310460078658,0.0143401526630112,0.154730163741107,0.201598380392019,0.115524495487348,0.0509162635282336,-0.0213286416778877,-0.0486151229759466,0.235852049018028,0.195342473856631,0.180332375695466,0.320981669656146,-0.0962024231666911,0.127248849492172,0.272456306163038,-0.0146247740385902,-0.0603284837286841,0.293749627798173,0.0445518366600372,0.110004254478001,0.141058872401047,0.10188988815917,0.00428728268226408,0.0465534474959283,0.171825880868172,0.165792169604441,0.0180591642288462,0.268496874183467,0.127496552840655,0.262579745253961,0.158354943858567,0.0100016786391186,0.12611243974753,0.251414015754823,0.338598915414124,0.283443022200676,0.13549710984765,0.132790197077634,1,-0.099939119474707,0.0557261105208946,-0.0312056145694507,0.116512943262983,-0.00571363696254581,-0.106134881673327,0.0653249487549695,0.125989967170649,0.279451561633764,-0.0966016358938769,-0.00694409980191484,NA,0.439842283286321,0.161357043631609,0.135202885623538,0.432244763542641,0.152235146501162,-0.00641948890787706
"ROI261",-0.0194848421705625,0.0261424584993751,0.224892260909734,0.164851190780407,0.117963615973023,0.14970485518953,0.190974504291746,0.295179479970087,0.228644702824709,0.178524817784171,-0.038536838904661,0.135399385756854,0.194410031485945,0.256450712499635,0.20916432323016,0.0363057936938538,0.1612427535112,0.166938391701204,0.154695630219068,0.043718540949429,0.134176567214171,0.0387004378244659,0.176821784128161,0.196341038724592,-0.0288313059004436,0.103671170882658,0.228599202359453,0.187226724301949,0.226140315973555,0.509537549951576,0.163880876539147,0.215904383472189,0.0963842729145252,0.195876560269734,0.0648453434541477,0.242858646193361,0.198788602809764,0.065136557612313,0.250522136768894,0.258266354260255,0.136259369297361,0.280622440212497,0.0499223010329808,0.245070729452188,0.184500694256597,0.112655090302503,0.055370651170111,0.340099715352782,0.18053083178335,0.112378412782777,0.233712350917442,0.0524621117672227,0.33765246010655,0.179529844674797,0.330473868749961,0.136382506367537,0.2213320435708,0.343470514938677,0.0794492090965191,0.249998907482527,0.112198914356582,0.219862592141141,0.103746799326725,0.188425275771395,-0.0921065028107552,0.0184606554644347,0.0970493459770777,0.295734643112534,0.204819361965892,-0.119279364726499,0.29346330281759,0.121233731051144,0.0113642634807846,0.132847459423015,0.18537775218344,0.0940352289096051,0.221827788431698,0.0138022558196024,0.332600442605137,0.232982048627266,0.231171441069068,0.0232396914734864,-0.00304899587291653,0.295440161718139,0.188850895541188,-0.181532363497238,0.00184168824788432,0.0113079487936552,0.11064448249435,0.0305514223981562,0.10013859925194,0.116477156424778,0.154825751487159,0.121634865774162,0.109345740949772,-0.0995512325289393,0.227715113600187,0.212975521540535,0.176027927784808,0.136318763248189,0.229037137789249,-0.0304583719986158,-0.022280300335652,0.302259934258764,0.262976204563073,0.217295056480862,0.0844671708098292,0.234777250082041,0.151875599431237,-0.0950394654977629,-0.116242718178537,0.164546849601544,0.358267824626927,0.12727299075694,0.278200999730322,0.11122371802158,0.294033482889893,0.129060560592471,-0.0181654650683105,0.174611528311797,-0.0828615252483265,0.198804161558035,0.0271031936049988,0.171289374591681,0.188996846786071,-0.0312207107155861,0.165361964250245,-0.0186380228297425,-0.0327123681672827,0.0951156037657962,0.0229696787519142,0.279865965126878,0.232643172467496,-0.019501998931102,0.252207218308748,0.329135100668052,0.103170052583972,0.261792237272822,0.179858176578734,0.135377168081221,0.147471275111606,-0.148528559104091,0.107903032127388,0.417991353343846,0.060727806378567,0.143545885874409,0.0854112573770184,0.244398967870396,0.0507831791800767,-0.109810037627225,0.369136085891359,0.00247366957553092,0.0847213085678889,0.22008662234096,-0.0544927549257923,0.27472547362688,0.206318656918502,0.201823309634529,-0.111588095150397,0.165794021751979,0.182814082168397,-0.0391892545179509,0.215191574197482,0.357262928315199,0.201550207807827,0.240336338956253,0.141603601215755,0.234719354179589,0.156336908133436,0.279846618299164,0.275576761534052,0.152126191058543,0.158735715588795,-0.00228590189285819,0.270346997167976,-0.167119834520283,0.163859377183415,0.422865484225621,0.044263724740086,0.264288570456111,0.0400484206039167,0.282092302627792,0.278062757950659,0.121404513376323,0.241939662239998,0.181901740040387,0.0609042026695137,0.0979329940243234,0.0966164431432763,0.290530968095613,0.372436326516487,0.164530173684573,0.118285734064999,0.161577024823102,0.212990841765507,-0.0233244402074091,0.289742811624779,0.128902799265364,0.352687857573743,0.247693167201982,0.0383281205119194,-0.0321529668553598,0.207563681920187,0.110787768428068,0.22631945236184,0.148342386460728,0.254128875498159,0.211076747987287,0.0962919079105905,0.241863952185982,0.294850571359082,0.160364963678157,0.241165495192359,0.259917247083805,-0.0236649464955857,0.158639150044248,0.449789247727078,0.171119015890153,-0.126100750645876,0.203588256634708,0.0905652967791315,0.246423022056731,0.339182837729197,0.269721767748135,0.342014712381568,0.18941821032927,0.323096474854429,0.161022280791963,0.223250670875187,0.358365795081815,0.13818043453985,0.111843931410797,0.0911089691541543,0.261540217216551,0.195528478362999,-0.074906083800836,0.0989681510032706,0.0644710343845245,0.301640456947503,0.240227032308014,0.147782277727414,0.196106263084575,0.150401998713621,0.0969226240427864,0.297621362764014,0.194490814099072,0.110550798435149,0.135649111671918,0.0472996129505416,0.208717344157184,0.19113962212646,0.113005773406818,0.164991287064852,0.145642278166807,0.141877829032751,-0.0930946924233761,-0.0700387893787385,0.129752099106572,0.18095802213913,-0.099939119474707,1,0.243495061741557,-0.0191011496528224,0.199834015621761,-0.104085560399388,0.324385968966003,0.20458287685685,0.216380042753812,0.0736188039778533,0.301189065749168,0.0394414348460795,NA,0.199934523866147,0.223483701432362,0.333719398727109,0.0976515727043892,0.143543087841487,0.319058515836269
"ROI262",0.295866170101093,0.0433481652296458,0.2026538593014,0.670121023388046,0.501819846871671,0.0667578507252923,0.589315299454019,0.573876452134428,0.399402818494754,0.23453656022166,0.0861392489146913,0.263755495983303,0.144067794581413,0.15258257603289,0.699994486253573,-0.00364849561659051,0.591471760288082,0.670735351565052,0.0232362222596491,0.168209789843197,0.120812427992471,0.0614952598312369,0.517829227327537,0.187827044624335,0.0255450742690727,0.296857158329792,0.431524376076215,0.675866007951289,0.625839328684439,0.0924797565803725,0.116049291842587,0.753186776536147,0.0935987160573201,0.631954040521082,0.24806842848651,0.441275645607154,0.125299731738925,0.1417124950438,0.428762512826664,0.26929966677071,0.349795725509364,0.401854061934773,0.0307257009661144,0.429760394582062,0.704416112822122,-0.00864053859423981,-0.0301286845426872,0.531771394212018,0.229225224032168,0.626419208489878,0.343659826946437,0.0779717966567274,0.474901132605009,0.0924941603587721,0.60291517977046,0.536927663717121,0.504482416586134,0.358253347491295,0.390653543948916,0.351942905358952,-0.0790851382730117,0.36535618531967,0.284044099713979,0.489488062839806,-0.0108616935438943,-0.0223179362096395,0.0124444525823264,0.200659157912021,0.192697717086779,0.0975732499239189,0.5941855798646,0.0602572804787415,-0.0920954080755738,0.0703853997198518,0.364096508636889,0.0532571153484209,0.332661433949919,-0.00506064661514348,0.179926032182288,0.470307764396734,0.0265149285523755,0.211600766856436,0.372773407896367,0.476875204411777,0.616506877642505,0.0394474219775289,0.344494415408192,0.129319761494335,0.279098577630601,0.141087416348012,0.240825481634199,0.142616703644424,0.623630243867425,0.106412731884748,0.297149855150856,0.166819903975925,0.340309786232802,0.302877699669231,0.261619837536344,0.251790317211864,0.173568877046994,0.347821230915725,0.200270082257844,0.174208013589296,0.741181255571261,0.505050147374184,0.19141924429619,0.406812454385211,0.0190118266588619,0.00263422550140759,-0.00196409319135832,0.406935478781541,0.3502314007537,-0.0775235226959541,0.464458060475669,0.324391548476395,0.47228553671287,0.348085373697116,-0.00585976700263057,0.390113498876231,-0.0729974780110322,0.308838405323749,0.147530695926062,0.350934285886631,0.0818320893706344,0.0304622082114011,0.271401031125455,-0.0459995091986836,0.0270890000443532,0.152244438494456,0.0160599422112023,0.517943314129297,0.353860476094208,-0.0592212754266121,0.151164930198305,0.467376893319309,0.140763459428792,0.242978393546902,0.657411128552406,0.326282813243616,0.115225214503951,0.0507487598879489,0.287143088995106,0.179948127184482,0.3489363984284,0.4348987151504,0.32722990526382,0.730554591541161,0.114125219870014,-0.0666698547568017,0.245282275263449,-0.0352841840278304,0.422567451892759,0.713949383041711,0.0879127834832015,0.400329472908691,0.675316889056465,0.331350095439771,-0.00175842882080635,0.23429135924991,0.152373756686163,-0.0668656645574165,0.0951044685173898,0.346486256244132,0.418355465737827,0.491564524244063,0.393375753714968,0.281194210378677,0.324586832597124,0.270706420776665,0.401129530579086,0.564071127060767,0.341271050069616,0.0378506891332371,0.208139516912035,-0.167045706128256,0.372323627967911,0.305981828204964,0.14604707683653,0.272075289097774,0.363658037308788,0.377444441811531,0.729877546211964,0.112312252234283,0.510357861929124,0.29454111149827,0.29812402127511,0.0605079282277349,0.220218647246901,0.511953150733308,0.555328571623629,0.329197260017934,0.19517983220502,0.140257541461841,0.452258659275229,-0.286710258624223,0.528657675927799,0.359868252344759,0.457794820708205,0.37098915013642,0.232353148595011,-0.0213652374370026,0.404726239059122,0.198446996862191,0.477577642966131,0.518514801261564,0.310628099632513,0.465146563386607,0.118508983974085,0.538217802973168,0.166524484836184,0.43833965817051,0.461605704711442,0.483232689743022,0.192546871184643,0.226535271873527,0.466043183787482,0.698569968961713,-0.124199780092071,0.31325836524815,0.275668515883428,0.552954165128748,0.514825206600373,0.641309151339705,0.338779809349116,0.253304402969468,0.524252709084312,0.327937785435434,0.533050331295993,0.529780178027055,0.0600350354040838,0.347655833362624,0.330751531894869,0.545974729107314,0.521997283960657,0.0736539813769747,0.489713235173501,0.213923520904259,0.420826829858326,0.392862096776087,0.55251797745542,0.637295265842119,0.385019485244814,0.168856369976627,0.67851395122105,0.61275611766066,0.417607737488763,0.239233058347927,0.0777334703114257,0.339056427033487,0.295269781545249,0.260153729079215,0.651812265259095,0.614329864030728,0.668036502047384,-0.089771099771052,0.134707298746043,0.0586113028444886,0.381724199617442,0.0557261105208946,0.243495061741557,1,0.0108526397646261,0.712681442472272,0.0511480354120018,0.48645559617867,0.267221361684538,0.710983166357819,0.331182193316878,0.522342980860485,0.139280267798356,NA,0.218654302968216,0.282079420025646,0.545317413725449,0.0810259264247852,0.688889519584534,0.755537543223768
"ROI263",0.0196736029974871,-0.00698273192169302,-0.00241457472226556,0.0787908158363142,-0.00610173338757515,0.159556289606665,0.030806127857961,0.141741475377162,0.0197828430013583,-0.0165982929073305,0.0121076479871043,0.0111791115910002,-0.0835101726380468,-0.0708223660573068,0.143752094764056,0.0457706379039262,-0.0622142896299905,0.0907972789389716,-0.0690852518319631,-0.00395134224919431,0.112583100396132,0.0192958584457879,0.106881918235032,0.0116911734647356,0.477709569057905,0.0697952549859169,-0.0166503578251884,0.0422382935558802,0.144609000011078,-0.0626279140309185,0.0105289603142027,-0.0165553040199911,0.0286797739411827,0.1192157484428,0.0921857424642555,0.149594164956907,0.0819882137498097,0.185946287581791,0.120402096489436,0.117480131564819,0.216159611604615,0.0725471906359178,-0.142724010049994,0.0294656147815897,0.114244897460027,-0.0101659136232579,0.117916626017802,0.12800578560913,-0.0339705493255291,0.0392818527572108,0.0526014532344688,-0.0816595009845372,-0.00226747709366762,0.00671081093653098,0.0461012641298582,0.142276331694518,0.0895342531595587,-0.0100700930448691,-0.150122532542449,0.161612431733447,0.0239142363319107,0.0375122141511389,-0.152670030180784,0.0483982691105814,0.0433636404429277,0.0264579596079347,0.0568688620074222,0.0603748697215039,0.0499169333150225,-0.0636569911142708,-0.0444773905937405,0.0337583402269551,0.0760578441643164,0.0108888601643681,0.013750211952955,-0.0745883357661254,0.143095753611948,0.00332419611614296,0.00297962724966289,0.176534668120977,0.00467755193228913,0.105677044682706,0.0524914431589678,0.18417389089634,-0.0474364856500448,0.142618627386348,0.1105153155093,0.123798417780195,0.0767934545581555,0.0224458922972766,0.0392840278537066,-0.0520171641694834,0.190010766271399,0.0131688025771781,0.0377805026813852,0.0775192564119117,0.103906600458709,-0.0232643625294868,-0.0511085478591186,0.0295700484282018,0.0710492637277014,0.101550324429993,0.135769498157085,-0.00251059517012779,0.00732601994360792,0.165242823207054,-0.00449612084668602,0.0770318932947919,0.0216313790481553,0.118288385245043,-0.0155918050082081,-0.0633976739838299,0.0748819072458319,0.317790216595817,0.0134647033750389,-0.0012447370976978,0.0895288834481446,0.145391242257611,0.123605175600764,0.0682906951574058,0.0470660780534709,-0.028458772024634,0.00400857085479629,0.0232893805220417,0.0657875837577904,0.107845973422125,-0.0335468926982406,0.135629948915774,0.093826447692682,0.113368639418691,0.234768772387129,0.154019183453603,-0.076996784065819,0.0936960567085505,0.051302457538117,0.0892340488103685,0.0576736672014357,-0.114692888804748,-0.104927329654246,0.146747151281012,-0.0115627558823362,0.090168157937081,0.170516084485246,0.0252450467164831,0.0765682111084448,0.253372495976688,0.137550581296108,0.0254545848171781,0.0493375840917022,0.121080663600555,0.230927116600302,0.00994638231251847,0.136614049759775,0.0707960817642307,0.148596052292836,-0.0399619107969167,0.200538023952231,-0.0671059126658856,0.0232308423092088,0.112359126640528,-0.0232253414905542,0.0451502422176148,0.0282160467987273,0.168961495824258,0.108504916213103,0.153793705488708,0.226159169452233,-0.00845968186915983,0.0182097767385599,-0.0298296096047053,0.0785441312061872,0.028123727439654,0.0676776260458934,0.0160545222595109,0.159260140053943,-0.0724928397491302,-0.00611725416398476,-0.11368221575391,0.105695806015953,0.0199011120996083,0.0942197456146229,0.00818647646746278,0.097405071332431,-0.0493090655157295,0.124817866321528,0.159246615500314,-0.0424430665540146,0.047031928693281,0.106872950431784,0.129473525765077,0.16451011276458,0.141214026502959,0.174317794916436,0.11107694181603,0.0422880040217768,0.0601528433979299,0.0742090801877325,0.138429595828144,-0.0529653165402907,0.0739374431865478,0.0970460974998196,-0.0250541163683684,0.146014145937335,0.0842303052100259,0.0761598738830013,0.0241231207962634,0.0112945561843526,0.0102401307997888,0.0821896812826203,0.21609315865983,0.0158776543545044,0.187159217835685,-0.0408020071165716,0.206718246038946,0.21210618632906,0.035506907893144,-0.0333987591383783,0.116130689617328,0.0350790825587456,-0.0216281065286142,0.122243225052528,0.166638880264772,0.0960447109497068,0.140290445165497,0.0928791583512649,0.131541903919405,0.0332502410859576,0.115622296961581,0.158089088241776,0.0357063234028268,-0.10674768812428,0.225564122277797,0.203748478953546,0.0610108291895884,0.0753337812477152,0.0622615135319568,0.121188131654753,0.180647159579259,0.0568821034042267,0.194716772255338,0.0777033919925482,0.0791225568983718,0.0686159779964865,-0.110533186288712,0.0980741576409831,0.167663098914839,0.0956705968653664,0.0716086130455336,0.102002381567285,0.179978042075201,0.0589761975144465,0.119858689300998,0.010902330716552,0.088012988393158,0.156578620934757,-0.0539378626851918,0.107959822418219,0.0812480654047492,0.18234394140392,-0.0312056145694507,-0.0191011496528224,0.0108526397646261,1,0.0586709798096378,0.0314090462562908,0.0570481211533668,0.176162859781554,0.0776360524317827,0.0497854212436412,0.123388100425315,0.188193702403536,NA,0.275944709209671,0.0810066897822894,0.172581002493372,0.00966333517627618,-0.0539880426340299,0.0328303354467876
"ROI264",0.360888197392806,0.00944583807624414,-0.0384319325553804,0.494422613817804,0.563899317471467,0.0814438239161294,0.393962691683673,0.589921016007302,0.305825167145207,0.226709053449881,0.155583521798647,0.246581878903279,0.0949262552569178,0.104414174026586,0.646578424183895,0.0722919127576699,0.539987082515815,0.623903406651722,0.0410017749528402,0.152878875254051,0.101917373515718,0.220985607568488,0.418089125873038,0.108348670696489,0.0904527775081137,0.32444774422577,0.55929577387739,0.574767860651389,0.383083142027856,0.101065241444178,0.0484113445826135,0.464340121851156,0.215837537945202,0.557981058446188,0.289488654472683,0.324114488441143,-0.0201165286654139,0.0862699729829919,0.267217559023102,0.134098450488178,0.353332716407347,0.30062739706188,0.0924771466501449,0.466196141813492,0.618236817666238,-0.017865784557566,0.00827446431746548,0.37100000887974,0.283632893017047,0.621594583897495,0.314741351231164,0.204611294563966,0.485861341657215,0.193736076466498,0.460415222630611,0.540920717575694,0.464107139168586,0.341892969599442,0.457744043998922,0.219828794674175,-0.016902257384863,0.390327360548699,0.135538163642987,0.525702609287363,0.182936970675843,-0.0302069927789143,0.117912270955963,0.186714779868408,0.175447709459788,0.271967150907879,0.686211281994081,0.0321814602781854,-0.0985932899774341,0.170534309408478,0.300709127066201,0.0598480191328405,0.283680411160958,-0.0395663046976738,0.150269634348594,0.26540494993142,0.0633684339086701,0.318948331559067,0.463825302420713,0.456679178804549,0.639765477823249,0.107272855589576,0.450420402476915,0.1813859344446,0.349933402871416,0.259440146362863,0.179759997131664,0.201844226452945,0.584021036790611,0.0898592914443109,0.207943258254137,0.268516711730814,0.328951634188127,0.256487842618375,0.358687615299922,0.334058594619804,0.117237996524133,0.389410554149278,0.150612284430027,0.152710099443538,0.512933483611898,0.338466753001393,0.169576954276081,0.332962505846882,0.0477219971488933,-0.00706724319432173,-0.0227800308823286,0.368026320371698,0.214227900034723,-0.0500831836645204,0.453930559830829,0.231745101342385,0.423138798038707,0.311239873823703,0.144722849947465,0.29760537150702,0.0375310036240342,0.2577898570642,0.238340954571036,0.16969881968435,0.0748560084712457,0.0900073830163603,0.289454791984813,0.142886368589626,0.0614925945790008,0.0106629900945075,0.0533201103065503,0.398098880021412,0.446869296162147,0.0606500429197836,0.123769958770024,0.374946628992987,0.152437338868835,0.254659863765629,0.52204145617076,0.378788156467442,0.037940685318173,0.0903599808854931,0.239149914545287,0.213916169975423,0.24844561861793,0.397315903627687,0.271261401122942,0.604146158796992,0.283439098198918,-0.0381316090852045,0.161153234733814,0.160147775530347,0.250908445791156,0.574630203468558,0.137625918930241,0.374959534251919,0.560606493614106,0.34534166611668,-0.0282880907127848,0.238988028048977,0.211655121622045,0.0637736968776101,0.197728443620329,0.372269464391427,0.430201597730154,0.524895198422465,0.427067085622093,0.317228065653118,0.343216625868423,0.126098979135193,0.228600750546545,0.629847287240495,0.627125064553937,0.000959244918031444,0.0829481719131042,-0.0514814600531649,0.329070768011386,0.29449317054795,0.152393971055539,0.375587349444277,0.360923807122887,0.378406379746217,0.667377248993284,0.120931396954296,0.274592211551942,0.181806483302187,0.349447309845043,0.0183846587406925,0.147355035394491,0.422445007846357,0.450877452084282,0.260556844193317,0.248049149089421,0.126082516386739,0.543724289778608,-0.244676758938618,0.348920473487207,0.375486060763461,0.454562282002653,0.201346667585043,0.231210436291562,0.094965297864257,0.453373517465851,0.217913580516695,0.413288880527649,0.572498736668994,0.449554413980757,0.387790037548881,0.15645788035021,0.502246404996451,0.114300750443705,0.392458807255463,0.398106805455737,0.279209361009571,0.105924495699372,0.290555498723792,0.338655951989906,0.665389059001811,-0.0292268932092282,0.25072630339395,0.362800680800676,0.407438859001266,0.400080846347703,0.553071746123119,0.251230667560882,0.220694027175876,0.485748166403,0.243486119299009,0.466078482616507,0.575429038887001,-0.069788834579144,0.260665177903969,0.355353037671895,0.469828034983162,0.460539769167948,0.0956096972590976,0.504345520472876,0.261639935141283,0.436904304747687,0.24517459266888,0.516218945472094,0.662689780628985,0.403667319551195,0.150242323182084,0.677789167986255,0.613727553837303,0.305001267736076,0.189402246272945,0.142702713300231,0.191396059619556,0.274796803526323,0.270484520613464,0.40133678454377,0.668563971341236,0.545792219101943,-0.131861208564538,0.0739835083459973,0.0862641430798189,0.357474774538758,0.116512943262983,0.199834015621761,0.712681442472272,0.0586709798096378,1,0.208576252918003,0.274877804063027,0.169382207894455,0.720661917766324,0.44891911355844,0.473547964576838,0.237522297403009,NA,0.303245485819671,0.0791068933157107,0.392148720497357,0.265072650470349,0.683979402086451,0.578836453006102
"ROI265",0.00598575576553399,-0.0215830491247162,-0.333576738416521,0.245945781607383,0.0252225599274947,0.15230949169061,0.176050493206334,0.1455097482115,-0.0228746866066903,0.129885605023388,-0.0358412448959024,0.0695886331744203,-0.0555930671283244,-0.135285549285968,0.170030891176077,-0.0528917356046693,-0.0752033592017468,0.0916299037052142,-0.0687490237362472,-0.164397210600206,-0.0501658267593671,0.392013434850085,0.247507318607566,0.0172920337947574,0.115461805744977,0.420846601340183,-0.0202385914289703,0.207732601386829,0.096080896671583,-0.0630108297222637,0.0438215384194531,-0.0205540541435033,0.21496643750301,0.248855412042467,0.231743110041204,0.121115911535813,-0.148812084274621,0.22668700951741,0.0774711123436013,0.0041977502635145,0.0164716718660346,0.193386372049072,-0.0628411192551621,0.207021068928837,0.0597472646702193,0.0155165286514808,0.00688983596292348,0.0746774438317516,0.0467331326171309,0.197414695218799,0.0849434020052735,-0.0973957994005871,0.115878328330023,0.0128259953460691,0.00230499246658006,0.147581787287887,0.031959003639508,-0.00184979842590758,-0.0919390567308339,-0.0132724637795608,0.0779819563392902,0.284639935983619,-0.124343754794277,-0.054482365679907,0.439777811533478,0.115001069376156,-0.153670865280751,0.0973369698600862,0.0302890185706762,0.552978083307218,0.0192456514069549,0.101180381162268,0.0840436687195307,0.249005348939937,-0.0195472723989727,0.118183602834879,0.244686999509935,0.257002926584359,0.054378012314072,0.0750946201323814,0.0696706373487943,-0.0511552337337854,0.122593431753555,0.205116438172978,0.0664709298917003,0.277033109883839,0.279465534619684,-0.127703822711763,0.430945574714263,0.0471333730487031,-0.133823936312849,-0.159365591497103,0.116955626180832,0.0106379947821125,0.0165118654237984,0.338228721634465,0.207923085923133,0.14774635453125,0.105298598337185,-0.00133716665273503,-0.191501293332598,0.312899734171155,0.146894312563454,0.0669027825972458,0.0472515283121439,0.234927670538767,0.0555413781277509,0.242713211080363,0.0693899300913985,0.254140629577523,0.0486576244595385,0.138031436771605,-0.0596905455226374,0.0888665853038564,0.181036883728935,0.00319996537135861,0.241848001179514,-0.050979925287352,0.413447867287263,0.150116068586139,0.0355863084272342,0.116414223492466,0.258945363136827,-0.0932113562859801,0.000658832461041372,0.183045480906519,0.149981061303879,0.158394287783096,-0.0547985987704933,0.146065632607209,0.176957920588055,0.146073065699857,0.310801512840363,0.168917608233201,-0.0915400433129559,0.115344795078999,-0.0510061905205902,-0.135644532323837,0.010395920507803,-0.0196960470354923,-0.0916747309339072,0.0911068846949745,0.0876890914763326,-0.000723576600158982,0.244581144036148,0.0637675437956402,0.187233459506771,0.109064878798387,0.138955080307154,0.166097752674174,0.0777004157366537,0.07301766453549,0.167761104963287,0.149668253762235,-0.00607863495709284,0.121762241354544,0.213566664332182,0.0351908180257887,0.191939990405559,0.157391924462099,-0.0626243975674882,0.0421669903334351,0.278401366148729,0.117958471588038,0.201939144315499,0.147587206716642,0.161643519596827,0.0391998777138253,-0.0537379433225985,-0.0428841784508441,0.0388369124501471,0.175149715316197,0.0832026989341786,0.0491624959493316,0.046527710086776,0.0135688415549569,0.1244777721631,0.150125509011688,0.185051411981507,0.0728449140137248,0.488003818434315,-0.0115025854999172,0.129282288154989,0.00112591133277653,0.170474383370425,0.102199173538694,0.100351022165371,0.186662520157748,0.321443298323093,0.127768100711835,0.121242872948651,0.228860304470476,0.227348473195966,0.207013844048838,-0.0770242173280503,-0.112973403699472,0.177425335557196,0.477092335368659,0.237231722917344,-0.0413414407573078,0.206368204647683,0.0507228095195697,0.185113594990364,0.031013427961615,0.18336728641898,0.023835160742264,0.121335347264769,0.174797835818597,0.17266428175493,0.301182139284129,-0.00593825586638447,0.330171426610921,0.24279468004143,0.144628329701472,0.278009557053901,0.0245293176736267,0.23696744727828,0.123479760283044,0.0693248982607299,0.0889515386569045,0.192970911178836,0.114282820066213,0.124049424166787,0.167499572225469,0.0786067112111619,0.231547520396767,0.161390611937317,0.212400655569593,0.217481257907034,0.0784237610256209,-0.0404294425177207,0.194259005084677,0.197562371582632,0.243139372223224,0.196814672215798,0.151045415745569,0.11841418612571,0.335048279790502,-0.0409675452773253,0.022290695762975,0.104041955581176,0.117191664256879,0.22261713285868,0.259946593421302,-0.041126613977113,0.0397306434992898,0.173194383690753,0.247564358196167,0.00970672699072717,0.243546286216356,0.148918651358853,0.150472114912573,0.138114726267227,0.235187031650504,0.03216104436319,-0.0147834070170435,-0.0279353298811162,0.0913293103767902,0.201407643882319,-0.00571363696254581,-0.104085560399388,0.0511480354120018,0.0314090462562908,0.208576252918003,1,0.135968442746806,0.154543633639237,0.0274488906429279,-0.0880267068607804,0.2030381918751,0.392665917915732,NA,0.007925979617337,-0.37257828870168,0.096188606052077,-0.0113971663240358,-0.04380735112927,0.113973641823462
"ROI266",0.0222548826631092,0.020938445210406,0.151276957855525,0.478996162827479,0.238052210075555,0.18408905273449,0.489611412148747,0.351441755122064,0.216207128702203,0.185761203084959,-0.10241777585578,-0.0399661410791439,0.118632610209783,-0.0384811350799298,0.39756656643048,-0.123038662954384,0.280318655879839,0.432908480636303,0.0195350454173589,-0.0556701724685058,0.0737982450760931,0.209927930072869,0.414127195965711,0.199083759346908,0.0538040281372578,0.338301403346051,0.126586486776643,0.473504517276263,0.401144695664341,0.249754676210167,0.100618829905288,0.462698205973003,0.126915616189961,0.472755425482125,0.171264606302501,0.248206081308132,0.137001425805171,0.035042932452372,0.263524589315224,0.190125965565329,0.0810832969078167,0.54578068111587,-0.0551570086988275,0.454194311297725,0.327288472727777,0.0784429168273111,-0.0593454755250208,0.370592933792261,0.115051118152311,0.32449633997546,0.348791680731922,-0.0449357827501645,0.256565726377704,0.0159883177294422,0.343085483225849,0.275815388110746,0.315149202024778,0.349083831223249,-0.0128538807720608,0.294362122737319,-0.184404515549485,0.363656005887565,0.123590650640594,0.141718742849992,0.0619852147807027,-0.125527212173325,-0.0993162368559259,0.127827902849676,0.118926154121374,-0.0304864495607917,0.270483071536351,0.0715934015188665,-0.1989493416124,0.150768977527186,0.23857277868228,0.0473881013872393,0.6224872248517,0.12761292988308,0.0876052329992371,0.387471924765189,0.132435946321855,-0.047291767083595,0.168242647415371,0.317402306952667,0.272875775746459,-0.101935709364698,0.25732475933568,-0.0594953011559482,0.455155529557829,0.0954986627514687,0.190547881747388,-0.0601266992992975,0.345922402412782,0.0580969277950698,0.0997446485534867,-0.0499992258508506,0.136377483574839,0.0838133189683726,0.209039408216905,0.0604596150601178,0.0775114343986658,0.0992737773757583,0.0411314761936518,0.0508813923593993,0.489097326618278,0.353322697697498,0.107226250416984,0.153818375133661,0.0426318211126817,-0.0913164439637851,-0.0951070309656526,0.249813494087173,0.312718810895172,0.00178226856723142,0.349322522150595,0.218106226887468,0.219782934577432,0.15370381715102,0.106426403347037,0.193525384113159,-0.133543785167375,0.261350258087587,0.285368639861904,0.199212097940195,0.0877983267149158,-0.0967370100993829,0.265143873585611,-0.107649730564984,-0.0239191809929437,-0.00117818493606703,0.0560946944911591,0.332184623619153,0.410906025049995,-0.0390712180668869,0.0020450106167633,0.395257434007735,-0.00997178216533408,0.0496040077742605,0.357750734330023,-0.0183946640359111,0.000918903102543682,-0.0885021673826426,0.0631067103093381,0.125004006081733,0.24729354234327,0.110272416025029,0.193540104481462,0.382622623137263,-0.0652372121546372,-0.166538949671645,0.213521193357922,-0.12221860648185,0.243192384828764,0.500047327631637,-0.0265369390503648,0.296002273932381,0.346883916195358,0.0912984287060646,-0.00374685614476793,0.145538452783983,-0.077642860036337,-0.136527925713915,0.163412153441435,0.149022259185725,0.211916499211658,0.200984196992795,0.168046790205314,-0.00374365426354765,0.194851300369638,0.185095218581078,0.330536423709467,0.19728164045352,-0.00200902366875685,0.0234886093253236,0.175720464105113,-0.0934623732293108,0.184370588615211,0.218056028650716,0.0688621143130626,0.0770349510185641,0.399807813012703,0.148317749301488,0.467801562107794,-0.173314312663743,0.421862785921719,0.303069822234125,0.0195978696667675,0.214178428471293,0.282394814340768,0.291242636366872,0.5630144694259,0.367062993586624,0.0654550414654208,0.190183300969292,0.152479752933888,-0.189678300227549,0.395315824262161,0.38062959973892,0.531598229504667,0.237059624550626,0.140022710012026,-0.0703902205684468,0.238136600346119,0.0986656114687997,0.202866712446071,0.173021499557142,0.0709070036651195,0.308608827284643,0.0837457722291357,0.577517709503142,0.0595956207047791,0.461863852432897,0.434268835736342,0.352311436230806,0.203040042383581,0.00452920067740626,0.547660382632768,0.418162995103136,-0.0886473467026994,0.0955896969013525,0.113110531876776,0.404456544482531,0.333457773302336,0.329551841849135,0.30396908437433,0.186661757280387,0.305528086315893,0.253418921419922,0.4661789987604,0.215867106641231,0.0355783838614008,0.184858740732722,0.349507109840694,0.625513638677547,0.382384628503905,-0.107769054460759,0.206851475956509,0.215331069118981,0.186611006532898,0.326066574906805,0.322426208715964,0.219653446928248,0.192353974494604,0.390444119239108,0.419395627846388,0.280667326419269,0.215419251254918,0.214080391155611,-0.0889962917597891,0.27802728916057,0.207816191443737,0.05694905345631,0.489522004358379,0.26271960997916,0.240685142529473,-0.204292863401602,-0.0641960208573267,-0.00271416470206521,0.125761069345889,-0.106134881673327,0.324385968966003,0.48645559617867,0.0570481211533668,0.274877804063027,0.135968442746806,1,0.244969391197154,0.352873598512092,0.0697501578090858,0.450525801296687,0.222897493495983,NA,0.151739985826732,0.0889156190400174,0.396578571621319,-0.165552338410707,0.236541310114952,0.583592163613634
"ROI267",-0.0455557089843196,0.497360075395574,0.25141295677836,0.320945733987696,0.0167198497331879,0.387730284170678,0.185172363521614,0.00840488191208234,0.120018405595799,0.336230210988139,0.00962774598449315,0.204964660137337,-0.109322203148059,-0.0684778851296352,0.234297718164441,0.0989430871052473,0.0635882729489383,0.288585477036754,0.122056762637881,-0.0194989099240444,0.402867827260883,0.247516368501811,0.189643048367452,0.529574311347889,-0.00482180978758176,0.320217141303731,-0.0160648670031595,0.260887812229151,0.191124392320228,0.0716268806520871,-0.185861881478107,0.281899698959607,0.387483066686317,0.368144101443877,0.372278738890957,0.260561720782285,0.430067804285902,0.380284681977528,0.124138233914818,0.378878771029364,-0.0181157257811539,0.129402114968887,-0.0247899394319937,0.389671977335186,0.231815045430655,0.537631391306674,0.254634661764239,0.313448955257752,0.038865462981576,0.341033204633152,0.377822243163719,0.0563436149487906,0.102349247448678,0.361331982762125,0.178113610683326,0.28329178653127,0.0126783220625292,-0.0539318325817167,-0.124618069191489,0.169264819288949,0.10266645341079,0.417331153919163,0.0563375343842658,-0.105120213158226,0.146938096763296,0.339083540813217,-0.0797100249530184,0.0440138746123439,0.601003128253962,-0.0542514030715332,0.15875978049561,0.470358280488634,0.271666460570376,0.221250521797891,0.304600538310759,-0.14785151916145,0.322841686699884,0.454654089109981,0.245946533140317,0.110874843640169,0.419996024908816,-0.12177228899818,0.0142984189145955,0.290055973495385,-0.0292068354496461,0.493018596958524,0.218649315534215,-0.0471875306536805,0.224804648681218,-0.0116033472950551,0.259001716723126,0.0980662733945696,0.198600015423676,0.346871956041292,0.129551220230824,0.32482285571548,0.149879118525429,-0.035188150719998,0.00414870138357685,0.0244343389401772,0.126677177472381,0.398881655760608,0.469172067393047,0.23723640957062,0.248612088462662,0.232208039077826,0.358037618622542,0.252969322329016,0.157981382645669,0.513751381800771,0.0986567742675276,0.101052454143097,0.0164821929119552,0.109410428503866,0.206060539799223,0.0790340250312187,0.0788809560084954,0.10724846029306,0.300856044043449,0.241881193058922,0.0427583404214103,0.429144950821001,0.33244924721288,0.341950071872287,0.225003361647235,0.361702327696323,0.0153451490476734,-0.0481560828037829,0.14837482055232,0.433899912205158,0.637892404564515,0.222758037991546,0.0355420311357713,0.162763145562627,0.264809020067163,0.212145137974944,0.345840834394521,0.072827145593372,0.155432582058154,0.0798427788078189,0.0173597227594643,-0.0740376496047964,0.362243220372773,0.130019781186232,0.55492638826171,0.211937853256999,0.652759108803661,0.147174814420342,-0.0478676997098795,0.264405367756623,0.345377768561047,0.345518381083327,0.221007012836035,0.330011834435109,0.227479214299383,0.0640117480732572,0.198566889718365,-0.0125379775865778,-0.023663063880908,0.376748541244959,0.0866613210612253,0.120018946517547,0.358064333395699,0.414208838671899,0.125220907678593,0.116146353815703,0.116154577776249,0.0965154806111243,0.113995816396524,0.426591002752568,0.596640835963462,0.218448453745963,-0.0279565544201996,-0.0336438196357189,0.131469046665084,0.182034685839753,0.409285164882381,0.152416170240765,0.497547902024496,0.363131504848725,0.406138065415308,0.542746296888416,0.223238684667393,0.118258086592185,0.282194404342597,0.647336289534125,0.471666122283194,0.394259821724777,0.662110313873491,0.330011171904072,0.304396419883257,0.677170065618431,0.541091232366851,0.707276204540432,-0.150745971142894,0.0375505297861968,0.440686134981967,0.41909976846061,0.162956876755191,0.740058049919594,0.465830190816227,-0.0302919038588022,0.0928686489816642,0.405068522204819,0.145992198436314,-0.00390529213609206,-0.0589393082162757,0.246728981622158,0.167775968169729,0.513005940221818,0.130640569900569,0.623027235737227,0.179841422509556,0.410376262530251,0.551380719860509,0.09910076082821,0.374635391154406,0.240907249061669,0.0601497725853364,0.186947617471217,0.486507785310407,0.212488626968526,0.254615254580317,0.30921302033537,0.724398595039324,0.793232373794642,0.260036919804605,0.702001278172088,0.465460148906984,0.200646827881009,-0.00666590795873376,0.231348406122752,0.370457526288214,0.444859749683479,0.257104805592982,0.257805632890294,0.187147662654432,0.570930330802987,0.143430343664815,-0.0472712033367899,0.251554263406737,-0.006689164297989,0.194474885292704,0.246767919470985,0.0564919878083779,0.0829472634669037,0.331785705192671,0.786072406275312,0.352429581547511,0.493294480041433,0.558678633478808,0.169661758771371,0.334357382823269,0.14476548852712,0.171254638356287,0.0947567801759885,0.2014633551387,0.589850496670662,0.593741824358074,0.0653249487549695,0.20458287685685,0.267221361684538,0.176162859781554,0.169382207894455,0.154543633639237,0.244969391197154,1,0.128342353982384,-0.11670506304861,0.269250513116309,0.54516075644848,NA,0.207014156526449,0.387060638232582,0.461016497263708,-0.0163957291362267,-0.0546985294005268,0.274042308356432
"ROI268",0.368146865982435,-0.00168091176833934,0.196628866097063,0.518348467139797,0.617888424749912,0.106015392256819,0.394380659800104,0.565898824392401,0.378790018598018,0.190874929078439,0.159319481401816,0.297274502720404,0.106075974669397,0.216429726418071,0.749298164167501,0.153086583472882,0.657581137470605,0.787560535937972,0.0145432979083001,0.266624826131103,0.192498579542069,0.0452889420377275,0.455598998898356,0.204956999988276,0.108590122425124,0.228933592523663,0.578050434209161,0.598549188682281,0.462360912752772,0.0148268981101436,0.115928385678286,0.548466236331483,0.166544979125509,0.496950121485049,0.329410969852424,0.375703158820269,0.115787861054751,0.0410278016884855,0.416264454758378,0.297249660806522,0.388925411270779,0.346633467529855,0.0413818338773033,0.520382193416525,0.621403235797312,-0.0480548633497402,0.0811434447399277,0.464049879897245,0.30822846310049,0.638999694822647,0.369718946141318,0.149042290308147,0.490414862047165,0.186844857001286,0.529942277082296,0.716986505448821,0.511733087612072,0.326508499675657,0.44496709280917,0.337769758320403,-0.0509763701427225,0.272200393015712,0.260964087381415,0.516493271557492,0.00928301226625997,-0.0840566657794496,0.155108243608291,0.0626437444995988,0.153945929300949,0.132548781119153,0.631448765071042,-0.0372968007557523,-0.047294680568585,0.0352381915749695,0.46785297683232,0.0212528305583784,0.239370236055308,-0.121989379011017,0.185270065933088,0.346932521063492,0.113406448113151,0.330774311445484,0.499880776948753,0.416139936258438,0.594541419776579,0.0640176053271927,0.379091722344886,0.207048708431876,0.221486779367523,0.243749952943669,0.217340921012805,0.243983671898665,0.689233219430296,0.0926894781980259,0.300738012169197,0.193609192415475,0.307550073132665,0.277285330188335,0.39710477437275,0.355957718526567,0.260844625415962,0.338923855527849,0.036011475850744,0.17219197743378,0.529575888430139,0.349700960331395,0.159363079639356,0.387735126461062,0.115994970199309,-0.00359950399687155,-0.029037341768069,0.399319775174122,0.329617058458236,0.0272721938529214,0.447682440492605,0.326001273721693,0.393055318754355,0.401347139154636,0.0183524389004282,0.356761725672009,0.0238094592089865,0.296064893662948,0.169988461145309,0.309102624009935,0.139527702240152,0.010886525013257,0.249411472910594,0.0613675332352674,-0.00911846620766322,0.111893423994466,-0.0398279230860434,0.481067264599587,0.39058016975431,0.0475593533138024,0.213558280800475,0.389401484200529,0.104753213915531,0.282691832531208,0.573197753523777,0.365069173179113,0.0732561559354121,-0.02869328172809,0.295293775549343,0.157957004216547,0.111063515032381,0.452197578257551,0.286319964694992,0.643905351569044,0.241982347943402,-0.0552702054394284,0.137213310894007,0.0355421651739945,0.316162527965831,0.646110165558924,0.115294348059645,0.38381332922258,0.583728546991807,0.309732486368041,0.0282829898513064,0.208968612436269,0.231711341956472,0.0657686837024759,0.151040460008421,0.362956424296432,0.358305766852167,0.552072623422966,0.344990555616643,0.342723142817193,0.368554195994023,0.179763832226481,0.300753945293481,0.536323330050503,0.520830037565652,-0.0488280521245837,0.102439412091209,-0.214235097457404,0.358336445404122,0.17848894208837,0.104980388774884,0.305445613049753,0.246023094402932,0.308384637916536,0.843940142388776,0.162412093541878,0.367824803875084,0.162118316210298,0.148680924660926,0.00400704969170936,0.00111072020982719,0.461527717401023,0.522527796271301,0.170366270152738,0.137997016317673,0.0694115987839107,0.643993963581467,-0.238221564776854,0.365966041786189,0.229224104576357,0.450984969650519,0.26758563233943,0.214855646888066,0.0562463018447481,0.405580765014627,0.241138779321952,0.413494876864942,0.630845229416228,0.446901387674018,0.381699447725283,0.12960401156566,0.461935164253906,0.112090717287273,0.305382901037932,0.446373855943078,0.367298700670412,0.0138609045341876,0.23596233239892,0.331419090825646,0.839666219806995,-0.0853867079756059,0.23005104693858,0.213697411151289,0.511844728273226,0.418737086112648,0.59816367980598,0.261323315611877,0.132385406888468,0.458190790445781,0.10872234769904,0.442953001756622,0.56998371935685,0.0922226728990555,0.308621009693943,0.298207441845515,0.414368542581753,0.441708459734698,0.084319548635341,0.495264872467923,0.174025286504861,0.449896831065412,0.341236514291176,0.627783272552103,0.644637486892478,0.414209427573776,0.130918597291108,0.85813141035444,0.749957374570179,0.329639846463098,0.0113010742752723,0.14301824410292,0.190765282918301,0.216142944249227,0.24735645608583,0.44966098661036,0.597749012520164,0.614271324736442,-0.0189930945273022,0.119335599346731,0.0635706088425696,0.214692424932868,0.125989967170649,0.216380042753812,0.710983166357819,0.0776360524317827,0.720661917766324,0.0274488906429279,0.352873598512092,0.128342353982384,1,0.508847202747009,0.41231869946344,0.102250519571508,NA,0.240625182112374,0.22980327107355,0.497635283522438,0.234171912677871,0.681355692359842,0.637805663322095
"ROI269",0.420930591986707,-0.0945781983666559,0.112952280617956,0.159936418218743,0.428549600569978,0.0174502662382792,0.112970366548882,0.403935318298716,0.344325613446178,0.134047183059104,0.355208077672172,0.188631128753807,0.0660155142566413,0.233570351072595,0.453272452569922,0.330580211267377,0.628762371499831,0.356106105864597,0.0900375105560614,0.394352306878845,-0.0770221220364859,0.00404564351785264,0.149203879263957,-0.119158723433416,0.233035460951818,-0.00627276947735571,0.763511731595563,0.266873629793214,0.325593531299571,-0.0211693481992472,0.104989511126508,0.194511817002535,-0.00600713441276481,0.101107054037839,0.141525492261475,0.405248858764994,-0.057617465432987,-0.141533180998917,0.347165690176158,0.115363231014112,0.480209287169903,0.326233687215367,0.16169055625622,0.120598011412642,0.373174081577854,-0.0947696340978574,0.108033457103252,0.134170525894558,0.323456779275085,0.334846203605624,0.120673180681124,0.363301002501876,0.316255749713626,0.176141320069235,0.542290673387008,0.366525311664493,0.315526305780543,0.333041747108399,0.695609615610104,0.235975986148313,0.0896595705213341,0.0104888385070163,0.397613213325657,0.652146498767436,-0.245414029015724,-0.134195345252469,0.550047836052181,-0.0213095151790089,-0.0517381066397073,0.0740176935321514,0.577063654459423,-0.157217315466387,0.0318948676253065,0.0353953402091666,0.327834335988794,-0.0193565825797737,0.0448681174719041,-0.425007727011326,0.0196178677950232,0.272496963419009,-0.0498175559380061,0.72454377820957,0.551573451676887,0.208931880547743,0.481048128907619,-0.0872720711240904,0.261336922409506,0.555751969791826,0.0301334279176428,0.21698227530436,0.280595568277216,0.364136906725449,0.523225528097405,0.169272386415391,0.422060748373966,-0.0188066394526976,0.163225192974411,0.25288379780924,0.311479835704913,0.543973078164945,0.499658469140342,0.114412112086179,-0.113942891549053,0.0145300207051302,0.228422185949849,0.226373214430189,0.0694965736192999,0.15415519762251,0.14586581055007,-0.166058323701236,0.266402451968857,0.225987664956683,0.0853655203261586,-0.0243010608806632,0.389891785958521,0.358075193333217,0.360737609035792,0.388632778841071,-0.180624195669226,0.167874363869406,-0.0300184742319175,0.0718988035025495,-0.0731979305212396,0.189371319396554,0.149209839201669,0.0162021603656099,0.216160112964827,0.235013041630731,-0.00274437690683026,-0.0763956660105103,-0.216136925806768,0.380032363793853,0.326504354685255,0.0987454157132754,0.108459173644348,0.377919068548133,0.330770073495172,0.471050266850179,0.425892382948597,0.645215626716327,0.109863985189183,0.0188640780528081,0.38155753084281,0.170668029118394,-0.0879424868420514,0.452716043721622,0.0424598649913371,0.273279541417681,0.546526775854043,-0.198823411463937,0.0370925877482873,0.0467993310879661,0.138017475112852,0.188791188143834,0.133568580634516,0.327502155261514,0.367537159772951,0.36857353695988,0.196217647993757,0.33475399226924,0.471278491559538,0.209134653386649,0.0894102114015753,0.432700296475445,0.205689548628557,0.447605132810372,0.390273231705023,0.202797458737296,0.526885708089437,0.0939615983245223,-0.10384613960512,0.524895499538,0.718587857856595,0.00081522125194339,-0.0696468036862302,-0.280032223546848,0.253194827019303,0.0514419888599798,0.17981434713603,0.500750911390789,-0.0151650552494753,0.152824607363697,0.416023553140398,0.183481873264484,0.210938565634197,-0.205276764794826,0.16876169694685,-0.18724979433298,-0.221566146439488,0.322398503906709,0.390770552735272,-0.193795215883776,0.165189177274953,-0.118570000636355,0.589835341847354,-0.216427494614478,0.160437081919852,-0.053885924931704,0.254497719766684,0.0130008296435357,0.0580980574393256,0.131565386606092,0.519459402475262,0.124642396417871,0.297355999160592,0.597217699390526,0.447799397183439,0.260750957995213,0.226299215480224,0.0423723807583482,0.108553365915781,-0.0616131388104718,0.268231868306002,0.291075221764331,-0.101817937548015,0.480124406705597,0.106539125219861,0.493218568219821,0.0238593668488005,-0.0178402930151901,0.292342134404147,0.320251764632715,0.401377560152492,0.41218044435262,0.0511486391304578,-0.083275592193565,0.223972017253019,-0.208098367317148,0.177143496909293,0.501227187449534,0.168662532306025,0.380158187719343,0.191348961982498,0.0251652641853079,0.177950476282212,-0.0247018408879376,0.473536568070156,-0.160117274313883,0.419639948903152,0.389623722824449,0.408660926195896,0.442738367345127,0.185098158607774,-0.0144281477960652,0.511119081787585,0.618200124154391,0.206530377392026,-0.25326798969178,0.140960189258583,0.144544065881741,0.146777487544079,0.134933738984105,0.0837594796863799,0.235759789684974,0.374515320047201,0.0680911231537612,0.00901493805009831,-0.142859834297668,0.0854206351673017,0.279451561633764,0.0736188039778533,0.331182193316878,0.0497854212436412,0.44891911355844,-0.0880267068607804,0.0697501578090858,-0.11670506304861,0.508847202747009,1,0.0795595207487889,-0.118854512018898,NA,0.284979936219898,0.214968728856307,0.277625079126245,0.623925046750302,0.560153533431555,0.323032764586471
"ROI270",-0.00438083268649327,0.0847284503779343,-0.0146177368817925,0.503181647500458,0.272954859890321,0.159958937872545,0.40125653292338,0.433197074215808,0.271970426687402,0.182584270730187,-0.108518983180514,0.268833057083063,-0.00367644993459724,0.0676144950463373,0.437219804352812,0.00666819143858247,0.195080744310063,0.446114724843669,0.0546879394852751,-0.17211466361266,0.200550116237843,0.219376330726557,0.474591218771652,0.300292839518746,0.137710312853498,0.335525087716848,0.13839315443282,0.484560607914373,0.378496192001101,0.126811599256029,0.0749801897907268,0.39560634578066,0.298811636724729,0.592300881398267,0.260712333967749,0.479358648453116,0.0421543385421143,0.176440238836732,0.320405597240161,0.209838313750705,0.287228338964517,0.354454594217541,-0.0853552743259665,0.551390859262911,0.559310007408192,0.104630532142351,0.0467281469941719,0.528833707768755,0.0889460699549285,0.424424895599514,0.211064178980255,-0.0325331183876643,0.673493911328927,0.115361185076227,0.315059014275554,0.397950885428186,0.292139949051481,0.154011215714655,-0.0350832672320612,0.196644494186986,0.00224650404875767,0.500450316467481,-0.0197263853292771,0.195839494392078,0.16739425040315,0.033864565408046,-0.125630936544492,0.205713336559353,0.208535851004044,0.0170520002918371,0.265929909632197,0.236793227848958,-0.0129550092099207,0.144277672162401,0.213884801818389,0.0351311157022625,0.444959302468752,0.172118583196919,0.179986717894458,0.327660464112146,0.0926619631968581,0.0169365308516342,0.162900767631788,0.837139975256904,0.281403305207652,0.0700988550506115,0.424192290402314,0.0432369584324744,0.310009490079627,0.165545478123878,0.0278823510665433,0.0667114556246294,0.344635817670258,0.177635095917204,0.100612141958098,0.193134805718107,0.302980904322076,0.137120437704077,0.106380956623396,0.152118449837742,0.0697854807616535,0.360926085334326,0.133217679715739,0.127633039881876,0.470847215696535,0.585739088726218,0.280245850454366,0.482792198803988,0.0102825935951071,-0.0149903526853298,-0.0586671159361235,0.25687086822955,0.268915867653513,0.0335357237594521,0.352066535436601,0.0533385785231883,0.634707276800497,0.224303416479941,0.124775202469591,0.261215606335606,-0.18576364715923,0.304406775186621,0.277468939853337,0.172686673453719,0.135219717526929,0.0794578306695903,0.437283096243674,-0.0273459439121725,0.0581602129705856,0.0697337892770269,0.198399181654797,0.471859228870623,0.258427711431,-0.144500821928091,0.188929353772669,0.438454408389924,0.0109895018119287,0.0390683294363629,0.325040073352681,0.107053535512916,0.0372141269058944,0.107289346730567,0.207790750912314,0.126382319261508,0.353534826151414,0.31783656794346,0.29134959183877,0.473787982389388,0.0156020249540597,-0.0182400898077805,0.229160023672418,0.0634428395706279,0.257189398485862,0.550679731343286,-0.0342250641411834,0.597117332052149,0.507363566178337,0.0807472248706453,-0.0800750122440182,0.165527076095895,-0.0509879615216431,-0.00291469480385341,0.106196934300962,0.255463142211158,0.611215333100243,0.363180553003321,0.217786608746411,0.213553710109347,0.111846375577147,0.12651447531295,0.345619628008711,0.300765292313851,0.206341312087754,-0.0257688876224909,0.256102895677101,0.0100183381974382,0.257928996353928,0.265761684702751,0.142970663392777,0.138441183767514,0.305479382018482,0.252841626961821,0.476939704953712,0.0496197080065409,0.414503261638295,0.308404119007941,0.228601130569819,0.185355756351539,0.212234884605838,0.54380587216916,0.409156344024567,0.419620431447298,0.284652544527194,0.291907032621785,0.221320489231188,-0.171791586267409,0.372259580381896,0.390591151349797,0.3612285835239,0.232464413136844,0.307422387834251,-0.00117813070105197,0.338380428428554,0.254532077226985,0.494450788791286,0.257398017928077,0.128177391619754,0.507696350694062,0.158071350926687,0.613760905188915,0.136277011859839,0.494156517732407,0.289041832089379,0.372009707574529,0.197180045912125,0.120629572317935,0.416901479905253,0.440226859336885,0.0316403454951179,0.284223784308252,0.262566764890238,0.452524184436114,0.739106499270024,0.431719026303692,0.257581749174496,0.307009008105948,0.755837964562801,0.32088306538305,0.464673762769313,0.332047011849013,-0.0820229619713167,0.277598600343184,0.260150759686599,0.433832045161093,0.514697794851532,0.159342832250143,0.286336168930031,0.343985035680384,0.21992032010827,0.273450101482957,0.439554286440296,0.398028616658255,0.267918177039142,0.13473666635373,0.386808561999614,0.36101188062538,0.368015147937212,0.305138516839082,0.147795918847448,0.205447705207265,0.214911504216904,0.20774549949357,0.402879492899797,0.455456003265166,0.418090522928203,-0.140453373799352,-0.113051313764352,0.166377183253791,0.313609605742553,-0.0966016358938769,0.301189065749168,0.522342980860485,0.123388100425315,0.473547964576838,0.2030381918751,0.450525801296687,0.269250513116309,0.41231869946344,0.0795595207487889,1,0.232546355708912,NA,0.189630562303667,0.0626332934769534,0.444381821822964,0.00386020383663889,0.294777567385123,0.53314809065169
"ROI271",-0.0879106714852389,0.2470270043319,-0.0997511272882099,0.211790517408225,0.0124289560056817,0.349263442425988,0.115490794306893,0.0680505148702663,-0.030360242264662,0.15796311694285,-0.0457058299726133,0.0105045905065473,-0.247370492856808,-0.125178568551616,0.220814824236591,0.0549301140420074,-0.0603608284934937,0.169894792156859,-0.0144293923285627,-0.140202430775688,0.336739821510326,0.507433600476383,0.221060193812475,0.380623603180145,0.0324922715071303,0.368839193235426,-0.07811000673535,0.222558441530275,0.0552034524925064,-0.0665275529490981,-0.0734029692360867,0.0630511431930076,0.345816573159678,0.313883643582911,0.271232503351373,0.0568582962082134,0.28609413994346,0.262166231898804,-0.0332500305556321,0.18116426631319,-0.0972173470364012,0.1474218729813,0.0775098001410413,0.379877294353807,0.091949902443134,0.34267138185362,0.200837839144776,0.222424456809543,0.00375693293124959,0.268841006306114,0.358355052750958,-0.0173612654778895,0.0950872800726994,0.362831869816331,0.0556856271556988,0.271346046856774,-0.00409711809533164,-0.0479611035313896,-0.20972953361206,-0.0237109296904847,0.0314151990116413,0.430946581313997,-0.100433946720061,-0.211664274949539,0.68884572279148,0.28688419970382,-0.0838106089513814,0.0380040771575404,0.484890816407113,0.269208396079725,0.0739054234062569,0.35460093426256,0.079256206495884,0.368075225470138,0.149265262054045,-0.00530192665275747,0.356968011219831,0.454964598394838,0.0672177491484754,-0.0508466837030793,0.533762363927267,-0.135063084379487,0.0751686295819277,0.264387684571193,-0.0625569459515732,0.326930268522044,0.237998760245225,-0.18457334829271,0.385680138576283,0.0213487916631058,0.203631906503048,0.0499194580504148,0.0905113858934421,0.19113785445609,0.0119022659879748,0.212143000400257,0.0186177907502747,0.0372970061182441,0.202513907330042,-0.0709809271757975,-0.106084611708179,0.266421159125303,0.340020777720407,0.125667325682456,0.116683216694181,0.127378051775678,0.240608119216929,0.122385366922177,0.000511124760930745,0.29888550232623,-0.0273956328181608,0.0918859705467756,-0.111272156466438,0.248433721549724,0.184162660247473,-0.145601753950857,0.0721113894051985,-0.00331168219964842,0.82091174299598,0.0881498255681507,0.0807165797249913,0.331626017052305,0.499262154538627,0.0703944003054308,0.144448543245754,0.217659703424459,0.0734919396942873,0.0871675044636663,0.172650303989054,0.234821685583339,0.527213848938652,0.178224295201369,0.218526737205558,0.213590664428554,0.193239524490671,0.112521354644629,0.0993494660044069,-0.0755741074704722,0.0201380715190431,-0.130260971729783,0.0233598844134302,0.0333057224370841,0.0153555609794386,0.0609896360655944,0.393193143697926,0.0534826996987691,0.333274505495334,0.0712720598404016,0.0219862997006459,0.235360116324177,0.394062361560027,0.283988286330452,0.15236136495765,0.274730814052965,0.0977653272578547,0.0727752385958269,0.109508282154889,-0.022330122531898,0.0143102833606957,0.177426747258945,0.126041230434562,0.0666025422415573,0.406332791039686,0.191319384946943,0.0946548800027666,0.0512284613985988,0.176338095199496,0.0801667359652668,-0.00802168824301701,0.177179460188851,0.512856443496238,0.138515387139704,-0.0495312302813771,-0.00468946975564175,0.0900519670170552,0.11099849719006,0.15722286853444,0.0543341987079629,0.27604435745351,0.181544349373443,0.563108885915456,0.375087334285695,0.208116064684906,-0.051442340404498,0.153432060465625,0.538392379461372,0.24571332495465,0.580293878044259,0.589453690690456,0.253118077054297,0.168582738481391,0.610969650122911,0.257005430595966,0.490779148636376,-0.0874186655086021,-0.0892540930200735,0.266941765986952,0.551621161675724,0.235159772743305,0.351197014458098,0.2370194829173,-0.0350066806813966,-0.0164783323051114,0.375336088614662,0.0364016033464969,-0.0364854010185407,0.132178890863713,0.201911989949985,0.0110136482154808,0.514939679274246,0.0150418117118893,0.553474782456255,0.255312728920819,0.14950643275467,0.512790584329469,0.088037692125836,0.189719520547294,0.238525982490735,0.0977318308869257,0.132705203040983,0.304936862707,0.0848490375437063,0.107979607179892,0.194818632357227,0.627206249409595,0.491410681708361,0.204014403261881,0.518999366038368,0.416694313896035,0.153451608525361,-0.0938735084907938,0.0437502803800833,0.255351781458302,0.5055891539864,0.206413966131329,0.105921149145752,0.181577196745104,0.550476828196784,0.042646832913536,-0.145081432513664,0.142281496676669,0.0224398059924411,0.087436096053265,0.343863331873778,0.00779802863755299,-0.0046861306821411,0.156789594129988,0.564511792447235,0.220394166998111,0.2751526405791,0.350334715163805,0.122608655221545,0.217446521324429,0.19034774044385,0.0982160939900944,-0.0395316224108726,0.0901464097919736,0.434347721190819,0.312129609297809,-0.00694409980191484,0.0394414348460795,0.139280267798356,0.188193702403536,0.237522297403009,0.392665917915732,0.222897493495983,0.54516075644848,0.102250519571508,-0.118854512018898,0.232546355708912,1,NA,0.161998904233836,-0.0911022511606617,0.301208482410896,-0.104498661790575,-0.0119045014369131,0.182351195542089
"ROI272",NA,NA,NA,NA,NA,NA,NA,NA,NA,NA,NA,NA,NA,NA,NA,NA,NA,NA,NA,NA,NA,NA,NA,NA,NA,NA,NA,NA,NA,NA,NA,NA,NA,NA,NA,NA,NA,NA,NA,NA,NA,NA,NA,NA,NA,NA,NA,NA,NA,NA,NA,NA,NA,NA,NA,NA,NA,NA,NA,NA,NA,NA,NA,NA,NA,NA,NA,NA,NA,NA,NA,NA,NA,NA,NA,NA,NA,NA,NA,NA,NA,NA,NA,NA,NA,NA,NA,NA,NA,NA,NA,NA,NA,NA,NA,NA,NA,NA,NA,NA,NA,NA,NA,NA,NA,NA,NA,NA,NA,NA,NA,NA,NA,NA,NA,NA,NA,NA,NA,NA,NA,NA,NA,NA,NA,NA,NA,NA,NA,NA,NA,NA,NA,NA,NA,NA,NA,NA,NA,NA,NA,NA,NA,NA,NA,NA,NA,NA,NA,NA,NA,NA,NA,NA,NA,NA,NA,NA,NA,NA,NA,NA,NA,NA,NA,NA,NA,NA,NA,NA,NA,NA,NA,NA,NA,NA,NA,NA,NA,NA,NA,NA,NA,NA,NA,NA,NA,NA,NA,NA,NA,NA,NA,NA,NA,NA,NA,NA,NA,NA,NA,NA,NA,NA,NA,NA,NA,NA,NA,NA,NA,NA,NA,NA,NA,NA,NA,NA,NA,NA,NA,NA,NA,NA,NA,NA,NA,NA,NA,NA,NA,NA,NA,NA,NA,NA,NA,NA,NA,NA,NA,NA,NA,NA,NA,NA,NA,NA,NA,NA,NA,NA,NA,NA,NA,NA,NA,NA,NA,NA,NA,NA,NA,NA,NA,NA,NA,NA,NA,NA,NA,1,NA,NA,NA,NA,NA,NA
"ROI273",0.165401305291309,0.00354933483491646,0.116928900033387,0.134628440641783,0.321031903599169,0.212797488226444,0.059809817747656,0.326894818394268,0.266365475691138,0.0925735547859361,0.306861097829905,0.183792950363856,-0.0566363587612571,0.1696031586798,0.231112158430514,0.117440714356903,0.238966715665227,0.203760793559066,0.249406559183823,0.251465602983099,0.0701718974279168,0.100978961415187,0.289762641541184,0.0928284597191552,0.34863083000205,0.0774102429733461,0.311694314526592,0.18691125952135,0.216998312768284,0.207516719838313,0.0528373899884648,0.0900257882923124,0.12663398560916,0.122574375395967,0.184745322684968,0.288293634095357,0.183478250802304,0.136020721756499,0.257047394898305,0.187370279656044,0.249636353614192,0.299993297889455,0.020285240589487,0.173336406184009,0.210480730857517,0.139672864862149,0.076483128861652,0.18299092006502,0.154588465854219,0.173613833248867,0.224290851539153,0.473656612841663,0.247618840569799,0.294493039888226,0.269569393506299,0.143629289890752,0.338845148729347,0.301953787457329,0.16732060754824,0.155651227383448,0.145405306155135,0.176380697575886,0.187524426737218,0.210465253692034,0.0346703744465096,-0.00729140037257651,0.315075884563306,0.0785365285936901,0.156155678280491,0.0821874858122095,0.286155984683477,0.108529226769629,0.16714673117495,0.229603023455548,0.0806147875189976,-0.0498048166423849,0.202483589874824,-0.0558108763477423,0.0778446663121036,0.242813572588578,0.229918416518095,0.0873966935620623,0.092971753622434,0.17438478270493,0.248156866441877,0.136171348009121,0.243531621947151,0.239327989462898,0.057523459451651,0.14426965924949,0.246493767866425,0.1950280611539,0.17792724461326,0.114641475634033,0.20825905009859,0.244712359965226,0.150390646009013,0.0733693898429483,0.0885525688598687,0.253430443158359,0.252387314921939,0.27428624398872,0.0307727880327059,0.274103151678826,0.149439173987065,0.252397455823018,0.0945160799432649,0.177779888393916,0.167208671178794,0.169746737992497,-0.0618715727588951,0.190935777597698,0.123235783100836,0.157411829388877,0.23730084680435,0.209035245192173,0.147169328469024,0.320286795134979,0.150564328661364,0.375595691582709,0.214937539032924,0.13614808641797,0.111438873628956,0.165659114866014,0.10827130571838,0.0792518782371674,0.13218988692404,0.171595405822222,0.128857753793037,0.122616539061049,0.086415027327719,0.196286759937357,0.126651014895202,0.0998891314519615,0.118476849683265,0.219964152343489,0.201400666855636,0.256902120464291,0.0561469538154361,0.321100984334679,0.117843627558677,-0.0484897864159062,0.247724695328621,0.269859264626118,0.0871261000888152,0.311240836346895,0.248941713264132,0.179726511176687,0.28437916894442,0.159659818506134,0.215151105546415,0.096671611833446,0.187908214008181,0.100116899132088,0.39211786405638,0.190434145544348,0.310006989181537,0.172319251478114,0.0190408699274455,0.248277476058689,0.275066812299504,0.161479026249895,0.261029183815506,0.388611267672858,0.101744930198159,0.332053352263868,0.337388711107812,0.109831710279067,0.351909242916326,0.188547352097817,0.130001866549713,0.334632040635028,0.354556533876633,-0.0101392389393096,-0.0170242483015469,0.0233053039666159,0.292886198045188,0.183570756117039,0.235758654315982,0.365101975009871,0.112278671231455,0.30207272109494,0.233082254763494,0.192684137687593,0.232124668542484,0.151862023930958,0.20376310020487,0.0308734733155424,0.108050898697107,0.149262197357352,0.331772834408046,0.0751518898915341,0.284065568514677,0.130649493717909,0.361945835822014,-0.117212343608973,0.259171042906802,0.202042221495231,0.300139284391167,0.267738575879641,0.132590972677023,0.095294477935459,0.278781890691331,0.164052105768332,0.177604325720171,0.248634373218818,0.249614507109143,0.137553378715418,0.236276889294044,0.226303813643633,0.192502316001802,0.172137387858508,0.255255902448525,0.237754490820209,0.0805173054404648,0.241657705327732,0.17917655664518,0.183898369850394,0.0586952244822452,0.0153045432373595,0.216563152556184,0.323266655843179,0.18773078313384,0.21959271930919,0.335865159395762,0.246682743096941,0.194441301033713,0.128900100854415,0.171380942705766,0.31027401607186,0.0426176021872871,0.229907956588167,0.346620667311919,0.119141913925343,0.277365981120565,0.183773159371649,0.117352217924597,0.151690507142995,0.289118309013575,0.240542072992056,0.128632996895779,0.303484061301144,0.151562374691869,0.0536014736766047,0.275182118604195,0.250828612527166,0.273699753485316,0.144738789441103,0.0842440790647816,0.190648631634229,0.241341962699554,0.128597636229365,0.100757662071626,0.266039971432699,0.309774645431429,0.102484754785645,0.18396929171584,0.118700559599846,0.251784060362232,0.439842283286321,0.199934523866147,0.218654302968216,0.275944709209671,0.303245485819671,0.007925979617337,0.151739985826732,0.207014156526449,0.240625182112374,0.284979936219898,0.189630562303667,0.161998904233836,NA,1,0.172032066804936,0.250263393326021,0.36617274695172,0.185301746637613,0.200882484742705
"ROI274",0.0851105775346883,0.297066061160902,0.765688608185852,0.0832943791517959,0.0340093260449856,0.180786408759999,0.00951366411246282,0.13060917158878,0.237084865153669,0.356952111831495,0.157992311468152,0.226224570823926,0.149596915965504,0.15377779267584,0.223562048429305,0.283717984269578,0.379934178338424,0.225417254255002,0.228322033231531,0.413963063820375,0.19882660854175,-0.195934295798654,0.0499914393015637,0.284194253155454,0.0429978278603527,-0.0107430857893879,0.27947170915926,0.112876205383559,0.247241071377981,0.135033418380118,-0.00965936933751659,0.327334000561145,0.0884115054839038,0.0888585148512389,0.192152427434518,0.371982418695818,0.292437533950827,0.109859331174755,0.321893517420788,0.370555075197217,0.236135859426447,0.0824408041682715,0.196922308772303,0.0988927341301892,0.329099786625489,0.332894390328433,0.256624574272625,0.243440989290706,0.252825702412981,0.137679514044821,0.269742519543782,0.235929963109261,0.0892620179295451,0.221242328152508,0.392655034064977,0.14478771182582,0.148563451352693,0.217133483748951,0.307803490869878,0.321673615044196,0.10035564983476,0.158992112693234,0.278666346483189,0.174649650327576,-0.579234994894658,0.144036835037726,0.306508047684489,0.00507764266275799,0.252325635282363,-0.44567755475753,0.272529168736516,0.20933434367914,0.255585060263938,-0.00290009269388374,0.396372554905188,-0.120642014965776,0.00267549056879349,0.044760739726672,0.29189056237071,0.203568799054552,0.0508109603307462,0.213854511692054,0.104887282114589,0.136682255052647,0.126703697977508,0.174919114776681,0.0692049135398946,0.230733842523276,-0.160704374295997,0.100034134115639,0.351592346708887,0.359797225516362,0.238305843978557,0.434541645917194,0.407593446394461,0.00889650335108944,0.0898249968720601,0.0811082884758633,0.0386834603781802,0.385428777788705,0.367339569548906,0.117901291062991,0.264770585327169,0.307536199503145,0.21320616103005,0.13968612010295,0.195287247052749,0.124984544486989,0.195371151473057,0.235376513527371,0.328986427477738,0.166399652922716,0.13561748378546,0.0347385503242797,0.263521181229781,0.234872072364116,0.103318309912657,0.376538118625483,-0.364386974576842,0.213064364800345,-0.0103499903300963,0.35757443527245,-0.0873385325753088,0.336516781518148,0.320041633001974,0.136104668923091,0.0167836893707333,-0.00345664183729419,0.076268130015576,0.342629141589497,0.107844563059517,0.231141198704244,-0.0986330108214991,0.114114378252162,0.351339812864277,0.221062080633093,0.469681874618608,0.375951672961111,0.20395657049783,0.414803902969542,0.13779849514472,-0.104170769326527,0.316336567812879,0.222023807690143,0.220314728755655,0.42224204813043,0.348181494510285,0.251607697211464,0.185976890266007,-0.0288879688313935,0.221773347026174,0.221058954650825,0.112040717139623,0.185697074404254,0.177151352379831,0.0646659364280065,0.222327332990647,0.0613598819668996,0.127161751678315,0.390752137073278,0.24079350376204,0.175806709960575,0.175229424879578,0.392586274682698,0.00674973462669517,0.287448478728945,0.109759904709422,0.0916012977412092,0.368338791596323,0.566223752175145,0.251259808592648,0.251451821008099,0.139331924129551,-0.0592032493004809,0.0740888610814937,-0.104205315593097,0.258843724524994,0.162614811057583,0.374142810284613,0.405150073048667,-0.0399648103019843,0.520066347655112,0.28258756763561,0.200201673957934,0.245107473278592,0.252025643766971,0.344101562024404,0.201164978477136,0.281899829433828,0.263734706361708,0.260155133406239,0.197701260688372,0.378116865667188,0.331988064735273,0.245397886971956,-0.0144444485121919,0.261027854994727,0.015635964578,0.0812229861696392,0.634065706124872,0.340953448681796,0.156521185704478,0.120106523886947,0.32317508614849,0.151145244610374,0.146388995912372,0.060296872886737,0.147587204188507,0.203488622605571,0.177468297392809,0.36635562916194,0.154253155178452,0.116886204305451,0.392106520036644,0.207586625378168,0.364500745248028,0.195402253302366,0.205176376624742,-0.029417792404832,0.159825363261928,0.435643286213693,0.298975845599721,0.286684299441897,0.324017493382201,0.476391209196775,0.322565628941477,0.103493713703815,0.214806055692986,0.268709959702737,0.415658528219049,0.199345507226813,0.278291143893608,0.215349622044574,0.0934316544721637,0.1805493398358,0.133150044014324,0.202501854081473,0.0552141306517938,0.377525411628784,0.165941922803416,0.409357318510077,0.122051219716158,0.17825994993282,-0.0531588198171666,0.274366955313955,0.280530190516679,0.230378647712961,0.29519901620227,0.296983901570567,0.250876967240717,0.303640864081843,0.105105126957854,0.155091033265055,0.0856645938304411,0.306983298784942,0.246067063950135,0.21028649496194,0.297779390042142,0.445598580024768,0.161357043631609,0.223483701432362,0.282079420025646,0.0810066897822894,0.0791068933157107,-0.37257828870168,0.0889156190400174,0.387060638232582,0.22980327107355,0.214968728856307,0.0626332934769534,-0.0911022511606617,NA,0.172032066804936,1,0.502599011505051,0.306609665196703,0.143673041491524,0.261162321783927
"ROI275",0.104012422299783,0.197625063550262,0.39344430095821,0.43331485470223,0.238004685049229,0.278163941721589,0.313542626440269,0.468717676692743,0.460035802635739,0.343974219069369,0.107314859889457,0.343463605098518,0.077746664195023,0.113124344838026,0.567981201000223,0.246209258168548,0.486038290597745,0.499084186101926,0.0708439989078004,0.283940401060347,0.292979515048521,0.125006104145275,0.434362265081755,0.387351598146972,0.115774668071967,0.31613315126046,0.387250482557307,0.425192475241542,0.570823032669953,0.0753893390515514,0.150340225866862,0.467579021653819,0.210309819470394,0.44596958841356,0.366481338504825,0.630113794099825,0.351660358640334,0.164538563167476,0.655029737723202,0.595219570215313,0.488619105860912,0.487335096227389,0.0946042490269438,0.426117956367794,0.545468160643138,0.233480412903752,0.249552192768156,0.691812877385168,0.311997793083614,0.409807612645054,0.423740206232317,0.107493035513871,0.44124896213872,0.294600372911645,0.636594291075939,0.451892396790346,0.351943783012446,0.321889939750691,0.233281856345507,0.473327120965749,0.131747360024284,0.353070868138551,0.273246750813805,0.246360288683365,-0.0793554349088894,0.105240677976501,0.174867128483722,0.0543157772090937,0.271008135758496,0.016480665066687,0.407969233720182,0.253497126307102,0.185759636624196,0.143360722717944,0.459560709713816,-0.0456815627283459,0.327514514362799,0.135520941622767,0.366557533293589,0.463181123215209,0.210437761229699,0.177371694332374,0.271990576391656,0.53858197169956,0.308006648538865,0.18885707365046,0.367740452264026,0.188689346002159,0.187917745920168,0.149267049334003,0.304854119253638,0.256868967773209,0.45974880646078,0.349530403101939,0.467972916750977,0.12980435709602,0.266854793325106,0.274452989825797,0.203387976794055,0.377932458040715,0.389960116120566,0.324885635292523,0.156135291722855,0.360158728306952,0.460942194654024,0.556467393393561,0.313402200885121,0.457170454233948,0.269794243695497,0.184178783044797,0.116222033178474,0.337947944624343,0.288594878968098,0.117547433873193,0.473636227642996,0.304562366119425,0.455960110894894,0.461962185796283,0.0683030954477701,0.333067073847912,-0.189738911873649,0.428891010400403,0.13869852610169,0.498720739353267,0.322916674222284,0.140485566406912,0.31466675863294,-0.0731419213921543,0.0661716633599535,0.393572781807902,0.162192762738469,0.694457956522897,0.249118708622061,0.114206050473736,0.463466673896798,0.52238206550014,0.278423358012131,0.327608153197871,0.360407142239857,0.38979434876383,0.109185698954379,0.00778459849756964,0.469616229497824,0.268298858412914,0.352933274922877,0.678373886662335,0.495056236020717,0.446359932505523,0.173805473041015,0.00274574965391789,0.40148904068428,0.103012000237922,0.33041389871727,0.499681756241482,0.147530859824075,0.425930233910617,0.578964314491723,0.231749263855289,0.217930959640877,0.547497593482173,0.286816544272085,0.146257568191114,0.318751654655693,0.533152848244246,0.293767700907746,0.514125775796046,0.346717348410729,0.164821581505303,0.418629146158126,0.453704774256566,0.58776041015206,0.431320566043968,0.281384848842115,0.0352538914284059,0.168754543808064,-0.113586257478655,0.534195593825319,0.301321884580755,0.399050856766802,0.431218534843792,0.311080712727601,0.465924256921507,0.620118716378383,0.0740652259313695,0.593429311136842,0.415918403752139,0.3379100327263,0.275891092120553,0.34574482358946,0.714401543009804,0.62493802392238,0.397525941195875,0.418099993873585,0.382132303030575,0.387679657504366,-0.20574548685366,0.573661158962651,0.305830407704002,0.372844742523583,0.594084688117837,0.370646467566924,0.11184483519258,0.446506505906738,0.445503539772326,0.453018421064383,0.299957528698076,0.301748327793112,0.524541693511412,0.292559582777071,0.544859702217449,0.310212899189797,0.427662044183022,0.4592313944772,0.8182588612539,0.287144138751075,0.373528816393308,0.459377367135925,0.529809967141708,-0.0189666934264375,0.230998199398138,0.454666490316177,0.650379448015944,0.578387503585385,0.768993639975501,0.566690893848568,0.485250046877669,0.500011668500076,0.357515022880844,0.599272242847085,0.637762591173249,0.180446807653931,0.638190198008043,0.408176538478794,0.459433695136407,0.530829609995978,0.151405678578643,0.380565730909428,0.253476612342201,0.397453865870727,0.430540818847127,0.663986269830933,0.39477070605198,0.41945285240891,0.124428819924436,0.536700712188985,0.475390450402115,0.481907865706622,0.314800410836557,0.331033617280542,0.614726225978284,0.538939797633362,0.30794193704794,0.433750104000264,0.355035861061988,0.533841210604043,0.0940832068373337,0.0464541231005647,0.308019145393657,0.450491860783132,0.135202885623538,0.333719398727109,0.545317413725449,0.172581002493372,0.392148720497357,0.096188606052077,0.396578571621319,0.461016497263708,0.497635283522438,0.277625079126245,0.444381821822964,0.301208482410896,NA,0.250263393326021,0.502599011505051,1,0.222909853259106,0.304487323601681,0.579845725697431
"ROI276",0.267367232459406,0.0310552288707339,0.157587089501356,-0.0622499888524152,0.287257175562337,0.206727483624287,-0.14677663307569,0.292483682938019,0.331514736878251,0.153240736504987,0.375610848712766,0.197492341174232,-0.0399435565378969,0.169148992491866,0.170707094487067,0.499560746149549,0.473473202784758,0.162976127073541,0.161110043863173,0.526457131376902,-0.0655730936288282,0.0933630566652604,0.129239034162526,-0.0674988503154298,0.215774591286487,-0.00893455717934774,0.593536558574781,0.0149087271734317,0.1190975651328,0.0425235691932912,0.0361215756786656,0.0251108746281162,0.0994820793142362,-0.125994235133012,0.234774351619835,0.395544420085058,0.0546576087769081,-0.102314557023537,0.315169823846923,0.158362872943579,0.481573918290453,0.195597395880729,0.178121672184075,0.00299919447198641,0.249636591695915,0.123949042605334,0.311858179758207,0.0567834057485469,0.246719799536265,0.0823905450240387,0.131074600825631,0.553208491102422,0.209873394520497,0.268350768669609,0.401519040076041,0.148368631154429,0.207682317700073,0.249565997868816,0.588982748297131,0.228459306730121,0.348484889167875,0.000540039604566828,0.336814751961203,0.459477456026448,-0.295761084378406,-0.018025098598438,0.777724616689342,0.0514528442716227,-0.0447700578595768,0.0591395075291779,0.396765202954309,0.010085820722105,0.28450014812939,0.221590174513494,0.266232385236154,0.00410117587070062,-0.108796630670795,-0.250462725061874,0.0526043313094454,0.153894299200216,-0.0176106644330013,0.571193739164132,0.403453637341263,0.134092290397793,0.305008256302341,0.128488129505855,0.294434504879085,0.623397274130342,-0.0790097636527741,0.311721055274888,0.191694083974549,0.486857374297448,0.161312223284162,0.330559088959757,0.458115419268723,0.160543829007979,0.18864207983457,0.226943754207414,0.22692158843143,0.630899299880842,0.475947337131778,0.225254180678791,-0.04501666157092,0.141214936299098,0.0143795367182499,0.148016554893675,0.138612312797366,0.142924695743239,0.289989186967697,0.0922776266920415,0.374991072267983,0.175482853740486,-0.00157439881249507,0.0463713537530394,0.33463444120965,0.246433405056848,0.280290074611384,0.333526403450132,-0.172874555233805,0.211008933314005,0.053834122419616,0.135113766919344,-0.120970517894315,0.146383609613853,0.275334461252601,0.127377501192259,0.209787724433857,0.272501732111259,0.094931318726388,0.063405430389387,-0.0936393549738242,0.234143176376344,0.205159534600517,0.297035507492839,0.134976227196027,0.267816306025937,0.397614267732164,0.461149195197412,0.125153143959426,0.709322445392695,0.20460946334519,0.0121394598491443,0.481064211423512,0.237632503984934,-0.0459206062538507,0.490912999740072,0.155434876517395,0.0931129041676546,0.529034599364415,-0.0401132057385545,0.0217641441283713,0.310457287409674,0.0437743193820086,-0.039046601205508,0.251752732297872,0.213226575273113,0.259044006820137,0.17498974002248,0.303301106634126,0.505019130332299,0.491546530900466,0.431813099957191,0.330959618827929,0.474859181300728,0.0685655637882911,0.475054907418132,0.321178104618132,0.0916747511047047,0.417545639451068,0.202373684692287,-0.142792254141875,0.478808136379956,0.667462170051709,0.00831571121878116,-0.0150936132443219,-0.112657467684329,0.372911980283884,0.158543149092061,0.448966745618478,0.526051415714619,-0.129645058671411,0.157648860778008,0.150816480034648,0.221376805864278,0.125170870856673,-0.189402225820601,0.330761076227461,-0.0870065174112751,-0.0839509555996365,0.213434090011236,0.23473640817498,-0.21835813255448,0.400712480686246,0.0766721681745506,0.500964161709027,-0.211888224541753,0.101065408001091,-0.0284645842153369,0.153567935876859,0.193762201292379,0.259485091326212,0.360391244339119,0.440559722707629,0.290282186963594,0.26714075966812,0.367770819891685,0.362567168575672,0.17046599038351,0.44443375051086,-0.0642792298601964,0.225752126956075,-0.0955039644304383,0.18930392092466,0.246293806028747,-0.0031869510351855,0.443059139942558,0.0752196834054688,0.22931578512828,0.167313743634348,0.0295624758098184,0.427445578028135,0.277893992616968,0.293766083084629,0.292137339949022,0.109696525288852,0.100495164133662,0.144882865256485,-0.199407909904374,0.0814435080164874,0.483224408724909,0.183591728983977,0.438152936545269,0.192299858748106,-0.191896456878862,0.16167677405218,0.169222283282669,0.305150499642396,-0.0262781980049531,0.331869977714747,0.254062230449492,0.287313459523135,0.294300087521663,0.201864658325069,-0.0339234820929708,0.2543020750466,0.310095506482825,0.209786205910188,-0.109998027163842,0.302764583813895,0.166731644945929,0.158726846060768,0.180358880605484,-0.0582867392568249,0.110699927080884,0.299975426013468,0.270958536281805,0.0871099170192599,0.0616680567022837,0.229230913125272,0.432244763542641,0.0976515727043892,0.0810259264247852,0.00966333517627618,0.265072650470349,-0.0113971663240358,-0.165552338410707,-0.0163957291362267,0.234171912677871,0.623925046750302,0.00386020383663889,-0.104498661790575,NA,0.36617274695172,0.306609665196703,0.222909853259106,1,0.282919093063546,0.0659741133600304
"ROI277",0.530167212482087,-0.140369349597708,0.0948412574559242,0.430240581113336,0.632890776354504,-0.0622636357290558,0.42432949018978,0.587918060156598,0.40059740668075,0.146509550973754,0.148010704362514,0.210278253468421,0.140604524111118,0.237391983202085,0.563449791619032,0.010682894634283,0.567477564863327,0.495004684245407,0.0550989251236714,0.217840801631489,-0.0457879240606207,-0.0355079564902594,0.342137713081762,-0.0472075388323087,0.0654122995812185,0.185669192861488,0.576159507713857,0.538988532071781,0.467906888747623,-0.00109240655307027,0.109485441998857,0.446465975901378,-0.0742185193727255,0.448944265411517,0.0467612700739769,0.271418326902422,0.0427651027605322,-0.147334706390964,0.314976977990007,0.0532084844763189,0.414620560613879,0.309697688407726,0.0925310850282217,0.225042976815775,0.556399452909861,-0.241436972937964,-0.124961420440815,0.297880461766027,0.292786008328134,0.487129970245153,0.164696107541759,0.19535764162496,0.449999542945206,0.0628573318369585,0.451730129257084,0.472917027825228,0.53927416432592,0.304730915325375,0.590698503218154,0.207828399338288,-0.0462227652985704,0.104368692296815,0.256983664841697,0.705239503397296,-0.0772697468660613,-0.210732160632287,0.176966530464521,0.12635313866164,-0.0486203772931959,0.179028518480809,0.586152110870791,-0.170087858342528,-0.175395682011602,-0.0279959086179324,0.17021968115981,0.0692758217296697,0.0560647638652415,-0.211213595096911,0.00434372095523139,0.381600167323372,-0.1036151621691,0.417423126164853,0.500684777284315,0.274584087816069,0.749930036089852,-0.16668975047185,0.23260029755383,0.300764352131447,0.171941335118205,0.210524763883171,0.18772404297506,0.133119464440512,0.590052699262436,-0.0605452451124513,0.198457511780622,0.0519045306177576,0.229653398812429,0.361568533808666,0.276488320867338,0.238579876321067,0.225185802670695,0.185049103483407,-0.0213652377923502,0.0734720154200507,0.570923354213807,0.287639885867583,0.020222633147684,0.28728102848798,-0.0127439553000133,-0.201187223626917,-0.0368325334124794,0.271473734654829,0.312671552816282,-0.0981296249083224,0.431825664536047,0.284059516634247,0.403956196061189,0.325649362652262,-0.114098800592586,0.214668651391761,-0.102446165408065,-0.00376289603634271,0.0412686489731074,0.138395438886722,-0.0428547878480065,-0.162443928354034,0.210895264704263,0.172520851450659,0.0318312618567202,-0.0655309062632983,-0.196654822219172,0.327419633851666,0.343054408383992,-0.0714467627428806,-0.00468135536538354,0.308989100166535,0.0167409438052866,0.248761344731278,0.610839378125544,0.395868250247933,0.0252410774274457,-0.0256630818006134,0.215316929660618,0.157816859104408,0.0305249677755538,0.39544311532668,-0.00246040273517863,0.615433596643495,0.371460766723481,-0.249029500481875,0.0969495843813453,-0.143396335386403,0.20800435676095,0.47887617693758,0.0297631293974167,0.328823112437142,0.566422417114018,0.360605860888006,0.00369525134956032,0.123253118029426,0.279885836344786,-0.0653608593691958,0.0152243744090919,0.234156987013803,0.289820051042127,0.508258921841655,0.35459607695413,0.274448145156263,0.376602785426333,0.0597487016495553,0.125161861166181,0.630727374020342,0.557033576253475,0.00388624828301233,0.0440000835138457,-0.23550638549157,0.276931515796984,0.136717705369938,0.0620624477064693,0.243684332339419,0.157106042106668,0.196281950271934,0.572274153054165,0.156989337185537,0.246981931323505,-0.0291443074574348,0.133313344011821,-0.0686501551029262,-0.121989209790935,0.31101623198215,0.35975939949581,-0.0190775235893894,0.0177207799293702,-0.143486197034324,0.697994614820148,-0.356415170474941,0.286199320686227,0.133265052515327,0.33044856713804,0.152129334491198,0.00983219970935533,0.0439545891527486,0.538885950264092,0.0423371988682087,0.375250934143122,0.697983604105119,0.437156590601582,0.280561146324147,0.0934092800204281,0.259013819140788,0.0829879910262431,0.0900747606201562,0.363077214356098,0.233393025663197,-0.138668066338878,0.25726605935782,0.312682639733229,0.60726163151709,-0.161105581027509,0.117678183889646,0.0893220895942192,0.397360020256932,0.333838180583568,0.475580328971699,0.108389544063948,-0.0406115444481914,0.389476836182868,0.00892451861607198,0.232957348122391,0.449102913610993,0.0460674472360072,0.270184374425134,0.214710757084053,0.29467477563754,0.316884408620434,-0.0171274725211095,0.459258708244731,-0.0544429965563438,0.454193552476232,0.428429609247145,0.335208095426897,0.736683626822701,0.31427542743353,-0.0399400711427031,0.644892833413388,0.579045147401178,0.192379284169266,-0.12096110883233,-0.0476914907470384,0.0180923107274109,0.113522151282797,0.175403825022802,0.441772777420677,0.60273790754346,0.621780371689347,-0.120245066657525,-0.015015097687848,-0.190860095448917,0.1216358088656,0.152235146501162,0.143543087841487,0.688889519584534,-0.0539880426340299,0.683979402086451,-0.04380735112927,0.236541310114952,-0.0546985294005268,0.681355692359842,0.560153533431555,0.294777567385123,-0.0119045014369131,NA,0.185301746637613,0.143673041491524,0.304487323601681,0.282919093063546,1,0.581384385200406
"ROI278",0.297547865248173,-0.0152661525814991,0.22133338946065,0.637638421238311,0.406332084892575,0.077299740442247,0.560394450271016,0.52863685655487,0.321898593751037,0.297526982398099,-0.0283108630006781,0.210853644995597,0.102773518988516,0.111158056234972,0.685179179942722,-0.0696529141629657,0.488707239039954,0.656671241132182,0.105768654687228,0.109246208105189,0.0204400371119836,0.0991736246628132,0.454576403121246,0.122839867272912,0.0839256248207672,0.381714944667059,0.404761431943695,0.702292938544404,0.581449967505872,0.106931722252276,0.114156691062236,0.594826305371248,0.121510466548683,0.807547730347643,0.22270568262506,0.437227218336544,0.105420299121136,0.123954858059454,0.436221499090606,0.20699431736468,0.270726188692021,0.463997096518584,-0.0127389233356218,0.481431664361561,0.563255296868918,0.0355745174051359,-0.0668763227779132,0.509163057233862,0.21723917119302,0.609593274833567,0.298484955045222,0.042044792044123,0.512568211848851,0.102705973435423,0.591326264548802,0.551980893600141,0.428664622768217,0.31982428872666,0.327130087614296,0.29933066312478,-0.0847945536828836,0.344521229046086,0.162710528987579,0.380645995810293,-0.0572476385526744,-0.0471954595898834,-0.0025182993450741,0.0555544171963477,0.178421187999756,0.082395439133415,0.602148636285363,0.0208596940619832,-0.0967752363545513,0.0195977649260438,0.289130864296402,0.0591513218719523,0.42690684637551,0.0132879110855638,0.224390254007077,0.452356611050069,0.0393001964385947,0.184925037257816,0.375784980874736,0.48429404938705,0.545622083346933,0.0508725419027988,0.343199713721077,0.0762276236995611,0.341032105588409,0.129344436773799,0.188239302924861,0.0882058050220172,0.634494943161992,0.0729356448103635,0.251823538988698,0.0909032763241809,0.162282382888095,0.325589177645759,0.268860343484577,0.15932810382924,0.133030235525467,0.271445611674508,0.138171698523223,0.160436346016054,0.697132144673335,0.477020994853295,0.101326051790654,0.361706081762811,0.0836820057870193,0.0134953113120004,0.0153540295240152,0.395967040122273,0.255862293957847,-0.000672301550365552,0.477562610670222,0.302109458009412,0.444554333039932,0.313782287557936,-0.00347475786372648,0.272443855847263,-0.188209334044804,0.273635935200073,0.1557428246671,0.291506320074698,0.0289777414146045,0.0447566733542583,0.277363812409479,-0.0340590915795086,-0.00941631660225618,0.152085867125367,-0.0116704996806609,0.525215047632972,0.380825534152609,-0.0134881686040753,0.0822287859452464,0.455003230656337,0.0730341118101772,0.174998613519207,0.700699914262211,0.263623637418606,0.0875734136266198,0.030413907737328,0.328654955272697,0.173706184875654,0.344805395893013,0.358299311498963,0.340516580674316,0.632318969228752,0.169820277650405,-0.114762147181026,0.293970799170928,-0.0195475279514071,0.280503859438496,0.852264134175539,0.0529237833412971,0.423487468566164,0.591186263845475,0.198665306630897,0.0784138270590323,0.262425002290928,0.105779712000552,-0.0727283259426297,0.157989954051975,0.291211979706119,0.352768145434852,0.438605937496789,0.241979515476957,0.206227126782591,0.361535792972747,0.313772097464792,0.332877943940116,0.548992875119974,0.273600436641096,0.0480316566616779,0.147503908867563,-0.134821536695876,0.393491066535865,0.24127258294019,0.179468517996816,0.248986234917963,0.380505554089573,0.334649973313182,0.736652882324501,0.00812560835274908,0.494708942804678,0.225905246419979,0.221506856493633,0.190548924855387,0.253322505229309,0.462266245011915,0.504285415119685,0.321559039549041,0.173173551723171,0.181928800157956,0.427107425137781,-0.294804580336991,0.571393080677473,0.389024001508227,0.45625399020574,0.320620450833474,0.277742481374863,-0.0537146269676543,0.463306100642987,0.16986576743348,0.393461370672042,0.551245177289973,0.292721130111457,0.412647448430352,0.171684099034642,0.580713010385491,0.138235565029672,0.437857041497726,0.436051702955941,0.501180631381943,0.236585851761036,0.237253278297011,0.461685194242273,0.675806934147671,-0.0717981610405824,0.255600966588401,0.27987973877185,0.509409720659846,0.520907308834101,0.594148554194249,0.319141585255731,0.250416363193665,0.477974462874822,0.288676561363824,0.599328185135048,0.509504306615691,0.11690631237346,0.346355840250866,0.382431759210586,0.549422987836844,0.484775695821049,-0.0183186859523361,0.50230088197607,0.21587266814049,0.324381699226548,0.430017151312423,0.493407710756196,0.518347331861183,0.301247368351796,0.170833605969929,0.67071466230819,0.625316491250718,0.348470896248823,0.229014932237273,0.0033433558479582,0.334780517969005,0.258264223574762,0.175688723945633,0.622602996815772,0.581198913089329,0.4991592682658,-0.0991849440744683,-0.0295597062287036,0.0284639338028508,0.318441525226133,-0.00641948890787706,0.319058515836269,0.755537543223768,0.0328303354467876,0.578836453006102,0.113973641823462,0.583592163613634,0.274042308356432,0.637805663322095,0.323032764586471,0.53314809065169,0.182351195542089,NA,0.200882484742705,0.261162321783927,0.579845725697431,0.0659741133600304,0.581384385200406,1
